0 0.705833 0.456886 0.639167 0.454491 0.600833 0.458084 0.564167 0.456886 0.550000 0.459880 0.537500 0.473653 0.542500 0.497605 0.551667 0.515569 0.547500 0.532934 0.525000 0.556287 0.530000 0.567665 0.546667 0.576048 0.570833 0.582635 0.576667 0.590419 0.580833 0.677245 0.586667 0.698204 0.580000 0.720359 0.587500 0.751497 0.601667 0.761078 0.626667 0.763473 0.665833 0.761677 0.690833 0.723353 0.689167 0.673054 0.702500 0.659880 0.688333 0.653293 0.696667 0.634132 0.705833 0.623952 0.696667 0.614371 0.690000 0.592814 0.694167 0.583832 0.730833 0.570659 0.734167 0.556886 0.714167 0.535329 0.713333 0.527545 0.705000 0.517365 0.718333 0.501198 0.721667 0.475449 0.719167 0.465868
0 0.541667 0.420958 0.535833 0.426347 0.535833 0.431138 0.572500 0.447305 0.573333 0.450898 0.571667 0.453892 0.575000 0.456886 0.581667 0.456287 0.593333 0.462275 0.598333 0.462275 0.604167 0.453293 0.610000 0.449102 0.612500 0.444910 0.610833 0.442515 0.600833 0.438922 0.598333 0.437126 0.597500 0.434132 0.594167 0.432934 0.588333 0.434132 0.583333 0.437126 0.582500 0.435928 0.558333 0.425150 0.548333 0.421557
2 0.485000 0.459880 0.453333 0.500599 0.446667 0.514970 0.448333 0.519162 0.467500 0.531737 0.490000 0.537725 0.506667 0.545509 0.545000 0.557485 0.559167 0.564671 0.584167 0.571856 0.606667 0.582036 0.612500 0.586826 0.613333 0.591617 0.605833 0.613772 0.613333 0.620958 0.630833 0.628743 0.642500 0.631138 0.655833 0.631138 0.662500 0.628144 0.686667 0.604790 0.703333 0.584431 0.717500 0.560479 0.738333 0.534731 0.742500 0.516766 0.736667 0.509581 0.712500 0.497006 0.693333 0.494611 0.682500 0.498802 0.670000 0.513772 0.665000 0.515569 0.653333 0.514970 0.600000 0.492814 0.527500 0.468862 0.506667 0.459281 0.492500 0.458084
2 0.605833 0.364072 0.584167 0.377246 0.573333 0.402994 0.580000 0.426347 0.587500 0.431737 0.609167 0.437126 0.616667 0.443114 0.618333 0.453892 0.614167 0.477844 0.616667 0.491018 0.605000 0.538323 0.605000 0.555090 0.600000 0.565868 0.600833 0.584431 0.595833 0.594611 0.597500 0.612575 0.603333 0.619162 0.657500 0.625150 0.693333 0.623952 0.708333 0.619162 0.721667 0.610778 0.730833 0.596407 0.740833 0.555090 0.747500 0.542515 0.748333 0.506587 0.765000 0.450898 0.777500 0.442515 0.802500 0.447305 0.825833 0.439521 0.833333 0.430539 0.840000 0.400000 0.829167 0.379641 0.811667 0.372455 0.788333 0.367665 0.685833 0.361078
3 0.454167 0.396407 0.434167 0.393413 0.403333 0.393413 0.396667 0.397605 0.385000 0.416168 0.390000 0.425748 0.410833 0.439521 0.413333 0.450898 0.283333 0.638922 0.284167 0.655689 0.290000 0.661677 0.318333 0.673054 0.338333 0.675449 0.366667 0.657485 0.422500 0.581437 0.455000 0.528144 0.489167 0.486228 0.492500 0.474850 0.505000 0.473653 0.530000 0.477844 0.541667 0.476048 0.556667 0.456886 0.557500 0.451497 0.552500 0.444311 0.535000 0.429940 0.502500 0.413174
2 0.502500 0.182036 0.493333 0.182635 0.483333 0.188623 0.460833 0.213772 0.455833 0.227545 0.432500 0.254491 0.361667 0.370060 0.345000 0.380240 0.307500 0.365868 0.290833 0.370659 0.268333 0.388024 0.257500 0.405988 0.255000 0.421557 0.260833 0.430539 0.275000 0.438922 0.324167 0.456886 0.355833 0.463473 0.411667 0.493413 0.505000 0.526347 0.521667 0.526946 0.548333 0.510778 0.564167 0.486826 0.566667 0.471856 0.560000 0.458683 0.519167 0.439521 0.517500 0.421557 0.538333 0.395210 0.564167 0.346108 0.616667 0.273054 0.631667 0.234731 0.623333 0.221557 0.555000 0.194611
4 0.340000 0.352695 0.303333 0.356287 0.289167 0.364671 0.266667 0.402395 0.267500 0.414371 0.300000 0.431138 0.313333 0.434132 0.321667 0.443114 0.313333 0.452096 0.313333 0.464671 0.295833 0.486826 0.279167 0.528144 0.231667 0.609581 0.227500 0.631138 0.234167 0.640120 0.284167 0.658084 0.351667 0.668862 0.365833 0.665269 0.380000 0.652096 0.386667 0.634132 0.419167 0.588623 0.434167 0.541317 0.470000 0.487425 0.487500 0.483234 0.507500 0.486826 0.543333 0.483234 0.565833 0.468263 0.583333 0.430539 0.546667 0.403593 0.498333 0.385030 0.389167 0.357485
3 0.427500 0.253293 0.355000 0.267066 0.309167 0.280838 0.290000 0.289222 0.281667 0.300000 0.296667 0.328144 0.306667 0.329940 0.331667 0.325150 0.348333 0.327545 0.368333 0.388623 0.397500 0.452096 0.425000 0.528742 0.440000 0.554491 0.455833 0.564072 0.467500 0.564671 0.522500 0.553892 0.528333 0.532335 0.453333 0.343713 0.433333 0.308383 0.437500 0.302994 0.465000 0.294012 0.472500 0.285629 0.461667 0.257485 0.450833 0.253293
4 0.553333 0.282635 0.545000 0.264072 0.534167 0.256287 0.490000 0.249102 0.475833 0.252096 0.457500 0.287425 0.447500 0.296407 0.434167 0.286228 0.394167 0.277844 0.355000 0.276048 0.258333 0.259880 0.240000 0.260479 0.227500 0.266467 0.213333 0.301796 0.214167 0.339521 0.226667 0.349102 0.244167 0.354491 0.260833 0.353293 0.299167 0.357485 0.313333 0.362874 0.394167 0.368862 0.404167 0.372455 0.416667 0.371257 0.428333 0.379042 0.434167 0.401796 0.442500 0.417365 0.456667 0.425748 0.491667 0.432335 0.503333 0.431737 0.524167 0.411377 0.543333 0.368263 0.553333 0.326347
3 0.329167 0.497605 0.284167 0.513174 0.215833 0.544311 0.194167 0.561078 0.189167 0.571856 0.191667 0.582036 0.215000 0.607784 0.266667 0.604192 0.276667 0.609581 0.312500 0.659281 0.345833 0.693413 0.465833 0.859880 0.495000 0.883234 0.517500 0.883234 0.569167 0.860479 0.572500 0.842515 0.510000 0.746108 0.381667 0.570060 0.385833 0.557485 0.421667 0.535928 0.422500 0.520359 0.410833 0.504192 0.394167 0.492216 0.370000 0.491018
1 0.342500 0.035928 0.218333 0.106587 0.199167 0.126946 0.200000 0.140120 0.227500 0.165868 0.289167 0.151497 0.790000 0.633533 0.814167 0.648503 0.837500 0.651497 0.875833 0.634132 0.898333 0.616168 0.884167 0.583234 0.375833 0.098204 0.416667 0.065868 0.410833 0.050898 0.385833 0.030539 0.370000 0.028743
2 0.311667 0.292216 0.297500 0.294012 0.278333 0.310180 0.266667 0.333533 0.265833 0.348503 0.272500 0.360479 0.314167 0.375449 0.320000 0.392814 0.312500 0.411377 0.304167 0.419760 0.286667 0.469461 0.249167 0.538922 0.238333 0.576647 0.249167 0.590419 0.264167 0.596407 0.295833 0.602994 0.308333 0.608982 0.368333 0.619162 0.377500 0.617964 0.386667 0.611377 0.405000 0.585030 0.408333 0.570060 0.424167 0.547904 0.474167 0.432335 0.490000 0.419162 0.527500 0.429940 0.540833 0.425150 0.561667 0.404790 0.569167 0.374251 0.562500 0.365269 0.542500 0.356886 0.497500 0.344910 0.468333 0.341317 0.410000 0.316766
1 0.235833 0.165269 0.210833 0.185030 0.215000 0.199401 0.605833 0.502994 0.606667 0.510180 0.593333 0.528144 0.602500 0.543713 0.619167 0.554491 0.641667 0.552695 0.703333 0.523952 0.727500 0.504192 0.738333 0.487425 0.739167 0.478443 0.731667 0.470060 0.710833 0.457485 0.688333 0.465868 0.671667 0.463473 0.305833 0.185030 0.268333 0.161078 0.250000 0.158683
0 0.176667 0.270659 0.186667 0.319760 0.199167 0.344311 0.213333 0.355689 0.230833 0.358683 0.253333 0.355689 0.274167 0.344311 0.285000 0.341916 0.310833 0.354491 0.320833 0.355090 0.337500 0.347904 0.354167 0.321557 0.368333 0.313772 0.405000 0.311976 0.439167 0.305389 0.491667 0.300000 0.508333 0.300599 0.540833 0.293413 0.554167 0.278443 0.553333 0.262275 0.547500 0.246707 0.522500 0.233533 0.433333 0.240719 0.413333 0.245509 0.386667 0.246108 0.372500 0.241916 0.337500 0.238323 0.326667 0.229341 0.304167 0.221557 0.289167 0.225749 0.255833 0.249102 0.246667 0.242515 0.220833 0.235928 0.199167 0.239521 0.185833 0.246108 0.178333 0.259281
