3 0.619167 0.064072 0.610000 0.074251 0.616667 0.097605 0.640000 0.119760 0.666667 0.154491 0.712500 0.204790 0.719167 0.216168 0.749167 0.243713 0.755000 0.252695 0.737500 0.268862 0.730000 0.280240 0.741667 0.298204 0.752500 0.301198 0.780000 0.298204 0.863333 0.267066 0.882500 0.243114 0.883333 0.234132 0.865833 0.218563 0.824167 0.225749 0.811667 0.217964 0.790000 0.188623 0.753333 0.149701 0.743333 0.130539 0.728333 0.113174 0.716667 0.104790 0.685000 0.066467 0.674167 0.058683 0.654167 0.053892 0.636667 0.056886
2 0.276667 0.535928 0.268333 0.564072 0.269167 0.589222 0.263333 0.607186 0.265000 0.645509 0.262500 0.667665 0.271667 0.676048 0.288333 0.680239 0.309167 0.682036 0.339167 0.679042 0.349167 0.674850 0.346667 0.668263 0.350833 0.663473 0.350000 0.655689 0.352500 0.651497 0.357500 0.649701 0.367500 0.649701 0.380000 0.655090 0.407500 0.653293 0.445000 0.657485 0.474167 0.657485 0.489167 0.661677 0.524167 0.659281 0.540833 0.655090 0.550833 0.630539 0.550000 0.598204 0.542500 0.581437 0.527500 0.577246 0.487500 0.572455 0.375833 0.569461 0.353333 0.564072 0.345833 0.546108 0.331667 0.531138 0.297500 0.526946
1 0.143333 0.542515 0.122500 0.576647 0.137500 0.590419 0.758333 0.838323 0.805000 0.863473 0.799167 0.900599 0.808333 0.907186 0.851667 0.917964 0.892500 0.895210 0.940833 0.820958 0.943333 0.785030 0.929167 0.776647 0.894167 0.767665 0.850833 0.788623 0.759167 0.758084 0.680833 0.722754 0.196667 0.534132 0.165000 0.528742
0 0.617500 0.623952 0.606667 0.627545 0.599167 0.637725 0.597500 0.652695 0.592500 0.664072 0.594167 0.677245 0.587500 0.688024 0.589167 0.700000 0.584167 0.710778 0.585000 0.723353 0.580000 0.731737 0.578333 0.747305 0.571667 0.755689 0.553333 0.757485 0.545000 0.761677 0.540000 0.769461 0.549167 0.782635 0.550000 0.788623 0.540833 0.804790 0.539167 0.817964 0.544167 0.825150 0.560000 0.831138 0.600833 0.835329 0.617500 0.834132 0.646667 0.837126 0.653333 0.836527 0.664167 0.826946 0.665833 0.817365 0.660833 0.797006 0.675000 0.778443 0.661667 0.764671 0.658333 0.753892 0.651667 0.744311 0.653333 0.738922 0.658333 0.734731 0.660833 0.725748 0.658333 0.716766 0.660833 0.713174 0.660833 0.694611 0.664167 0.687425 0.660000 0.655090 0.661667 0.636527 0.654167 0.628743 0.645833 0.625749
3 0.555833 0.461677 0.502500 0.467066 0.492500 0.470060 0.480833 0.482635 0.475833 0.501796 0.477500 0.525150 0.460833 0.670060 0.457500 0.740120 0.450000 0.749701 0.405000 0.757485 0.395833 0.771257 0.399167 0.797006 0.419167 0.809581 0.510000 0.817365 0.580000 0.809581 0.600000 0.802994 0.607500 0.796407 0.608333 0.773054 0.583333 0.744910 0.588333 0.725150 0.582500 0.720359 0.580000 0.705389 0.585000 0.686826 0.577500 0.677844 0.585833 0.661078 0.578333 0.654491 0.584167 0.613772 0.580833 0.594611 0.592500 0.558084 0.587500 0.540719 0.590833 0.522156 0.579167 0.483234 0.565833 0.467066
3 0.470000 0.467665 0.455833 0.502395 0.459167 0.510778 0.470000 0.517964 0.578333 0.549102 0.806667 0.605988 0.815000 0.616168 0.810000 0.644910 0.821667 0.653892 0.841667 0.659281 0.861667 0.659880 0.878333 0.650299 0.899167 0.628144 0.930833 0.552695 0.930000 0.531737 0.915833 0.519760 0.880000 0.513174 0.851667 0.536527 0.840833 0.538323 0.775000 0.521557 0.732500 0.515569 0.516667 0.461078 0.488333 0.458683 0.477500 0.461078
3 0.847500 0.661677 0.814167 0.634731 0.792500 0.629940 0.780000 0.631138 0.675833 0.664072 0.662500 0.664072 0.602500 0.690419 0.550000 0.702994 0.529167 0.714371 0.497500 0.719760 0.483333 0.726347 0.471667 0.723952 0.460000 0.737126 0.440833 0.744910 0.406667 0.748503 0.380000 0.727545 0.359167 0.722156 0.324167 0.732335 0.315000 0.740719 0.306667 0.762275 0.312500 0.788024 0.334167 0.821557 0.354167 0.835928 0.375000 0.861078 0.401667 0.877245 0.420833 0.881437 0.440000 0.879641 0.460833 0.870060 0.467500 0.862874 0.469167 0.834132 0.477500 0.818563 0.548333 0.800000 0.655000 0.756287 0.690000 0.744910 0.718333 0.741317 0.748333 0.727545 0.783333 0.719162 0.840833 0.697605 0.854167 0.682036
3 0.088333 0.552695 0.066667 0.564671 0.053333 0.580838 0.054167 0.594611 0.062500 0.610778 0.095833 0.652096 0.205833 0.763473 0.235000 0.802395 0.255000 0.818563 0.245000 0.834132 0.230833 0.843114 0.229167 0.853293 0.246667 0.872455 0.259167 0.877844 0.290833 0.871257 0.335000 0.853293 0.401667 0.816766 0.418333 0.801796 0.423333 0.792814 0.420833 0.782635 0.398333 0.763473 0.356667 0.774252 0.343333 0.772455 0.143333 0.565269 0.119167 0.553892
3 0.486667 0.607186 0.468333 0.597006 0.440000 0.589820 0.425833 0.592216 0.401667 0.604192 0.396667 0.610180 0.396667 0.618563 0.410833 0.642515 0.400833 0.652096 0.343333 0.676647 0.145833 0.771856 0.125000 0.785030 0.114167 0.797605 0.111667 0.810778 0.125833 0.834132 0.142500 0.845509 0.152500 0.847904 0.180833 0.843114 0.237500 0.817964 0.334167 0.766467 0.449167 0.714371 0.462500 0.716168 0.480833 0.726946 0.500000 0.722754 0.521667 0.723952 0.532500 0.719760 0.543333 0.709581 0.535833 0.672455 0.520833 0.646707
0 0.502500 0.635329 0.496667 0.645509 0.494167 0.658084 0.498333 0.674251 0.514167 0.694012 0.525000 0.700599 0.545833 0.709581 0.570000 0.714970 0.597500 0.714371 0.615833 0.709581 0.620833 0.705389 0.631667 0.702395 0.645000 0.703593 0.658333 0.702395 0.664167 0.699401 0.677500 0.688623 0.680833 0.681437 0.680833 0.676048 0.675000 0.663473 0.649167 0.650299 0.645000 0.646108 0.643333 0.639521 0.631667 0.628743 0.610833 0.620359 0.590000 0.615569 0.565833 0.614970 0.540833 0.620958 0.535000 0.620958 0.527500 0.623952 0.519167 0.624551 0.510000 0.628144
3 0.694167 0.341317 0.680833 0.344311 0.678333 0.346108 0.673333 0.346108 0.656667 0.353892 0.647500 0.356287 0.637500 0.365269 0.640833 0.371257 0.646667 0.376048 0.660833 0.376647 0.665000 0.375449 0.669167 0.377844 0.670833 0.383832 0.674167 0.386228 0.678333 0.396407 0.680833 0.398204 0.680833 0.400599 0.683333 0.402395 0.695833 0.424551 0.700833 0.429940 0.700833 0.432335 0.706667 0.439521 0.709167 0.446707 0.718333 0.458683 0.718333 0.461078 0.726667 0.467066 0.736667 0.467066 0.753333 0.458683 0.754167 0.450299 0.738333 0.423952 0.733333 0.419162 0.734167 0.417365 0.730833 0.414970 0.731667 0.413174 0.725833 0.404192 0.721667 0.393413 0.713333 0.383234 0.710000 0.374850 0.706667 0.372455 0.706667 0.368862 0.702500 0.366467 0.703333 0.362275 0.708333 0.360479 0.717500 0.353892 0.716667 0.349102 0.710833 0.341916 0.701667 0.340719
1 0.301667 0.365868 0.277500 0.383832 0.266667 0.399401 0.282500 0.424551 0.301667 0.435329 0.327500 0.426946 0.348333 0.434132 0.611667 0.680239 0.616667 0.691617 0.710833 0.780838 0.761667 0.820958 0.781667 0.825150 0.820000 0.807186 0.832500 0.795808 0.830833 0.783832 0.794167 0.743713 0.427500 0.394012 0.426667 0.385629 0.440833 0.372455 0.445833 0.357485 0.426667 0.335329 0.407500 0.329940 0.383333 0.333533
2 0.851667 0.335928 0.847500 0.331737 0.840833 0.329341 0.835833 0.329341 0.832500 0.328144 0.823333 0.328743 0.813333 0.337725 0.806667 0.338922 0.804167 0.337725 0.793333 0.337725 0.786667 0.335928 0.784167 0.336527 0.777500 0.334132 0.776667 0.334731 0.768333 0.332934 0.767500 0.333533 0.765000 0.332335 0.763333 0.332934 0.753333 0.330539 0.750000 0.331737 0.749167 0.331138 0.745000 0.332934 0.740000 0.341916 0.740833 0.344910 0.739167 0.347305 0.739167 0.353293 0.740833 0.356886 0.745833 0.361078 0.753333 0.362874 0.756667 0.364671 0.760833 0.364671 0.775000 0.368263 0.777500 0.367665 0.780000 0.368862 0.787500 0.370060 0.788333 0.369461 0.790000 0.370659 0.790833 0.370060 0.793333 0.371257 0.797500 0.371257 0.800833 0.373054 0.803333 0.372455 0.805833 0.374251 0.808333 0.380240 0.812500 0.383234 0.820000 0.385629 0.829167 0.386228 0.835833 0.385030 0.842500 0.379042 0.841667 0.378443 0.845833 0.370060 0.845000 0.369461 0.847500 0.364671 0.847500 0.361078 0.849167 0.359281 0.848333 0.356886 0.850000 0.353892 0.849167 0.353293 0.852500 0.340120 0.850833 0.337725
