2 0.368333 0.670659 0.345000 0.667066 0.317500 0.676647 0.303333 0.688024 0.300833 0.694012 0.308333 0.709581 0.305000 0.714970 0.280833 0.728144 0.266667 0.740719 0.245000 0.749701 0.208333 0.770060 0.165833 0.786826 0.151667 0.797006 0.150000 0.802395 0.175833 0.831737 0.195833 0.849102 0.202500 0.851497 0.217500 0.852096 0.231667 0.848503 0.260833 0.833533 0.291667 0.823353 0.336667 0.800000 0.346667 0.798204 0.375000 0.786228 0.391667 0.785629 0.397500 0.789222 0.403333 0.798204 0.419167 0.806587 0.429167 0.805988 0.461667 0.792216 0.471667 0.779641 0.472500 0.772455 0.458333 0.749102 0.417500 0.708383 0.387500 0.682635
0 0.145000 0.206587 0.130000 0.213772 0.125833 0.227545 0.135000 0.279641 0.135833 0.316168 0.140000 0.327545 0.117500 0.338323 0.111667 0.346707 0.114167 0.355090 0.130000 0.365868 0.134167 0.375449 0.127500 0.388024 0.130833 0.404790 0.140000 0.411377 0.162500 0.413174 0.201667 0.413174 0.245000 0.407186 0.258333 0.400000 0.261667 0.394012 0.263333 0.374850 0.253333 0.356886 0.260833 0.346707 0.260000 0.338323 0.246667 0.328144 0.221667 0.322156 0.215833 0.315569 0.214167 0.291018 0.208333 0.274850 0.205833 0.253293 0.200833 0.240719 0.201667 0.234132 0.195000 0.215569 0.189167 0.209581 0.177500 0.205389 0.155833 0.204790
3 0.580000 0.071856 0.562500 0.084431 0.540000 0.086826 0.497500 0.102395 0.454167 0.139521 0.448333 0.156287 0.462500 0.179641 0.470000 0.183832 0.505833 0.192216 0.532500 0.188623 0.534167 0.198204 0.546667 0.210180 0.550000 0.225749 0.567500 0.241317 0.608333 0.311377 0.647500 0.364072 0.662500 0.398802 0.697500 0.423353 0.710000 0.426946 0.750833 0.417964 0.760833 0.411377 0.770000 0.398802 0.770000 0.385030 0.751667 0.336527 0.731667 0.308383 0.723333 0.288024 0.714167 0.282036 0.710833 0.271257 0.699167 0.259880 0.699167 0.253293 0.690833 0.246707 0.682500 0.220958 0.658333 0.189222 0.653333 0.165269 0.641667 0.149102 0.664167 0.118563 0.665000 0.104790 0.654167 0.088623 0.640000 0.077844 0.611667 0.071856
0 0.372500 0.271257 0.348333 0.285629 0.339167 0.298802 0.344167 0.317964 0.350833 0.325749 0.358333 0.346707 0.370000 0.365269 0.370000 0.376048 0.389167 0.391617 0.401667 0.411976 0.401667 0.417964 0.381667 0.433533 0.376667 0.457485 0.385000 0.468862 0.405000 0.479042 0.410000 0.503593 0.422500 0.520359 0.435833 0.526946 0.449167 0.528742 0.475000 0.526347 0.550833 0.501198 0.566667 0.488623 0.570833 0.470060 0.559167 0.452695 0.549167 0.445509 0.545833 0.435329 0.547500 0.423353 0.539167 0.405389 0.529167 0.400599 0.491667 0.394611 0.479167 0.383234 0.477500 0.376048 0.438333 0.312575 0.435833 0.302395 0.420833 0.283832 0.410000 0.276048
2 0.289167 0.315569 0.285833 0.340719 0.288333 0.370659 0.300833 0.422754 0.322500 0.476647 0.346667 0.491617 0.382500 0.494012 0.411667 0.487425 0.426667 0.473653 0.428333 0.456886 0.438333 0.450299 0.489167 0.443713 0.501667 0.438922 0.576667 0.435928 0.591667 0.431737 0.610833 0.432934 0.627500 0.428743 0.661667 0.428743 0.682500 0.423353 0.689167 0.417365 0.685833 0.377246 0.678333 0.351497 0.673333 0.345509 0.647500 0.332934 0.635000 0.330539 0.589167 0.334132 0.550000 0.332934 0.472500 0.340719 0.405833 0.339521 0.391667 0.328743 0.395000 0.314371 0.392500 0.307186 0.377500 0.296407 0.365000 0.294012 0.321667 0.295210 0.298333 0.305389
2 0.322500 0.267066 0.242500 0.298802 0.220833 0.312575 0.208333 0.331138 0.228333 0.372455 0.252500 0.395808 0.305000 0.466467 0.340833 0.504192 0.339167 0.515569 0.324167 0.523353 0.310833 0.538323 0.308333 0.556886 0.320000 0.579042 0.349167 0.601198 0.372500 0.605988 0.434167 0.592216 0.587500 0.527545 0.612500 0.509581 0.620000 0.491018 0.613333 0.471257 0.580833 0.440120 0.547500 0.434731 0.506667 0.443114 0.488333 0.440719 0.478333 0.418563 0.434167 0.370659 0.433333 0.361078 0.363333 0.281437 0.340833 0.268263
1 0.107500 0.411377 0.103333 0.448503 0.116667 0.465269 0.735000 0.873653 0.727500 0.925749 0.755000 0.947305 0.781667 0.950299 0.833333 0.935928 0.900833 0.892216 0.925000 0.868862 0.934167 0.849102 0.935000 0.828743 0.910000 0.807784 0.885833 0.798802 0.836667 0.812575 0.818333 0.811976 0.673333 0.713174 0.653333 0.707186 0.640833 0.692814 0.621667 0.689820 0.606667 0.671257 0.592500 0.667066 0.527500 0.615569 0.276667 0.451497 0.237500 0.433533 0.201667 0.404192 0.150000 0.394012
3 0.585000 0.189222 0.539167 0.217964 0.514167 0.241317 0.495000 0.271856 0.498333 0.280838 0.512500 0.292216 0.527500 0.298204 0.551667 0.298802 0.574167 0.292814 0.582500 0.295808 0.760833 0.443713 0.786667 0.459880 0.807500 0.465269 0.825000 0.460479 0.844167 0.446108 0.850833 0.437126 0.852500 0.422156 0.845833 0.410778 0.798333 0.369461 0.765833 0.346707 0.665833 0.259281 0.643333 0.246108 0.660000 0.209581 0.657500 0.200599 0.638333 0.186826 0.621667 0.189820 0.595000 0.187425
3 0.595000 0.325150 0.588333 0.326946 0.570000 0.325749 0.555833 0.328743 0.545000 0.344910 0.542500 0.353293 0.543333 0.426946 0.547500 0.455090 0.545833 0.517365 0.549167 0.523952 0.542500 0.529341 0.516667 0.534731 0.510833 0.538922 0.510833 0.559281 0.513333 0.562275 0.540000 0.571257 0.575833 0.574850 0.625000 0.573653 0.660833 0.562275 0.664167 0.556287 0.662500 0.538922 0.654167 0.533533 0.630000 0.528742 0.621667 0.520958 0.623333 0.497605 0.618333 0.408982 0.618333 0.349102 0.616667 0.342515 0.606667 0.329341
0 0.462500 0.662275 0.450833 0.655689 0.425833 0.653892 0.411667 0.659880 0.389167 0.663473 0.365833 0.672455 0.264167 0.702395 0.254167 0.701796 0.237500 0.686228 0.225000 0.681437 0.205833 0.688024 0.189167 0.704790 0.179167 0.704790 0.172500 0.700599 0.159167 0.699401 0.135833 0.705389 0.125000 0.714371 0.123333 0.720359 0.126667 0.729940 0.160000 0.782635 0.178333 0.804790 0.195000 0.813174 0.210000 0.811976 0.223333 0.817365 0.238333 0.819162 0.259167 0.810778 0.264167 0.804192 0.282500 0.792814 0.294167 0.782036 0.299167 0.768263 0.304167 0.763473 0.322500 0.761677 0.340833 0.754491 0.423333 0.735928 0.460833 0.723952 0.474167 0.716168 0.485000 0.702395
2 0.665833 0.153293 0.659167 0.145509 0.597500 0.129341 0.579167 0.128144 0.549167 0.132934 0.525000 0.141916 0.513333 0.152096 0.500833 0.172455 0.493333 0.176647 0.345833 0.177844 0.268333 0.183234 0.251667 0.194611 0.240833 0.208383 0.227500 0.235928 0.226667 0.269461 0.232500 0.282635 0.252500 0.298802 0.274167 0.304790 0.364167 0.308982 0.487500 0.306587 0.514167 0.338323 0.530833 0.347904 0.573333 0.355090 0.615833 0.352096 0.650000 0.332934 0.675833 0.283832 0.680833 0.263473 0.681667 0.216168
2 0.308333 0.072455 0.287500 0.082635 0.280000 0.095210 0.276667 0.117365 0.283333 0.126347 0.317500 0.140719 0.320833 0.145509 0.312500 0.165868 0.314167 0.173054 0.309167 0.180240 0.309167 0.189222 0.298333 0.210778 0.290000 0.254491 0.282500 0.273653 0.286667 0.286826 0.299167 0.293413 0.320833 0.294611 0.353333 0.301796 0.380833 0.302395 0.390833 0.299401 0.402500 0.283832 0.420833 0.225150 0.435833 0.190419 0.440833 0.164072 0.448333 0.160479 0.473333 0.159880 0.487500 0.152096 0.498333 0.129341 0.497500 0.115569 0.487500 0.105389 0.450000 0.092814 0.378333 0.079641 0.350833 0.077844 0.330000 0.073054
1 0.230833 0.386826 0.225833 0.389222 0.226667 0.398204 0.232500 0.401796 0.244167 0.401198 0.248333 0.403593 0.248333 0.415569 0.256667 0.431138 0.261667 0.449701 0.270833 0.466467 0.271667 0.477246 0.295833 0.550898 0.301667 0.561078 0.305833 0.579641 0.312500 0.586228 0.328333 0.586228 0.336667 0.582635 0.340000 0.578443 0.340000 0.571856 0.283333 0.405988 0.282500 0.396407 0.297500 0.390419 0.296667 0.383234 0.292500 0.379042 0.280000 0.378443 0.269167 0.382036
3 0.323333 0.349102 0.198333 0.403593 0.165000 0.426347 0.149167 0.445509 0.148333 0.452695 0.180833 0.481437 0.213333 0.478443 0.234167 0.470060 0.250833 0.479641 0.263333 0.500000 0.316667 0.543713 0.415833 0.651497 0.479167 0.710180 0.510000 0.726347 0.522500 0.726946 0.546667 0.720359 0.569167 0.707784 0.585833 0.687425 0.589167 0.672455 0.579167 0.649701 0.475833 0.540719 0.350833 0.423353 0.352500 0.410778 0.383333 0.389820 0.385833 0.380240 0.356667 0.350299
