1 0.222500 0.046707 0.069167 0.090419 0.049167 0.102994 0.050000 0.124551 0.066667 0.149701 0.128333 0.147305 0.142500 0.155090 0.270833 0.431737 0.281667 0.472455 0.421667 0.790419 0.443333 0.824551 0.472500 0.846707 0.518333 0.843713 0.560833 0.828144 0.564167 0.779641 0.312500 0.214371 0.265833 0.129341 0.272500 0.114371 0.323333 0.083832 0.322500 0.065868 0.309167 0.048503 0.292500 0.042515
3 0.889167 0.214371 0.863333 0.203593 0.846667 0.209581 0.795000 0.216766 0.720000 0.243114 0.567500 0.275449 0.538333 0.288024 0.520833 0.287425 0.498333 0.295808 0.455833 0.302395 0.430833 0.301198 0.406667 0.282036 0.381667 0.271257 0.353333 0.276647 0.338333 0.285629 0.320000 0.315569 0.329167 0.352695 0.328333 0.379042 0.348333 0.423353 0.380000 0.455090 0.403333 0.462874 0.432500 0.459281 0.460000 0.438922 0.461667 0.408383 0.468333 0.394611 0.530833 0.381437 0.605000 0.359281 0.627500 0.358084 0.642500 0.351497 0.709167 0.337725 0.743333 0.325150 0.860833 0.301198 0.889167 0.289222 0.908333 0.274251 0.909167 0.261078
4 0.390833 0.121557 0.328333 0.150898 0.210833 0.232934 0.182500 0.262275 0.175833 0.286228 0.202500 0.307186 0.235000 0.323952 0.285000 0.294611 0.305833 0.295808 0.325000 0.302395 0.502500 0.433533 0.532500 0.452695 0.555833 0.456886 0.643333 0.403593 0.653333 0.392216 0.650833 0.383234 0.626667 0.355689 0.545000 0.302395 0.435833 0.222156 0.427500 0.202395 0.452500 0.195210 0.464167 0.161078 0.456667 0.150299 0.415000 0.120359
4 0.378333 0.633533 0.340000 0.644311 0.330833 0.653293 0.326667 0.691018 0.330833 0.697006 0.368333 0.705988 0.382500 0.706587 0.390833 0.713174 0.385000 0.722754 0.387500 0.735329 0.381667 0.756886 0.382500 0.792216 0.376667 0.807784 0.370000 0.870659 0.375000 0.886826 0.413333 0.894611 0.466667 0.895210 0.496667 0.889820 0.505833 0.880240 0.504167 0.862275 0.516667 0.813772 0.513333 0.781437 0.516667 0.747305 0.521667 0.740120 0.518333 0.728144 0.537500 0.716168 0.585000 0.702994 0.595000 0.692216 0.594167 0.684431 0.599167 0.674850 0.597500 0.656287 0.572500 0.642515 0.528333 0.634132 0.464167 0.630539 0.409167 0.630539
1 0.649167 0.294012 0.622500 0.288024 0.610000 0.280838 0.593333 0.280240 0.559167 0.295808 0.554167 0.306587 0.563333 0.336527 0.140833 0.654491 0.129167 0.673653 0.140000 0.694611 0.168333 0.704790 0.196667 0.695210 0.615833 0.385030 0.633333 0.382036 0.671667 0.388024 0.691667 0.376048 0.700833 0.365269 0.698333 0.345509 0.678333 0.318563
2 0.433333 0.285030 0.417500 0.286826 0.405833 0.292814 0.399167 0.301198 0.376667 0.305389 0.340000 0.319760 0.325000 0.332335 0.328333 0.355090 0.353333 0.384431 0.362500 0.402994 0.376667 0.418563 0.405000 0.462275 0.438333 0.493413 0.435833 0.500599 0.415000 0.512575 0.405000 0.529341 0.424167 0.563473 0.435000 0.570060 0.456667 0.574850 0.548333 0.549102 0.599167 0.523952 0.641667 0.509581 0.667500 0.495210 0.671667 0.477246 0.662500 0.458683 0.638333 0.437126 0.617500 0.434132 0.580000 0.441916 0.568333 0.440719 0.548333 0.412575 0.538333 0.406587 0.538333 0.398802 0.520833 0.383234 0.504167 0.355689 0.494167 0.349102 0.489167 0.338922 0.454167 0.299401
0 0.684167 0.389820 0.665833 0.393413 0.640000 0.394611 0.621667 0.399401 0.610833 0.404790 0.605833 0.413174 0.608333 0.430539 0.616667 0.437126 0.615833 0.444311 0.607500 0.456287 0.606667 0.462874 0.614167 0.471856 0.636667 0.480240 0.644167 0.487425 0.647500 0.514970 0.650833 0.523353 0.655833 0.570659 0.660000 0.577844 0.675000 0.585629 0.703333 0.583234 0.709167 0.580838 0.721667 0.570060 0.713333 0.502395 0.724167 0.475449 0.734167 0.467066 0.740000 0.458683 0.734167 0.447904 0.715000 0.432934 0.719167 0.430539 0.727500 0.417964 0.727500 0.407186 0.725000 0.401796 0.712500 0.393413 0.703333 0.391018
3 0.305833 0.569461 0.264167 0.642515 0.257500 0.672455 0.265000 0.682635 0.295833 0.688024 0.301667 0.685629 0.315833 0.667066 0.323333 0.664072 0.332500 0.664671 0.368333 0.676048 0.427500 0.689222 0.459167 0.700599 0.543333 0.723353 0.611667 0.735928 0.634167 0.734132 0.638333 0.731138 0.651667 0.700599 0.651667 0.691617 0.635833 0.680239 0.577500 0.662275 0.509167 0.646707 0.465833 0.634731 0.455000 0.629341 0.355833 0.604790 0.352500 0.596407 0.359167 0.574251 0.351667 0.565868 0.323333 0.559880
3 0.388333 0.499401 0.375833 0.501796 0.370000 0.506587 0.362500 0.528742 0.373333 0.538922 0.390833 0.541916 0.404167 0.550898 0.406667 0.562874 0.386667 0.623952 0.385833 0.638323 0.364167 0.686228 0.358333 0.712575 0.342500 0.750898 0.335000 0.786228 0.340833 0.808982 0.378333 0.823952 0.400833 0.818563 0.410000 0.810778 0.418333 0.795210 0.480833 0.614371 0.508333 0.573653 0.515000 0.570659 0.539167 0.573653 0.549167 0.570659 0.556667 0.550299 0.554167 0.539521 0.535833 0.528742 0.464167 0.510180
3 0.505833 0.502994 0.495833 0.502994 0.484167 0.508982 0.468333 0.525150 0.346667 0.697006 0.335833 0.700000 0.309167 0.692216 0.297500 0.692814 0.280833 0.715569 0.290833 0.728144 0.312500 0.738922 0.339167 0.746707 0.385833 0.766467 0.414167 0.773054 0.434167 0.773054 0.439167 0.770659 0.446667 0.758683 0.449167 0.746108 0.424167 0.732934 0.421667 0.728743 0.424167 0.719760 0.526667 0.582635 0.553333 0.532934 0.552500 0.519760 0.547500 0.515569
0 0.126667 0.420359 0.127500 0.420958 0.125000 0.422754 0.125833 0.425150 0.123333 0.426946 0.124167 0.429341 0.123333 0.431737 0.121667 0.432335 0.121667 0.435928 0.127500 0.441916 0.134167 0.442515 0.136667 0.444311 0.145833 0.446108 0.149167 0.445509 0.165833 0.449701 0.169167 0.449102 0.171667 0.450898 0.180833 0.451497 0.186667 0.453892 0.190000 0.453293 0.197500 0.455689 0.200000 0.459281 0.199167 0.460479 0.200833 0.465868 0.208333 0.471856 0.214167 0.471257 0.220833 0.468263 0.227500 0.468263 0.236667 0.474252 0.248333 0.477246 0.250000 0.476048 0.251667 0.476647 0.260000 0.472455 0.266667 0.459880 0.265833 0.457485 0.268333 0.453892 0.266667 0.450898 0.270833 0.446707 0.271667 0.440719 0.268333 0.432335 0.269167 0.431138 0.267500 0.431138 0.265833 0.428743 0.259167 0.425150 0.254167 0.426347 0.252500 0.425748 0.245833 0.428743 0.243333 0.428743 0.235000 0.423353 0.233333 0.420359 0.225833 0.417964 0.216667 0.421557 0.213333 0.427545 0.209167 0.429940 0.205000 0.429940 0.195000 0.426946 0.182500 0.425748 0.180000 0.423952 0.176667 0.424551 0.175833 0.423353 0.170833 0.423353 0.168333 0.422156 0.165833 0.422754 0.157500 0.420359 0.151667 0.420359 0.138333 0.417365 0.134167 0.417365
4 0.530833 0.514970 0.514167 0.520958 0.499167 0.537725 0.465833 0.667066 0.455833 0.732934 0.441667 0.741916 0.372500 0.753892 0.361667 0.771257 0.356667 0.805988 0.396667 0.835928 0.444167 0.850299 0.601667 0.865269 0.646667 0.861078 0.660000 0.856287 0.678333 0.841916 0.689167 0.806587 0.687500 0.793413 0.631667 0.761078 0.621667 0.745509 0.624167 0.704192 0.633333 0.676048 0.636667 0.640120 0.647500 0.616168 0.648333 0.594012 0.656667 0.570659 0.655833 0.541916 0.640000 0.531138 0.613333 0.523353 0.570000 0.515569
3 0.700000 0.419162 0.676667 0.389820 0.625833 0.392216 0.615000 0.395210 0.609167 0.404192 0.607500 0.441317 0.592500 0.449701 0.485833 0.456287 0.156667 0.491018 0.127500 0.508982 0.130833 0.567066 0.139167 0.576048 0.181667 0.582635 0.512500 0.547904 0.614167 0.540719 0.629167 0.546707 0.631667 0.559281 0.653333 0.585030 0.705000 0.583832 0.721667 0.577246 0.729167 0.542515 0.715833 0.467665
0 0.677500 0.321557 0.625833 0.323353 0.608333 0.326347 0.591667 0.332335 0.585000 0.341317 0.583333 0.353293 0.585833 0.362275 0.594167 0.370060 0.590000 0.379042 0.580833 0.389222 0.580833 0.400599 0.592500 0.410180 0.609167 0.416766 0.616667 0.423952 0.620000 0.464671 0.620000 0.517964 0.623333 0.525748 0.635000 0.534132 0.644167 0.535928 0.672500 0.534132 0.687500 0.526347 0.692500 0.520958 0.693333 0.488024 0.690833 0.477844 0.693333 0.470060 0.690000 0.459880 0.692500 0.443114 0.705833 0.418563 0.719167 0.408982 0.726667 0.400000 0.720833 0.386826 0.703333 0.371257 0.718333 0.353293 0.717500 0.337126 0.706667 0.327545
0 0.500833 0.371856 0.472500 0.394012 0.449167 0.416766 0.446667 0.428743 0.455000 0.438922 0.471667 0.447305 0.485000 0.446707 0.494167 0.451497 0.497500 0.456287 0.499167 0.470659 0.505833 0.476048 0.514167 0.479641 0.521667 0.480240 0.548333 0.471856 0.555833 0.472455 0.567500 0.480838 0.582500 0.488024 0.602500 0.502994 0.618333 0.510778 0.626667 0.517964 0.635000 0.520359 0.640833 0.526347 0.652500 0.532335 0.666667 0.534731 0.680833 0.525748 0.692500 0.512575 0.697500 0.501796 0.696667 0.491018 0.660833 0.470060 0.640833 0.452096 0.630000 0.448503 0.620000 0.438922 0.605833 0.431138 0.602500 0.422754 0.606667 0.408383 0.603333 0.401796 0.595000 0.394012 0.580833 0.387425 0.563333 0.382635 0.539167 0.365868 0.526667 0.362275
4 0.617500 0.052096 0.580000 0.068263 0.563333 0.079042 0.539167 0.099401 0.542500 0.114970 0.560000 0.127545 0.594167 0.163473 0.620000 0.179042 0.631667 0.193413 0.646667 0.204192 0.651667 0.213174 0.661667 0.218563 0.663333 0.228144 0.659167 0.237126 0.639167 0.261677 0.641667 0.276048 0.669167 0.300599 0.680833 0.301198 0.704167 0.296407 0.734167 0.285030 0.804167 0.246108 0.835833 0.220958 0.849167 0.202395 0.850833 0.189222 0.822500 0.161078 0.812500 0.158084 0.783333 0.165868 0.775000 0.170659 0.764167 0.171257 0.760000 0.164072 0.741667 0.153293 0.733333 0.140120 0.702500 0.119162 0.643333 0.061677 0.626667 0.052096
0 0.830000 0.522156 0.824167 0.523353 0.813333 0.537725 0.811667 0.537725 0.803333 0.542515 0.803333 0.549701 0.809167 0.553892 0.810833 0.558084 0.805000 0.565868 0.805833 0.566467 0.801667 0.570659 0.801667 0.572455 0.797500 0.576647 0.798333 0.577246 0.794167 0.582036 0.795000 0.582635 0.787500 0.591617 0.785000 0.597006 0.785000 0.600599 0.790000 0.604192 0.802500 0.608383 0.808333 0.607186 0.820000 0.594012 0.820000 0.592216 0.828333 0.583234 0.827500 0.582635 0.832500 0.577246 0.839167 0.565868 0.849167 0.563473 0.851667 0.564072 0.853333 0.562275 0.855833 0.562275 0.860000 0.556886 0.860000 0.553293 0.858333 0.552695 0.858333 0.550299 0.864167 0.545509 0.865000 0.542515 0.867500 0.540120 0.867500 0.537725 0.862500 0.532934 0.851667 0.528144 0.847500 0.527545 0.843333 0.525150 0.838333 0.523952 0.837500 0.524551 0.832500 0.522754 0.831667 0.523353
3 0.441667 0.648503 0.440000 0.649102 0.435000 0.647305 0.429167 0.648503 0.422500 0.653293 0.418333 0.659880 0.428333 0.669461 0.427500 0.675449 0.406667 0.693413 0.395000 0.705988 0.389167 0.709581 0.374167 0.724551 0.360000 0.735928 0.338333 0.758683 0.340000 0.764671 0.358333 0.774850 0.360000 0.774252 0.365000 0.776048 0.373333 0.773054 0.391667 0.753892 0.393333 0.753892 0.430833 0.719162 0.436667 0.716766 0.440000 0.711976 0.461667 0.694012 0.470000 0.691018 0.485000 0.697006 0.492500 0.693413 0.498333 0.686228 0.498333 0.682036 0.490833 0.677245 0.491667 0.676647 0.484167 0.673054 0.471667 0.663473
0 0.842500 0.567665 0.835000 0.561677 0.811667 0.559880 0.792500 0.566467 0.765833 0.585030 0.750000 0.579641 0.738333 0.579641 0.725833 0.583234 0.719167 0.589820 0.715833 0.617964 0.706667 0.628743 0.692500 0.631138 0.657500 0.646707 0.608333 0.659880 0.593333 0.667066 0.556667 0.674850 0.524167 0.688024 0.513333 0.698204 0.513333 0.710180 0.522500 0.721557 0.530833 0.741317 0.545000 0.747305 0.568333 0.746108 0.672500 0.713174 0.735000 0.701198 0.750833 0.701796 0.765000 0.697605 0.778333 0.700000 0.788333 0.705389 0.802500 0.707186 0.809167 0.699401 0.830000 0.686228 0.844167 0.682635 0.860833 0.683832 0.884167 0.677844 0.892500 0.670659 0.896667 0.656287 0.870833 0.601796
