2 0.677500 0.360479 0.640833 0.365868 0.608333 0.376647 0.582500 0.377844 0.554167 0.382635 0.490833 0.398204 0.482500 0.407784 0.485833 0.427545 0.500000 0.444910 0.511667 0.449102 0.544167 0.444311 0.556667 0.452695 0.564167 0.465269 0.564167 0.472455 0.585000 0.505389 0.589167 0.520958 0.596667 0.531737 0.607500 0.558683 0.623333 0.581437 0.636667 0.585629 0.650833 0.584431 0.697500 0.573054 0.720000 0.565868 0.727500 0.559281 0.722500 0.534132 0.715000 0.524551 0.709167 0.504790 0.695833 0.483234 0.688333 0.463473 0.673333 0.441317 0.666667 0.423952 0.668333 0.413772 0.696667 0.407186 0.701667 0.396407 0.700000 0.382635 0.694167 0.371856 0.684167 0.362275
2 0.455833 0.497605 0.438333 0.526347 0.415000 0.605988 0.406667 0.652096 0.406667 0.683234 0.425000 0.704790 0.468333 0.717365 0.502500 0.716766 0.516667 0.710180 0.528333 0.691617 0.540833 0.688024 0.590000 0.694611 0.620833 0.692814 0.657500 0.701198 0.723333 0.708982 0.742500 0.716168 0.795833 0.726347 0.823333 0.726946 0.833333 0.722754 0.859167 0.642515 0.855000 0.629341 0.841667 0.617964 0.823333 0.610778 0.756667 0.599401 0.720833 0.588024 0.639167 0.576048 0.620000 0.567665 0.578333 0.558683 0.560833 0.546108 0.569167 0.513174 0.564167 0.501796 0.554167 0.495808 0.501667 0.483832 0.470000 0.488623
3 0.393333 0.361677 0.382500 0.394611 0.380000 0.423353 0.390833 0.446707 0.404167 0.456886 0.438333 0.460479 0.473333 0.431138 0.481667 0.429940 0.805833 0.492814 0.840000 0.494012 0.854167 0.489820 0.862500 0.480838 0.871667 0.446108 0.861667 0.432934 0.851667 0.426946 0.558333 0.364671 0.514167 0.358683 0.500833 0.349701 0.493333 0.315569 0.473333 0.305988 0.449167 0.303593 0.430000 0.315569 0.407500 0.338922
0 0.915000 0.390419 0.910833 0.388024 0.906667 0.388024 0.900833 0.389820 0.895833 0.393413 0.883333 0.393413 0.879167 0.395808 0.877500 0.400000 0.878333 0.402395 0.876667 0.404790 0.848333 0.413174 0.840833 0.416766 0.840000 0.420359 0.843333 0.426347 0.845833 0.428144 0.854167 0.427545 0.885833 0.417964 0.889167 0.417964 0.890833 0.419162 0.894167 0.419162 0.896667 0.420359 0.902500 0.420359 0.906667 0.416766 0.920833 0.413772 0.925000 0.410778 0.925000 0.407784 0.923333 0.405988 0.923333 0.401796 0.921667 0.401198 0.920000 0.396407
3 0.590833 0.296407 0.566667 0.310778 0.539167 0.312575 0.524167 0.320359 0.485833 0.329940 0.430833 0.371856 0.424167 0.395210 0.445833 0.425748 0.486667 0.437126 0.520833 0.434132 0.522500 0.446707 0.535833 0.461078 0.537500 0.477844 0.559167 0.501198 0.600833 0.585629 0.642500 0.649102 0.659167 0.694012 0.697500 0.723952 0.712500 0.728743 0.727500 0.728144 0.763333 0.719162 0.778333 0.709581 0.787500 0.696407 0.787500 0.677844 0.769167 0.618563 0.749167 0.587425 0.741667 0.563473 0.730833 0.555090 0.715000 0.519760 0.706667 0.512575 0.698333 0.481437 0.672500 0.441916 0.667500 0.410778 0.655833 0.392216 0.685000 0.357485 0.688333 0.340719 0.675000 0.319162 0.658333 0.305988 0.631667 0.298802
2 0.654167 0.563473 0.641667 0.558683 0.623333 0.557485 0.591667 0.564072 0.583333 0.569461 0.580833 0.574850 0.585000 0.594611 0.581667 0.600000 0.568333 0.606587 0.501667 0.613174 0.410833 0.629341 0.384167 0.631737 0.373333 0.635928 0.366667 0.643114 0.378333 0.693413 0.386667 0.710180 0.392500 0.714371 0.416667 0.716168 0.517500 0.698802 0.536667 0.698204 0.569167 0.691018 0.600833 0.689222 0.610833 0.694012 0.626667 0.717964 0.638333 0.720359 0.654167 0.719760 0.680833 0.712575 0.687500 0.708383 0.690833 0.701198 0.688333 0.662874 0.665833 0.579641
2 0.449167 0.329940 0.437500 0.321557 0.427500 0.319760 0.381667 0.322156 0.358333 0.331138 0.352500 0.355090 0.344167 0.362275 0.333333 0.362275 0.325000 0.367066 0.261667 0.371856 0.245000 0.377844 0.223333 0.380838 0.205833 0.380240 0.160000 0.387425 0.148333 0.386826 0.130000 0.391617 0.121667 0.402994 0.120000 0.411377 0.123333 0.435928 0.135833 0.465269 0.145000 0.471856 0.158333 0.476048 0.181667 0.477246 0.255000 0.472455 0.270833 0.467665 0.292500 0.467066 0.303333 0.463473 0.331667 0.464671 0.340833 0.461677 0.350000 0.464072 0.361667 0.461677 0.373333 0.468862 0.382500 0.492216 0.395833 0.501796 0.423333 0.504192 0.450833 0.501796 0.463333 0.497006 0.475000 0.486228 0.477500 0.470659 0.468333 0.402994
0 0.605000 0.522156 0.555833 0.525150 0.508333 0.532335 0.495000 0.541317 0.492500 0.550898 0.495833 0.568263 0.508333 0.577246 0.512500 0.584431 0.509167 0.592814 0.495000 0.606587 0.496667 0.620359 0.503333 0.626946 0.516667 0.631737 0.535000 0.634731 0.541667 0.639521 0.542500 0.653892 0.547500 0.666467 0.548333 0.692216 0.554167 0.708982 0.552500 0.719760 0.557500 0.726347 0.555833 0.734731 0.560000 0.747305 0.568333 0.756287 0.595000 0.756287 0.616667 0.751497 0.634167 0.744311 0.642500 0.736527 0.635000 0.696407 0.637500 0.670659 0.631667 0.658683 0.633333 0.646108 0.630000 0.633533 0.635833 0.625150 0.655833 0.613772 0.660000 0.606587 0.661667 0.593413 0.656667 0.579641 0.648333 0.570060 0.645000 0.540719 0.640000 0.531138 0.635000 0.526946
4 0.340833 0.275449 0.292500 0.295210 0.280833 0.303593 0.273333 0.320359 0.285833 0.352695 0.390833 0.502395 0.344167 0.552695 0.347500 0.568263 0.371667 0.602994 0.381667 0.608982 0.412500 0.614970 0.490833 0.609581 0.552500 0.594611 0.598333 0.573054 0.630000 0.547305 0.656667 0.508982 0.646667 0.477844 0.632500 0.459880 0.621667 0.455689 0.566667 0.458084 0.536667 0.446108 0.431667 0.300000 0.401667 0.271257 0.372500 0.270060
2 0.384167 0.188024 0.376667 0.223353 0.380000 0.261078 0.387500 0.280838 0.412500 0.314970 0.437500 0.331138 0.461667 0.338323 0.510833 0.343114 0.542500 0.340120 0.567500 0.332335 0.610833 0.305988 0.628333 0.301796 0.661667 0.312575 0.695833 0.314970 0.742500 0.324551 0.797500 0.330539 0.832500 0.329940 0.852500 0.325749 0.877500 0.310180 0.900833 0.270659 0.892500 0.245509 0.863333 0.200000 0.809167 0.188623 0.666667 0.170060 0.655000 0.163473 0.653333 0.153892 0.623333 0.128144 0.556667 0.100000 0.512500 0.101796 0.483333 0.108383 0.455000 0.120958 0.416667 0.147904
3 0.339167 0.482635 0.313333 0.489222 0.299167 0.499401 0.129167 0.655689 0.110833 0.659880 0.085000 0.655090 0.074167 0.655689 0.058333 0.664671 0.053333 0.676048 0.076667 0.707784 0.103333 0.727545 0.140000 0.746108 0.180000 0.752695 0.193333 0.752695 0.201667 0.749701 0.217500 0.734132 0.219167 0.727545 0.199167 0.697605 0.370000 0.535329 0.377500 0.520359 0.376667 0.506587 0.356667 0.490419
1 0.149167 0.149701 0.091667 0.204790 0.077500 0.242515 0.087500 0.253293 0.120000 0.265868 0.161667 0.251497 0.239167 0.291018 0.303333 0.333533 0.704167 0.566467 0.735000 0.575449 0.757500 0.564072 0.783333 0.536527 0.772500 0.522156 0.265833 0.221557 0.223333 0.189222 0.236667 0.159281 0.230833 0.148503 0.205000 0.134731 0.191667 0.132934
0 0.240000 0.618563 0.233333 0.616168 0.230000 0.616168 0.204167 0.634731 0.200000 0.636527 0.190000 0.634731 0.186667 0.636527 0.186667 0.645509 0.181667 0.645509 0.177500 0.646707 0.171667 0.650898 0.170833 0.655090 0.174167 0.658683 0.180833 0.663473 0.188333 0.665868 0.191667 0.668263 0.196667 0.668862 0.204167 0.665269 0.210000 0.658084 0.216667 0.658084 0.219167 0.655090 0.218333 0.650299 0.216667 0.648503 0.217500 0.646707 0.227500 0.639521 0.230000 0.636527 0.233333 0.635329 0.233333 0.634132 0.240000 0.629341 0.244167 0.624551 0.244167 0.622755 0.242500 0.620359 0.240000 0.619760
2 0.357500 0.519162 0.334167 0.525150 0.308333 0.544311 0.291667 0.582635 0.302500 0.613174 0.342500 0.642515 0.344167 0.651497 0.283333 0.807784 0.260833 0.838323 0.251667 0.873653 0.258333 0.883832 0.304167 0.906587 0.363333 0.917964 0.415833 0.919760 0.435833 0.909581 0.445833 0.894012 0.486667 0.791617 0.515833 0.747305 0.539167 0.689222 0.560833 0.683832 0.606667 0.681437 0.627500 0.672455 0.649167 0.655090 0.660833 0.635928 0.665833 0.607784 0.661667 0.587425 0.640833 0.570060 0.572500 0.541916 0.507500 0.526946 0.451667 0.520359
3 0.874167 0.520958 0.853333 0.510778 0.830000 0.507784 0.790000 0.519162 0.739167 0.552096 0.672500 0.610778 0.647500 0.626946 0.628333 0.632335 0.617500 0.645509 0.516667 0.718563 0.501667 0.734731 0.480000 0.739521 0.440833 0.728144 0.420000 0.727545 0.386667 0.743713 0.376667 0.754491 0.376667 0.774850 0.396667 0.812575 0.424167 0.826946 0.476667 0.864671 0.546667 0.883832 0.579167 0.881437 0.605833 0.859281 0.600833 0.837126 0.607500 0.816168 0.592500 0.800000 0.596667 0.792216 0.660000 0.750299 0.728333 0.695210 0.753333 0.681437 0.799167 0.639521 0.822500 0.623353 0.849167 0.612575 0.880833 0.586826 0.899167 0.549102 0.895833 0.538922
3 0.098333 0.382036 0.093333 0.392216 0.095000 0.393413 0.095000 0.395808 0.097500 0.397006 0.102500 0.397006 0.111667 0.394611 0.115000 0.396407 0.115000 0.399401 0.147500 0.450299 0.153333 0.462874 0.159167 0.467066 0.162500 0.467665 0.171667 0.464671 0.175000 0.464671 0.176667 0.462874 0.180000 0.462275 0.180833 0.454491 0.175000 0.446108 0.175000 0.443713 0.170000 0.437126 0.170000 0.435329 0.167500 0.433533 0.165833 0.428144 0.163333 0.426946 0.156667 0.416766 0.155833 0.413772 0.152500 0.410180 0.147500 0.401198 0.148333 0.400599 0.140833 0.390419 0.141667 0.387425 0.150833 0.383832 0.152500 0.382036 0.152500 0.379042 0.150000 0.375449 0.145833 0.373054 0.139167 0.373054 0.135000 0.374251 0.134167 0.373653 0.130000 0.375449 0.118333 0.377246 0.103333 0.381437 0.102500 0.380838 0.100000 0.382635
4 0.589167 0.344910 0.528333 0.351497 0.507500 0.358084 0.497500 0.371257 0.504167 0.391018 0.501667 0.443114 0.511667 0.471257 0.515833 0.508383 0.512500 0.518563 0.518333 0.530539 0.514167 0.537725 0.499167 0.546108 0.456667 0.562275 0.446667 0.575449 0.449167 0.610180 0.464167 0.621557 0.489167 0.626946 0.550833 0.629341 0.653333 0.620359 0.685000 0.613772 0.722500 0.598204 0.730833 0.587425 0.725833 0.544311 0.715833 0.540120 0.665000 0.537725 0.655833 0.532335 0.659167 0.520958 0.654167 0.512575 0.655000 0.483234 0.645833 0.449701 0.649167 0.428144 0.642500 0.367066 0.634167 0.349102
3 0.109167 0.014970 0.099167 0.022754 0.093333 0.035928 0.094167 0.072455 0.089167 0.118563 0.086667 0.200599 0.076667 0.254491 0.070000 0.257485 0.058333 0.256886 0.030833 0.264072 0.028333 0.293413 0.038333 0.298802 0.063333 0.301796 0.180833 0.302994 0.204167 0.298204 0.211667 0.293413 0.214167 0.272455 0.210000 0.264072 0.177500 0.259880 0.166667 0.254491 0.179167 0.061078 0.177500 0.034731 0.165000 0.018563 0.140833 0.014970
