1 0.626667 0.101796 0.535833 0.107186 0.513333 0.120359 0.496667 0.147305 0.499167 0.164671 0.540000 0.204192 0.229167 0.861078 0.230000 0.894611 0.265833 0.919760 0.316667 0.920958 0.349167 0.890419 0.660000 0.249102 0.683333 0.235928 0.741667 0.226946 0.760833 0.200000 0.763333 0.177844 0.742500 0.152096 0.689167 0.123353
0 0.446667 0.373054 0.404167 0.388024 0.382500 0.398204 0.373333 0.408982 0.373333 0.420958 0.387500 0.434731 0.405000 0.440120 0.400833 0.444311 0.395000 0.461078 0.398333 0.471257 0.406667 0.476048 0.430000 0.476048 0.442500 0.480240 0.470000 0.517365 0.477500 0.535329 0.501667 0.570659 0.513333 0.579042 0.533333 0.579042 0.548333 0.574850 0.565833 0.564072 0.568333 0.553293 0.565000 0.543114 0.544167 0.509581 0.540000 0.495210 0.535833 0.489222 0.526667 0.484431 0.525833 0.477844 0.516667 0.463473 0.518333 0.451497 0.528333 0.443114 0.531667 0.432335 0.530833 0.425150 0.523333 0.418563 0.505833 0.413772 0.502500 0.408383 0.503333 0.390419 0.497500 0.379641 0.490833 0.374850 0.474167 0.369461
4 0.764167 0.517365 0.715833 0.517365 0.686667 0.523353 0.665000 0.523952 0.630833 0.531138 0.617500 0.531737 0.585000 0.541317 0.570833 0.552096 0.575000 0.569461 0.584167 0.586228 0.625833 0.583234 0.642500 0.597006 0.674167 0.709581 0.681667 0.727545 0.690000 0.734731 0.726667 0.729940 0.760000 0.728743 0.773333 0.724551 0.776667 0.720359 0.776667 0.697006 0.766667 0.665868 0.757500 0.649102 0.745833 0.597605 0.739167 0.583832 0.740000 0.572455 0.745000 0.568263 0.760833 0.570659 0.782500 0.556287 0.783333 0.546707 0.776667 0.523952
3 0.754167 0.231138 0.726667 0.236527 0.709167 0.253293 0.657500 0.355689 0.605833 0.446108 0.595000 0.473653 0.582500 0.481437 0.535833 0.483832 0.520833 0.497605 0.515833 0.513174 0.531667 0.529341 0.569167 0.549701 0.609167 0.562874 0.673333 0.571856 0.704167 0.566467 0.720000 0.556287 0.727500 0.535329 0.688333 0.504192 0.782500 0.321557 0.806667 0.265269 0.801667 0.246108 0.790833 0.240120
3 0.626667 0.337725 0.597500 0.322755 0.586667 0.320958 0.563333 0.331138 0.569167 0.358683 0.559167 0.366467 0.520833 0.377844 0.460833 0.400000 0.425833 0.407784 0.398333 0.419760 0.340000 0.439521 0.332500 0.444311 0.324167 0.457485 0.327500 0.470659 0.336667 0.483832 0.347500 0.489222 0.377500 0.486826 0.416667 0.471257 0.513333 0.440719 0.598333 0.409581 0.607500 0.418563 0.630000 0.429940 0.654167 0.423952 0.660000 0.416168 0.659167 0.399401
3 0.360833 0.339521 0.344167 0.343713 0.334167 0.352096 0.323333 0.375449 0.318333 0.428743 0.318333 0.504790 0.312500 0.543114 0.314167 0.571856 0.307500 0.577844 0.279167 0.585629 0.275000 0.611377 0.282500 0.617964 0.299167 0.623952 0.348333 0.632335 0.395833 0.633533 0.435833 0.628743 0.446667 0.623353 0.452500 0.612575 0.452500 0.595808 0.449167 0.589222 0.415833 0.582635 0.405833 0.574251 0.410000 0.544910 0.408333 0.467066 0.412500 0.402395 0.421667 0.372455 0.416667 0.363473 0.419167 0.356886 0.408333 0.347904 0.409167 0.341916 0.405833 0.340719 0.396667 0.342515
2 0.330833 0.386826 0.322500 0.404192 0.306667 0.492216 0.302500 0.592814 0.314167 0.604192 0.363333 0.614371 0.410000 0.611377 0.424167 0.600000 0.430833 0.583832 0.440000 0.574850 0.474167 0.569461 0.554167 0.576647 0.588333 0.572455 0.709167 0.581437 0.733333 0.579042 0.746667 0.568263 0.757500 0.535928 0.758333 0.496407 0.748333 0.475449 0.729167 0.464671 0.660000 0.453892 0.605000 0.449701 0.584167 0.452695 0.560833 0.449102 0.540833 0.450898 0.508333 0.443713 0.492500 0.445509 0.482500 0.440719 0.466667 0.440719 0.455000 0.430539 0.450833 0.396407 0.437500 0.382036 0.420000 0.376647 0.369167 0.371257 0.347500 0.376048
3 0.234167 0.279042 0.214167 0.288024 0.189167 0.308383 0.188333 0.329940 0.198333 0.345509 0.257500 0.399401 0.272500 0.408383 0.297500 0.434731 0.375833 0.498204 0.403333 0.527545 0.416667 0.556886 0.448333 0.583832 0.443333 0.592814 0.423333 0.608383 0.425833 0.622156 0.456667 0.643713 0.483333 0.639521 0.523333 0.623353 0.544167 0.607186 0.622500 0.567665 0.643333 0.549701 0.651667 0.530539 0.621667 0.503593 0.600833 0.505389 0.563333 0.519162 0.547500 0.519760 0.540000 0.516168 0.523333 0.495808 0.335000 0.330539 0.271667 0.285030 0.256667 0.279042
3 0.609167 0.450898 0.561667 0.439521 0.533333 0.435928 0.485833 0.435329 0.469167 0.438323 0.460833 0.444311 0.456667 0.462275 0.470833 0.485629 0.462500 0.498802 0.466667 0.504790 0.465000 0.517365 0.458333 0.529341 0.462500 0.536527 0.452500 0.550299 0.456667 0.558683 0.444167 0.588024 0.442500 0.605389 0.427500 0.629940 0.428333 0.644311 0.421667 0.659281 0.422500 0.686228 0.430833 0.703593 0.438333 0.708383 0.485000 0.708383 0.502500 0.694611 0.538333 0.585629 0.551667 0.554491 0.566667 0.502395 0.574167 0.494611 0.610000 0.493413 0.620833 0.483234 0.625000 0.468263 0.623333 0.462275
3 0.829167 0.457485 0.806667 0.456287 0.769167 0.471856 0.417500 0.683234 0.398333 0.680838 0.365833 0.654491 0.346667 0.658683 0.312500 0.679641 0.315000 0.700000 0.343333 0.734731 0.447500 0.817365 0.471667 0.828144 0.489167 0.830539 0.520833 0.814371 0.531667 0.802994 0.509167 0.774252 0.514167 0.758084 0.682500 0.642515 0.794167 0.578443 0.876667 0.522156 0.881667 0.504192 0.856667 0.476647
0 0.558333 0.335329 0.545833 0.340120 0.530000 0.350299 0.519167 0.365868 0.515833 0.375449 0.505833 0.380240 0.508333 0.385030 0.506667 0.388024 0.496667 0.395210 0.488333 0.398204 0.485000 0.422156 0.482500 0.425748 0.475833 0.427545 0.468333 0.425150 0.453333 0.425150 0.445000 0.430539 0.445000 0.438323 0.448333 0.442515 0.445833 0.449102 0.447500 0.457485 0.441667 0.461677 0.430833 0.465269 0.427500 0.472455 0.420000 0.480240 0.420833 0.487425 0.423333 0.489222 0.449167 0.497006 0.462500 0.504192 0.481667 0.507186 0.502500 0.516766 0.511667 0.516766 0.519167 0.512575 0.522500 0.507186 0.524167 0.491018 0.531667 0.484431 0.535000 0.477844 0.550000 0.474252 0.556667 0.470060 0.556667 0.462874 0.541667 0.451497 0.538333 0.445509 0.548333 0.432934 0.556667 0.415569 0.571667 0.396407 0.575833 0.383832 0.586667 0.374850 0.595000 0.358683 0.595000 0.350898 0.587500 0.345509
3 0.703333 0.471257 0.691667 0.467066 0.670000 0.467665 0.645833 0.477246 0.579167 0.520958 0.407500 0.649102 0.401667 0.650898 0.387500 0.646707 0.351667 0.644910 0.322500 0.657485 0.320833 0.676647 0.327500 0.692814 0.335833 0.703593 0.370000 0.731737 0.404167 0.752096 0.433333 0.762874 0.461667 0.767066 0.484167 0.763473 0.504167 0.743114 0.490833 0.711976 0.494167 0.698204 0.713333 0.532934 0.727500 0.518563 0.736667 0.498204 0.733333 0.493413 0.716667 0.487425 0.711667 0.477246
3 0.256667 0.461677 0.230000 0.471257 0.198333 0.490419 0.189167 0.502395 0.192500 0.519162 0.297500 0.616766 0.357500 0.663473 0.426667 0.729341 0.455833 0.749102 0.458333 0.758683 0.431667 0.776048 0.424167 0.787425 0.445833 0.813772 0.465833 0.822156 0.522500 0.804790 0.649167 0.730539 0.658333 0.716168 0.624167 0.686228 0.614167 0.686228 0.564167 0.702994 0.552500 0.701198 0.519167 0.666467 0.316667 0.484431 0.281667 0.462275
4 0.579167 0.604790 0.568333 0.596407 0.546667 0.595808 0.515833 0.600000 0.513333 0.631138 0.502500 0.638323 0.488333 0.642515 0.315833 0.644311 0.288333 0.646108 0.275000 0.650898 0.275000 0.677844 0.270833 0.694611 0.274167 0.717964 0.307500 0.724551 0.363333 0.723353 0.384167 0.720359 0.492500 0.719162 0.505833 0.722156 0.510000 0.725748 0.503333 0.737725 0.520000 0.756886 0.530833 0.759880 0.571667 0.759281 0.581667 0.751497 0.585833 0.743114 0.591667 0.714371 0.590000 0.634132
