3 0.507500 0.281437 0.484167 0.287425 0.470000 0.296407 0.455833 0.328144 0.454167 0.372455 0.445833 0.421557 0.446667 0.458683 0.439167 0.508383 0.440000 0.541317 0.429167 0.549102 0.397500 0.550299 0.385833 0.556287 0.382500 0.583832 0.400833 0.597605 0.415000 0.600599 0.520833 0.610778 0.541667 0.610180 0.582500 0.602994 0.588333 0.598204 0.590000 0.588024 0.588333 0.568263 0.562500 0.557485 0.548333 0.556287 0.542500 0.543114 0.550000 0.525748 0.547500 0.479042 0.552500 0.464671 0.563333 0.374251 0.565833 0.311976 0.558333 0.291617 0.551667 0.287425 0.532500 0.282635
3 0.205833 0.391018 0.205833 0.438922 0.216667 0.482036 0.226667 0.501198 0.249167 0.525150 0.277500 0.540120 0.325833 0.532335 0.349167 0.493413 0.369167 0.481437 0.778333 0.452695 0.835833 0.437725 0.844167 0.426946 0.835000 0.409581 0.842500 0.395808 0.835833 0.375449 0.812500 0.361078 0.784167 0.356287 0.667500 0.358084 0.341667 0.380838 0.332500 0.378443 0.324167 0.366467 0.292500 0.343713 0.245833 0.337725 0.216667 0.361078
2 0.645833 0.295808 0.632500 0.296407 0.614167 0.302395 0.599167 0.313772 0.497500 0.370060 0.462500 0.398802 0.451667 0.398802 0.433333 0.387425 0.410833 0.383832 0.371667 0.402395 0.365000 0.410778 0.362500 0.425748 0.402500 0.471856 0.500000 0.547904 0.515000 0.549701 0.528333 0.547305 0.541667 0.541916 0.564167 0.526347 0.570000 0.518563 0.570833 0.507186 0.552500 0.480838 0.551667 0.474850 0.584167 0.455689 0.590000 0.447904 0.599167 0.446108 0.622500 0.428144 0.647500 0.416168 0.654167 0.408383 0.666667 0.402994 0.710833 0.371856 0.723333 0.358084 0.719167 0.347904 0.709167 0.340719 0.697500 0.337725 0.668333 0.306587
1 0.269167 0.452096 0.269167 0.495808 0.280000 0.512575 0.292500 0.514970 0.313333 0.514371 0.326667 0.486826 0.871667 0.515569 0.893333 0.512575 0.902500 0.502994 0.900833 0.476647 0.892500 0.468263 0.874167 0.461677 0.333333 0.431737 0.327500 0.407186 0.315833 0.402994 0.290000 0.402994 0.283333 0.408982
0 0.100833 0.601198 0.099167 0.603593 0.100833 0.607186 0.133333 0.628743 0.134167 0.634731 0.138333 0.637725 0.145000 0.637725 0.150833 0.642515 0.158333 0.644311 0.164167 0.641916 0.175000 0.631138 0.177500 0.626946 0.176667 0.623353 0.172500 0.619760 0.165833 0.618563 0.160000 0.611976 0.153333 0.610778 0.147500 0.612575 0.144167 0.612575 0.111667 0.596407 0.106667 0.597006
4 0.209167 0.386228 0.188333 0.386826 0.152500 0.395210 0.132500 0.403593 0.123333 0.413174 0.125000 0.443114 0.145000 0.495808 0.147500 0.518563 0.158333 0.534132 0.160000 0.548503 0.165833 0.555689 0.122500 0.577246 0.118333 0.585629 0.121667 0.601796 0.134167 0.623353 0.149167 0.629940 0.173333 0.633533 0.202500 0.633533 0.230833 0.629940 0.304167 0.614371 0.331667 0.602994 0.357500 0.583234 0.349167 0.560479 0.337500 0.546707 0.300833 0.535329 0.286667 0.535329 0.280000 0.531138 0.270833 0.501198 0.264167 0.492216 0.265000 0.483234 0.254167 0.447305 0.235833 0.403593 0.227500 0.391617
3 0.165833 0.062874 0.145000 0.088623 0.121667 0.132335 0.113333 0.163473 0.120833 0.184431 0.161667 0.190419 0.188333 0.179042 0.196667 0.171257 0.210833 0.172455 0.277500 0.188623 0.290833 0.195808 0.305833 0.197006 0.318333 0.203593 0.332500 0.204192 0.344167 0.209581 0.435000 0.233533 0.470833 0.239521 0.481667 0.244311 0.515000 0.250299 0.525833 0.249701 0.540000 0.240120 0.550833 0.218563 0.551667 0.198802 0.545833 0.190419 0.530833 0.181437 0.506667 0.172455 0.387500 0.142515 0.262500 0.105389 0.231667 0.091617 0.227500 0.079641 0.230000 0.062275 0.206667 0.053293 0.186667 0.050299
3 0.186667 0.654491 0.181667 0.727545 0.197500 0.778443 0.208333 0.793413 0.219167 0.798802 0.254167 0.797605 0.294167 0.776647 0.311667 0.776048 0.322500 0.779641 0.330833 0.774252 0.344167 0.774850 0.353333 0.771257 0.381667 0.773653 0.391667 0.767665 0.420833 0.772455 0.429167 0.766467 0.495000 0.768263 0.525833 0.764671 0.573333 0.770659 0.605833 0.765269 0.630000 0.767066 0.685833 0.755090 0.709167 0.743713 0.715833 0.735928 0.699167 0.688024 0.679167 0.679641 0.657500 0.677245 0.292500 0.679042 0.278333 0.674251 0.263333 0.640120 0.245000 0.634132 0.213333 0.634731 0.195000 0.643114
1 0.896667 0.298802 0.887500 0.291617 0.854167 0.292814 0.335833 0.460479 0.319167 0.458683 0.302500 0.438922 0.268333 0.446108 0.263333 0.456287 0.267500 0.473653 0.322500 0.549701 0.340000 0.553293 0.361667 0.543713 0.358333 0.519162 0.375000 0.507784 0.530000 0.456287 0.578333 0.447305 0.599167 0.437126 0.890833 0.343114 0.908333 0.331737 0.907500 0.316766
0 0.279167 0.620958 0.271667 0.621557 0.268333 0.625150 0.256667 0.659880 0.252500 0.663473 0.251667 0.662874 0.243333 0.664671 0.241667 0.667665 0.243333 0.674850 0.237500 0.682036 0.238333 0.687425 0.245833 0.691617 0.254167 0.692814 0.255833 0.694012 0.261667 0.695210 0.267500 0.695210 0.270000 0.696407 0.278333 0.695808 0.281667 0.693413 0.283333 0.690419 0.282500 0.682635 0.288333 0.679042 0.291667 0.675449 0.288333 0.670060 0.281667 0.666467 0.280833 0.662275 0.282500 0.661078 0.281667 0.659880 0.285000 0.653293 0.285000 0.649701 0.287500 0.646108 0.287500 0.641916 0.291667 0.632934 0.290833 0.632335 0.292500 0.626946 0.284167 0.622156
0 0.374167 0.629341 0.359167 0.617964 0.346667 0.616766 0.335000 0.619162 0.291667 0.634731 0.272500 0.638323 0.265833 0.641317 0.260000 0.647305 0.250833 0.648503 0.248333 0.650898 0.233333 0.655090 0.218333 0.654491 0.207500 0.648503 0.185000 0.647305 0.177500 0.651497 0.170000 0.665269 0.164167 0.667066 0.147500 0.665868 0.125000 0.673653 0.116667 0.686228 0.122500 0.706587 0.146667 0.736527 0.158333 0.747305 0.169167 0.751497 0.180000 0.752096 0.190833 0.749701 0.203333 0.741317 0.209167 0.729341 0.213333 0.731737 0.238333 0.735329 0.244167 0.734132 0.254167 0.728743 0.254167 0.710180 0.259167 0.702994 0.281667 0.694012 0.287500 0.689820 0.370833 0.659880 0.380833 0.652695 0.382500 0.644311
2 0.255000 0.516168 0.230833 0.519760 0.213333 0.531737 0.201667 0.553892 0.180833 0.580838 0.156667 0.626946 0.150000 0.631138 0.130000 0.631737 0.106667 0.635928 0.087500 0.650898 0.075833 0.671856 0.076667 0.686228 0.083333 0.698802 0.120833 0.725150 0.148333 0.737725 0.180833 0.747904 0.248333 0.758084 0.261667 0.753892 0.283333 0.734132 0.291667 0.720359 0.293333 0.698204 0.288333 0.689222 0.270833 0.674850 0.270000 0.669461 0.276667 0.655090 0.290833 0.637725 0.299167 0.619162 0.311667 0.603593 0.328333 0.564671 0.324167 0.553293 0.307500 0.537725 0.289167 0.526946
0 0.680833 0.437725 0.677500 0.435928 0.671667 0.435928 0.662500 0.440120 0.661667 0.439521 0.655000 0.443114 0.652500 0.443713 0.648333 0.442515 0.644167 0.443114 0.641667 0.444910 0.639167 0.444910 0.635833 0.447305 0.636667 0.447904 0.635000 0.448503 0.633333 0.451497 0.634167 0.453892 0.632500 0.459281 0.594167 0.477246 0.607500 0.491617 0.610000 0.490419 0.610833 0.491018 0.616667 0.488024 0.617500 0.488623 0.622500 0.485629 0.625833 0.485030 0.635000 0.480240 0.647500 0.475449 0.650000 0.475449 0.657500 0.478443 0.666667 0.477844 0.673333 0.474850 0.672500 0.474252 0.678333 0.468862 0.683333 0.467665 0.694167 0.462275 0.696667 0.458084 0.695000 0.451497
3 0.114167 0.125749 0.109167 0.131737 0.075833 0.145509 0.059167 0.158084 0.061667 0.180240 0.080833 0.209581 0.241667 0.379641 0.245833 0.386826 0.230000 0.405988 0.229167 0.416168 0.247500 0.435928 0.255833 0.439521 0.293333 0.436527 0.345833 0.419760 0.392500 0.396407 0.412500 0.377844 0.415000 0.363473 0.405000 0.347305 0.386667 0.334731 0.348333 0.343713 0.337500 0.343713 0.306667 0.313772 0.303333 0.305389 0.211667 0.216168 0.175000 0.174850 0.156667 0.145509 0.145000 0.141916 0.138333 0.134132 0.125833 0.132335 0.119167 0.125749
0 0.772500 0.261677 0.762500 0.258683 0.745000 0.257485 0.717500 0.267665 0.710000 0.268263 0.701667 0.265868 0.681667 0.267066 0.665833 0.272455 0.638333 0.289222 0.622500 0.308982 0.619167 0.324551 0.615833 0.329940 0.615833 0.335928 0.611667 0.343713 0.612500 0.352695 0.629167 0.370060 0.645833 0.379042 0.665000 0.383234 0.696667 0.383832 0.703333 0.383234 0.733333 0.373054 0.750833 0.362874 0.764167 0.351497 0.773333 0.337126 0.776667 0.325749 0.773333 0.316168 0.775833 0.307784 0.779167 0.302994 0.785000 0.298802 0.789167 0.292216 0.789167 0.283234 0.783333 0.270060
0 0.786667 0.235329 0.783333 0.225749 0.775833 0.221557 0.740000 0.223353 0.724167 0.215569 0.706667 0.214371 0.690000 0.215569 0.662500 0.223952 0.641667 0.223952 0.632500 0.221557 0.620833 0.224551 0.583333 0.222754 0.573333 0.225150 0.560833 0.222156 0.509167 0.223952 0.484167 0.230539 0.469167 0.240719 0.464167 0.273054 0.469167 0.282036 0.488333 0.290419 0.526667 0.290419 0.570833 0.294012 0.602500 0.294012 0.617500 0.297006 0.665833 0.298204 0.674167 0.301198 0.684167 0.322755 0.698333 0.327545 0.712500 0.318563 0.723333 0.316168 0.731667 0.317365 0.750000 0.325150 0.770833 0.324551 0.780833 0.321557 0.786667 0.313174
3 0.083333 0.429341 0.074167 0.447305 0.075833 0.473653 0.089167 0.486228 0.113333 0.498204 0.202500 0.526946 0.393333 0.575449 0.459167 0.599401 0.492500 0.604790 0.497500 0.620958 0.492500 0.640120 0.500833 0.651497 0.536667 0.661677 0.550833 0.660479 0.581667 0.632335 0.604167 0.597006 0.631667 0.534731 0.635000 0.511976 0.630000 0.497605 0.620000 0.491018 0.580000 0.482635 0.549167 0.513174 0.532500 0.517964 0.379167 0.477844 0.292500 0.450898 0.255833 0.444910 0.145000 0.414371 0.120000 0.414371
3 0.130000 0.548503 0.125833 0.562874 0.127500 0.583234 0.140000 0.591617 0.167500 0.597605 0.255000 0.604790 0.355000 0.617365 0.402500 0.617964 0.406667 0.646707 0.415000 0.650898 0.439167 0.653293 0.450000 0.649102 0.460833 0.638922 0.471667 0.607784 0.475000 0.574850 0.471667 0.553892 0.467500 0.549102 0.453333 0.543114 0.433333 0.543114 0.414167 0.555090 0.413333 0.562275 0.402500 0.565868 0.295833 0.555090 0.285833 0.552096 0.177500 0.543114 0.137500 0.543713
3 0.265833 0.235928 0.248333 0.255689 0.246667 0.265269 0.263333 0.291018 0.322500 0.338323 0.449167 0.423952 0.562500 0.513174 0.564167 0.528144 0.549167 0.549102 0.560833 0.564671 0.563333 0.584431 0.574167 0.595210 0.599167 0.602994 0.662500 0.586826 0.706667 0.566467 0.771667 0.523952 0.785000 0.504790 0.790833 0.470659 0.755833 0.442515 0.743333 0.438922 0.728333 0.441317 0.687500 0.460479 0.667500 0.453892 0.619167 0.412575 0.399167 0.249701 0.357500 0.223952 0.330833 0.216168 0.305000 0.216766
4 0.266667 0.314970 0.236667 0.365269 0.230000 0.391617 0.246667 0.401796 0.280833 0.412575 0.365000 0.423353 0.420833 0.434132 0.449167 0.443114 0.474167 0.446108 0.488333 0.451497 0.495833 0.459880 0.485833 0.470659 0.492500 0.489222 0.490833 0.495210 0.497500 0.502994 0.550833 0.513174 0.567500 0.505389 0.595000 0.466467 0.603333 0.435329 0.626667 0.388623 0.633333 0.346108 0.630833 0.333533 0.621667 0.325749 0.565833 0.316766 0.552500 0.330539 0.543333 0.353293 0.528333 0.358683 0.508333 0.358683 0.316667 0.319162 0.280000 0.313772
2 0.104167 0.097006 0.101667 0.107186 0.101667 0.111377 0.104167 0.117964 0.108333 0.122156 0.125833 0.129341 0.141667 0.129341 0.148333 0.127545 0.155833 0.122754 0.161667 0.122156 0.179167 0.126347 0.191667 0.127545 0.206667 0.131138 0.217500 0.131737 0.226667 0.128743 0.230833 0.126347 0.231667 0.123353 0.234167 0.120958 0.235000 0.115569 0.236667 0.113174 0.237500 0.106587 0.234167 0.100599 0.230833 0.098802 0.211667 0.094012 0.206667 0.094012 0.180000 0.088024 0.175000 0.085030 0.172500 0.076647 0.167500 0.072455 0.159167 0.068862 0.148333 0.065868 0.137500 0.066467 0.125000 0.071257 0.114167 0.080838 0.112500 0.084431 0.110833 0.085030 0.110000 0.088623 0.108333 0.089222 0.106667 0.094611
3 0.310000 0.191617 0.299167 0.197605 0.290833 0.216168 0.300833 0.227545 0.317500 0.268263 0.361667 0.308982 0.396667 0.359880 0.402500 0.377844 0.431667 0.406587 0.448333 0.441317 0.469167 0.467066 0.470833 0.496407 0.435833 0.529940 0.442500 0.551497 0.470000 0.564072 0.503333 0.568862 0.552500 0.556287 0.585833 0.553293 0.663333 0.523952 0.688333 0.498204 0.683333 0.480240 0.660833 0.459281 0.646667 0.456287 0.604167 0.461078 0.589167 0.455689 0.572500 0.425150 0.541667 0.391617 0.525000 0.366467 0.525833 0.357485 0.512500 0.346108 0.488333 0.306587 0.463333 0.278443 0.440000 0.234132 0.405833 0.189820 0.394167 0.179641 0.375000 0.174251
