2 0.664167 0.164072 0.630833 0.153293 0.606667 0.155090 0.433333 0.202994 0.422500 0.201796 0.395000 0.186228 0.363333 0.180240 0.332500 0.184431 0.296667 0.199401 0.275833 0.230539 0.272500 0.251497 0.275000 0.271257 0.295833 0.305389 0.348333 0.362275 0.371667 0.374251 0.387500 0.377844 0.415833 0.377844 0.444167 0.371856 0.470000 0.360479 0.490000 0.343114 0.500833 0.313174 0.510000 0.304192 0.570000 0.289222 0.685833 0.250299 0.698333 0.224551 0.690833 0.195210
3 0.249167 0.628144 0.255833 0.668862 0.270833 0.683234 0.285833 0.689222 0.409167 0.707186 0.422500 0.713772 0.500833 0.717365 0.558333 0.730539 0.590833 0.729940 0.625000 0.740120 0.643333 0.740719 0.654167 0.748503 0.672500 0.741916 0.700833 0.743713 0.735000 0.756886 0.740000 0.788024 0.755833 0.802994 0.795000 0.810180 0.810833 0.807186 0.839167 0.791018 0.857500 0.764671 0.868333 0.723353 0.862500 0.702994 0.865833 0.664072 0.857500 0.640719 0.841667 0.625749 0.825833 0.620359 0.795000 0.618563 0.783333 0.622156 0.736667 0.658084 0.650000 0.641916 0.518333 0.632934 0.469167 0.625749 0.441667 0.616168 0.402500 0.614970 0.360000 0.605389 0.285833 0.598204 0.260000 0.607784
3 0.524167 0.087425 0.498333 0.086826 0.469167 0.093413 0.433333 0.126347 0.306667 0.346707 0.290000 0.385030 0.273333 0.392814 0.230833 0.385030 0.214167 0.389222 0.194167 0.420958 0.195000 0.429341 0.210833 0.446108 0.348333 0.496407 0.395833 0.505389 0.429167 0.504790 0.438333 0.501198 0.449167 0.485629 0.455833 0.464072 0.430833 0.443114 0.412500 0.435928 0.415000 0.417365 0.433333 0.400599 0.457500 0.341916 0.537500 0.217964 0.575833 0.142515 0.578333 0.114970 0.572500 0.107784 0.550833 0.095210
3 0.340833 0.140719 0.326667 0.166467 0.321667 0.195210 0.331667 0.207784 0.349167 0.217964 0.717500 0.322755 0.725833 0.329940 0.722500 0.358084 0.726667 0.366467 0.760000 0.378443 0.791667 0.377246 0.821667 0.353293 0.859167 0.286228 0.870000 0.248503 0.867500 0.222156 0.853333 0.213174 0.814167 0.205988 0.784167 0.216168 0.769167 0.231138 0.755000 0.232335 0.415000 0.140719 0.358333 0.132335 0.348333 0.134132
4 0.605000 0.438922 0.540000 0.436527 0.491667 0.440719 0.472500 0.448503 0.463333 0.458084 0.458333 0.473653 0.465833 0.520958 0.458333 0.540719 0.465000 0.580838 0.461667 0.617964 0.467500 0.628144 0.455833 0.641317 0.417500 0.650898 0.383333 0.673054 0.379167 0.682036 0.378333 0.716766 0.396667 0.726347 0.433333 0.736527 0.470000 0.741317 0.598333 0.741317 0.646667 0.732335 0.669167 0.724551 0.681667 0.714970 0.690000 0.681437 0.683333 0.659880 0.671667 0.655090 0.610000 0.646707 0.604167 0.640120 0.621667 0.598204 0.615833 0.553892 0.620833 0.545509 0.620000 0.489820 0.624167 0.473653 0.618333 0.446707
0 0.196667 0.758683 0.185833 0.785629 0.173333 0.830539 0.173333 0.843114 0.180000 0.851497 0.214167 0.856287 0.228333 0.865868 0.237500 0.866467 0.253333 0.873054 0.266667 0.871856 0.275833 0.864072 0.293333 0.857485 0.305000 0.865269 0.315000 0.865868 0.320833 0.873653 0.328333 0.868862 0.343333 0.873054 0.354167 0.871856 0.360833 0.875449 0.381667 0.879042 0.390833 0.884431 0.401667 0.883234 0.440000 0.893413 0.471667 0.888623 0.483333 0.883234 0.498333 0.851497 0.496667 0.843713 0.486667 0.835928 0.400833 0.816766 0.380000 0.814371 0.361667 0.807784 0.340833 0.805389 0.305000 0.796407 0.299167 0.785629 0.299167 0.771856 0.290000 0.762275 0.261667 0.769461 0.250000 0.765269 0.242500 0.758084 0.226667 0.754491 0.210833 0.753293 0.203333 0.754491
3 0.594167 0.435329 0.567500 0.430539 0.542500 0.437126 0.509167 0.459281 0.449167 0.522754 0.376667 0.610778 0.330000 0.656287 0.305833 0.689222 0.291667 0.694611 0.269167 0.688623 0.249167 0.688623 0.218333 0.718563 0.230000 0.740120 0.290833 0.782635 0.342500 0.805988 0.395000 0.820958 0.415833 0.820359 0.433333 0.808383 0.447500 0.791617 0.451667 0.780838 0.417500 0.754491 0.412500 0.742515 0.463333 0.688024 0.522500 0.612575 0.591667 0.537126 0.634167 0.503593 0.635000 0.492216 0.645000 0.485030 0.640833 0.468862 0.647500 0.461677
2 0.566667 0.574850 0.532500 0.573054 0.493333 0.579641 0.447500 0.597006 0.425000 0.614371 0.426667 0.649102 0.447500 0.699401 0.455000 0.731737 0.470000 0.767066 0.477500 0.775449 0.481667 0.792216 0.439167 0.824551 0.433333 0.835329 0.433333 0.853892 0.445000 0.887425 0.454167 0.899401 0.473333 0.911976 0.493333 0.916168 0.536667 0.915569 0.578333 0.910778 0.621667 0.898802 0.675000 0.889820 0.730000 0.865269 0.745833 0.851497 0.757500 0.830539 0.751667 0.794012 0.732500 0.770060 0.710833 0.761078 0.670000 0.754491 0.657500 0.748503 0.637500 0.713174 0.625000 0.640120 0.613333 0.614371 0.595833 0.589820
4 0.758333 0.288623 0.695000 0.291018 0.671667 0.295808 0.645000 0.305988 0.611667 0.334731 0.598333 0.362874 0.599167 0.387425 0.616667 0.408982 0.647500 0.423353 0.669167 0.443713 0.667500 0.546707 0.674167 0.580240 0.681667 0.591617 0.693333 0.598802 0.731667 0.606587 0.765000 0.606587 0.779167 0.603593 0.791667 0.597006 0.808333 0.580838 0.815000 0.452695 0.877500 0.392814 0.885833 0.370659 0.883333 0.346108 0.867500 0.328743 0.811667 0.296407
3 0.665833 0.505389 0.630000 0.462874 0.615000 0.450898 0.599167 0.443713 0.580000 0.444910 0.555833 0.456287 0.534167 0.476647 0.502500 0.490419 0.440833 0.508982 0.419167 0.519162 0.405833 0.520359 0.385833 0.531138 0.358333 0.535928 0.303333 0.555090 0.270000 0.561078 0.235833 0.571856 0.198333 0.593413 0.190833 0.601198 0.190000 0.609581 0.205833 0.635928 0.218333 0.648503 0.238333 0.653892 0.260833 0.650898 0.296667 0.639521 0.352500 0.627545 0.584167 0.564072 0.600000 0.564671 0.628333 0.592814 0.654167 0.591617 0.675833 0.583234 0.688333 0.570659 0.676667 0.526347
0 0.755833 0.581437 0.718333 0.588024 0.705833 0.599401 0.706667 0.676048 0.713333 0.710778 0.711667 0.734132 0.677500 0.755090 0.670833 0.762275 0.668333 0.774252 0.672500 0.785629 0.695000 0.806587 0.694167 0.814970 0.687500 0.823353 0.686667 0.837725 0.693333 0.853293 0.719167 0.862275 0.773333 0.867066 0.818333 0.862275 0.835000 0.857485 0.844167 0.850299 0.855000 0.833533 0.854167 0.821557 0.844167 0.796407 0.854167 0.788623 0.860833 0.775449 0.859167 0.764072 0.849167 0.749701 0.810000 0.729341 0.801667 0.684431 0.802500 0.655689 0.795000 0.600000 0.788333 0.589820 0.775833 0.582635
4 0.767500 0.468263 0.738333 0.449102 0.686667 0.446108 0.669167 0.450898 0.638333 0.489820 0.615833 0.501198 0.560000 0.505389 0.525833 0.502994 0.460833 0.505389 0.441667 0.501198 0.406667 0.503593 0.372500 0.501198 0.339167 0.504790 0.325000 0.517365 0.313333 0.562874 0.316667 0.593413 0.330833 0.608383 0.353333 0.614970 0.523333 0.620359 0.621667 0.618563 0.635833 0.626946 0.658333 0.671856 0.681667 0.677844 0.731667 0.677245 0.767500 0.646108 0.780000 0.613174 0.783333 0.540120 0.779167 0.498802
1 0.115000 0.406587 0.074167 0.452695 0.080833 0.465868 0.106667 0.476647 0.135833 0.461677 0.149167 0.462874 0.589167 0.737725 0.637500 0.755689 0.666667 0.740719 0.679167 0.724551 0.656667 0.698204 0.200000 0.417964 0.206667 0.381437 0.192500 0.368862 0.178333 0.367066 0.163333 0.372455
0 0.882500 0.831138 0.869167 0.809581 0.855000 0.802395 0.827500 0.803593 0.806667 0.817964 0.797500 0.820958 0.777500 0.815569 0.757500 0.804192 0.740833 0.809581 0.729167 0.841916 0.718333 0.840719 0.534167 0.860479 0.527500 0.865269 0.524167 0.873054 0.530000 0.907186 0.542500 0.916766 0.561667 0.917964 0.681667 0.905389 0.736667 0.902994 0.746667 0.907784 0.761667 0.929341 0.767500 0.931737 0.787500 0.929341 0.801667 0.911976 0.822500 0.914970 0.843333 0.921557 0.869167 0.919162 0.882500 0.914970 0.890833 0.902395 0.890000 0.864072
0 0.549167 0.631737 0.538333 0.651497 0.537500 0.662874 0.532500 0.673653 0.532500 0.687425 0.528333 0.695808 0.528333 0.704790 0.534167 0.719162 0.548333 0.725150 0.559167 0.727545 0.582500 0.726347 0.597500 0.737725 0.608333 0.740120 0.629167 0.736527 0.638333 0.728743 0.650833 0.724551 0.662500 0.728144 0.674167 0.727545 0.740000 0.750898 0.750000 0.751497 0.783333 0.760479 0.809167 0.763473 0.832500 0.762275 0.851667 0.755090 0.860833 0.746108 0.874167 0.719760 0.866667 0.706587 0.844167 0.698802 0.824167 0.697006 0.775833 0.685030 0.748333 0.681437 0.710000 0.671257 0.673333 0.664671 0.664167 0.655689 0.667500 0.644311 0.660833 0.629940 0.635833 0.632934 0.616667 0.642515 0.608333 0.637725 0.600000 0.626347 0.577500 0.619162 0.560833 0.621557
0 0.312500 0.499401 0.310000 0.501198 0.306667 0.501796 0.290833 0.511377 0.291667 0.514970 0.295833 0.519162 0.300833 0.521557 0.301667 0.528144 0.304167 0.529940 0.310000 0.529940 0.314167 0.528742 0.338333 0.550898 0.342500 0.552695 0.345833 0.552695 0.347500 0.551497 0.348333 0.552096 0.355833 0.547305 0.355833 0.544311 0.330000 0.519162 0.333333 0.514371 0.333333 0.510778 0.326667 0.508383 0.316667 0.499401
