2 0.770000 0.164072 0.730000 0.155689 0.693333 0.162275 0.511667 0.234731 0.499167 0.232934 0.471667 0.219760 0.445000 0.214970 0.400833 0.222754 0.359167 0.245509 0.341667 0.285629 0.339167 0.308982 0.348333 0.329341 0.382500 0.370060 0.454167 0.426347 0.481667 0.435928 0.503333 0.437725 0.531667 0.434731 0.569167 0.422156 0.586667 0.411976 0.610000 0.386826 0.618333 0.347904 0.625833 0.339521 0.666667 0.325150 0.812500 0.259281 0.820833 0.230539 0.811667 0.204192 0.786667 0.176048
0 0.376667 0.714371 0.325000 0.716168 0.262500 0.722754 0.245833 0.732335 0.247500 0.758084 0.238333 0.771257 0.240833 0.780838 0.237500 0.789820 0.244167 0.797006 0.270833 0.804790 0.278333 0.818563 0.274167 0.825749 0.271667 0.848503 0.275000 0.858683 0.272500 0.868263 0.275000 0.896407 0.265833 0.925749 0.268333 0.932934 0.283333 0.950299 0.297500 0.955689 0.346667 0.955090 0.358333 0.943114 0.357500 0.805389 0.364167 0.798802 0.396667 0.787425 0.400833 0.782635 0.397500 0.776048 0.385000 0.768263 0.385000 0.758084 0.393333 0.744910 0.392500 0.729341 0.387500 0.719162
3 0.577500 0.302994 0.550833 0.264671 0.518333 0.264671 0.500833 0.268862 0.492500 0.307186 0.485000 0.311377 0.114167 0.344910 0.087500 0.358683 0.089167 0.395808 0.098333 0.410778 0.131667 0.419162 0.150833 0.419760 0.384167 0.397006 0.431667 0.395210 0.486667 0.384431 0.505833 0.392814 0.525000 0.426347 0.569167 0.423353 0.580000 0.412575 0.585000 0.394012 0.585833 0.349701
3 0.592500 0.294012 0.577500 0.298802 0.556667 0.295808 0.540000 0.300000 0.528333 0.312575 0.525000 0.324551 0.530833 0.387425 0.561667 0.548503 0.548333 0.554491 0.528333 0.570060 0.523333 0.592216 0.527500 0.598204 0.545000 0.606587 0.575833 0.611976 0.620833 0.610778 0.661667 0.604192 0.690833 0.594012 0.711667 0.580838 0.717500 0.571856 0.708333 0.547904 0.670000 0.537725 0.660833 0.532335 0.657500 0.526347 0.617500 0.325749 0.601667 0.297605
2 0.715000 0.368862 0.671667 0.350299 0.633333 0.352096 0.592500 0.372455 0.583333 0.410778 0.565833 0.417964 0.480000 0.434132 0.461667 0.442515 0.430833 0.446108 0.411667 0.453892 0.385833 0.453293 0.357500 0.464072 0.323333 0.469461 0.310833 0.483234 0.307500 0.500599 0.320000 0.538922 0.332500 0.559880 0.349167 0.570060 0.392500 0.572455 0.480000 0.555090 0.509167 0.553892 0.541667 0.543114 0.638333 0.532335 0.654167 0.534731 0.662500 0.540719 0.674167 0.565868 0.683333 0.573653 0.702500 0.576647 0.732500 0.575449 0.765833 0.562874 0.777500 0.555090 0.785833 0.541317 0.780833 0.485629 0.735833 0.395210
1 0.595000 0.308383 0.548333 0.297605 0.529167 0.298204 0.520833 0.307186 0.515000 0.326347 0.543333 0.340719 0.545000 0.348503 0.306667 0.747904 0.305833 0.771856 0.326667 0.783234 0.346667 0.788024 0.361667 0.786826 0.390000 0.761677 0.430833 0.682635 0.485833 0.601198 0.614167 0.374850 0.628333 0.367665 0.665833 0.367665 0.684167 0.352096 0.677500 0.338922
3 0.894167 0.123353 0.882500 0.113772 0.865833 0.108982 0.840833 0.111976 0.800000 0.127545 0.736667 0.160479 0.714167 0.164671 0.705833 0.171257 0.653333 0.193413 0.638333 0.202395 0.628333 0.204790 0.611667 0.214970 0.598333 0.215569 0.575833 0.203593 0.565000 0.201198 0.536667 0.207784 0.527500 0.216168 0.526667 0.246707 0.568333 0.293413 0.610833 0.314371 0.629167 0.314970 0.650833 0.304790 0.651667 0.290419 0.660833 0.279042 0.655000 0.265868 0.662500 0.259880 0.779167 0.210778 0.820833 0.188024 0.838333 0.180838 0.858333 0.176647 0.885833 0.162275 0.902500 0.144910 0.902500 0.135329
0 0.469167 0.655689 0.458333 0.654491 0.451667 0.656287 0.448333 0.659880 0.445833 0.665269 0.446667 0.667066 0.444167 0.670659 0.444167 0.673054 0.441667 0.676647 0.442500 0.677245 0.439167 0.682635 0.440000 0.683234 0.436667 0.691018 0.433333 0.694012 0.430000 0.694012 0.429167 0.695210 0.423333 0.695210 0.418333 0.700000 0.420833 0.705389 0.422500 0.705988 0.425000 0.710778 0.426667 0.711377 0.423333 0.713174 0.420833 0.713174 0.416667 0.716766 0.417500 0.717964 0.414167 0.722156 0.414167 0.725748 0.415833 0.728743 0.422500 0.732335 0.424167 0.731737 0.435833 0.734731 0.449167 0.734132 0.452500 0.735329 0.459167 0.734132 0.465000 0.724551 0.465000 0.715569 0.473333 0.711976 0.473333 0.706587 0.469167 0.702395 0.464167 0.700000 0.464167 0.694611 0.466667 0.691018 0.466667 0.688024 0.469167 0.685030 0.468333 0.683832 0.470000 0.681437 0.470000 0.678443 0.471667 0.677245 0.471667 0.673653 0.475833 0.663473 0.475000 0.658084
0 0.150833 0.224551 0.145833 0.258683 0.138333 0.277844 0.141667 0.305389 0.134167 0.329341 0.137500 0.338922 0.155000 0.349701 0.212500 0.343114 0.238333 0.349102 0.257500 0.364671 0.268333 0.367066 0.280000 0.365269 0.305833 0.339521 0.322500 0.333533 0.342500 0.337126 0.372500 0.335928 0.401667 0.340120 0.422500 0.339521 0.432500 0.342515 0.468333 0.341317 0.492500 0.347305 0.536667 0.347904 0.549167 0.344910 0.560833 0.331138 0.562500 0.292216 0.532500 0.277844 0.504167 0.273054 0.458333 0.271856 0.437500 0.264671 0.418333 0.268263 0.385833 0.255689 0.373333 0.258683 0.331667 0.258683 0.320000 0.253293 0.320000 0.240719 0.311667 0.223952 0.290000 0.220359 0.262500 0.230539 0.248333 0.229341 0.235833 0.233533 0.205833 0.222156 0.167500 0.217964
3 0.555000 0.580838 0.553333 0.586228 0.527500 0.604790 0.519167 0.616168 0.525000 0.631737 0.551667 0.653892 0.575000 0.666467 0.600833 0.685629 0.651667 0.713772 0.701667 0.747305 0.710000 0.755689 0.724167 0.761078 0.745000 0.774850 0.747500 0.782635 0.736667 0.801796 0.743333 0.808982 0.764167 0.821557 0.778333 0.821557 0.797500 0.813772 0.837500 0.789820 0.864167 0.766467 0.881667 0.741916 0.878333 0.726946 0.850833 0.711377 0.814167 0.726347 0.804167 0.727545 0.757500 0.695210 0.749167 0.692814 0.611667 0.605389 0.598333 0.590419 0.585000 0.589820 0.578333 0.585030 0.564167 0.585030 0.558333 0.580240
3 0.397500 0.122754 0.354167 0.094611 0.332500 0.083832 0.316667 0.082036 0.305833 0.086826 0.296667 0.096407 0.295000 0.102994 0.310833 0.128144 0.113333 0.273054 0.105000 0.283234 0.102500 0.292216 0.116667 0.309581 0.137500 0.318563 0.156667 0.319760 0.195000 0.306587 0.254167 0.267066 0.281667 0.244311 0.300000 0.237126 0.316667 0.224551 0.349167 0.207186 0.384167 0.182036 0.400000 0.186228 0.412500 0.185629 0.429167 0.176647 0.435833 0.167665 0.433333 0.156886 0.424167 0.145509
0 0.623333 0.800599 0.607500 0.786826 0.587500 0.783234 0.560000 0.785629 0.543333 0.797006 0.530833 0.799401 0.516667 0.796407 0.494167 0.782635 0.466667 0.783234 0.457500 0.787425 0.447500 0.799401 0.440000 0.817365 0.432500 0.822156 0.379167 0.825749 0.342500 0.824551 0.310833 0.828144 0.287500 0.826946 0.277500 0.831138 0.260833 0.828743 0.227500 0.835329 0.224167 0.838922 0.222500 0.862275 0.228333 0.880240 0.240833 0.898802 0.254167 0.907186 0.322500 0.903593 0.365000 0.907186 0.388333 0.902994 0.410000 0.905389 0.438333 0.903593 0.452500 0.910180 0.467500 0.926946 0.492500 0.934132 0.526667 0.931138 0.553333 0.923353 0.605000 0.922754 0.623333 0.914970 0.634167 0.887425 0.631667 0.841916
4 0.334167 0.175449 0.275833 0.183234 0.180000 0.216168 0.131667 0.241317 0.111667 0.260479 0.108333 0.271257 0.130000 0.308982 0.141667 0.314371 0.205000 0.301796 0.216667 0.303593 0.212500 0.318563 0.229167 0.350898 0.252500 0.376647 0.297500 0.450898 0.313333 0.464072 0.325833 0.466467 0.380000 0.451497 0.402500 0.441317 0.426667 0.426347 0.430000 0.414371 0.425833 0.396407 0.406667 0.377844 0.392500 0.358084 0.388333 0.343713 0.345000 0.291617 0.340833 0.280240 0.331667 0.273054 0.332500 0.261677 0.340000 0.252695 0.357500 0.241916 0.371667 0.226347 0.372500 0.213772 0.355833 0.181437 0.348333 0.176048
4 0.410000 0.523353 0.405000 0.522156 0.387500 0.525748 0.385000 0.529341 0.385000 0.539521 0.382500 0.540719 0.381667 0.542515 0.369167 0.543713 0.367500 0.544910 0.360000 0.545509 0.359167 0.546707 0.333333 0.550299 0.328333 0.552096 0.324167 0.552096 0.323333 0.553293 0.316667 0.553892 0.309167 0.557485 0.309167 0.564072 0.315000 0.579641 0.319167 0.582635 0.327500 0.582635 0.336667 0.580240 0.366667 0.576048 0.372500 0.574251 0.385000 0.572455 0.392500 0.570060 0.397500 0.574251 0.400833 0.579042 0.400833 0.580838 0.406667 0.583832 0.415833 0.582635 0.424167 0.579641 0.426667 0.577246 0.425833 0.576647 0.428333 0.573054 0.428333 0.568862 0.426667 0.565269 0.427500 0.562874 0.420833 0.540719 0.419167 0.539521 0.415833 0.530539 0.414167 0.529940 0.414167 0.528144 0.410000 0.524551
