0 0.565833 0.314970 0.536667 0.320958 0.515833 0.328144 0.490833 0.331138 0.477500 0.334731 0.474167 0.337126 0.473333 0.343713 0.485000 0.362874 0.497500 0.372455 0.496667 0.380240 0.489167 0.388024 0.487500 0.392814 0.490833 0.400000 0.498333 0.401796 0.521667 0.400599 0.525833 0.402994 0.532500 0.421557 0.545833 0.446707 0.545833 0.456287 0.554167 0.468263 0.561667 0.492216 0.572500 0.503593 0.581667 0.507186 0.594167 0.507784 0.620833 0.502395 0.627500 0.493413 0.626667 0.486228 0.610833 0.452695 0.610833 0.445509 0.605833 0.438323 0.605000 0.429341 0.597500 0.423952 0.591667 0.403593 0.584167 0.392216 0.591667 0.384431 0.604167 0.379641 0.610833 0.371257 0.594167 0.361677 0.581667 0.349701 0.582500 0.334132 0.575000 0.317964
2 0.765000 0.377844 0.752500 0.371856 0.722500 0.366467 0.677500 0.370060 0.660000 0.380838 0.650833 0.417964 0.626667 0.425748 0.585833 0.422754 0.505000 0.425748 0.397500 0.420958 0.340000 0.425150 0.324167 0.436527 0.320000 0.447904 0.319167 0.532335 0.326667 0.542515 0.335833 0.546108 0.382500 0.551497 0.406667 0.549102 0.441667 0.553293 0.539167 0.553892 0.587500 0.550299 0.627500 0.552695 0.648333 0.561078 0.645000 0.591617 0.660833 0.601796 0.688333 0.607784 0.718333 0.607784 0.739167 0.602994 0.748333 0.595808 0.753333 0.583234 0.756667 0.539521 0.751667 0.518563 0.768333 0.467066 0.771667 0.388623
2 0.549167 0.474850 0.546667 0.473653 0.542500 0.473653 0.532500 0.476647 0.530000 0.478443 0.528333 0.482036 0.531667 0.488024 0.525833 0.492216 0.516667 0.494012 0.510000 0.496407 0.509167 0.497605 0.505000 0.498204 0.474167 0.509581 0.473333 0.513772 0.477500 0.519760 0.479167 0.524551 0.485000 0.531138 0.487500 0.532335 0.491667 0.532335 0.506667 0.528742 0.507500 0.527545 0.517500 0.525150 0.520000 0.523353 0.535000 0.519162 0.535833 0.517964 0.545000 0.514970 0.549167 0.516168 0.549167 0.517365 0.554167 0.522156 0.561667 0.522156 0.570833 0.518563 0.573333 0.515569 0.573333 0.513174 0.570000 0.505988 0.568333 0.504790 0.560000 0.487425
1 0.809167 0.086228 0.781667 0.077246 0.745000 0.089820 0.287500 0.461078 0.265833 0.468862 0.225833 0.459880 0.200000 0.470659 0.194167 0.484431 0.227500 0.516168 0.322500 0.571257 0.340000 0.573653 0.354167 0.565868 0.369167 0.547305 0.347500 0.522754 0.353333 0.509581 0.470000 0.413772 0.590833 0.324551 0.826667 0.129341 0.834167 0.116168 0.830000 0.104192
4 0.650000 0.575449 0.631667 0.568263 0.601667 0.570659 0.584167 0.579042 0.546667 0.585629 0.452500 0.620359 0.432500 0.624551 0.420000 0.623952 0.392500 0.601198 0.374167 0.596407 0.322500 0.602395 0.310000 0.607186 0.304167 0.613174 0.304167 0.643114 0.316667 0.678443 0.354167 0.741317 0.385000 0.770060 0.405833 0.778443 0.422500 0.777844 0.472500 0.764072 0.474167 0.759281 0.472500 0.726347 0.481667 0.721557 0.485833 0.712575 0.513333 0.707186 0.555000 0.692216 0.663333 0.664072 0.685833 0.652096 0.690000 0.646707 0.679167 0.614970 0.661667 0.586826
3 0.185833 0.330539 0.175000 0.340120 0.174167 0.350299 0.187500 0.380838 0.235000 0.419162 0.372500 0.553293 0.425833 0.594012 0.436667 0.607186 0.420833 0.622156 0.403333 0.651497 0.425833 0.677844 0.448333 0.681437 0.484167 0.674251 0.607500 0.615569 0.630833 0.577246 0.630000 0.562874 0.600000 0.540719 0.538333 0.556886 0.519167 0.547904 0.480833 0.507784 0.410833 0.446707 0.391667 0.419162 0.360833 0.390419 0.344167 0.381437 0.282500 0.323353 0.269167 0.315569 0.233333 0.310778 0.209167 0.317964
2 0.527500 0.268263 0.467500 0.334731 0.421667 0.416168 0.408333 0.454491 0.423333 0.486826 0.471667 0.506587 0.500833 0.510180 0.525000 0.502994 0.545000 0.483832 0.564167 0.486228 0.616667 0.503593 0.655833 0.511377 0.670000 0.520359 0.685000 0.522156 0.721667 0.538323 0.738333 0.539521 0.755833 0.550898 0.788333 0.558683 0.814167 0.572455 0.840833 0.575449 0.858333 0.570659 0.908333 0.495808 0.905833 0.479042 0.897500 0.467066 0.875000 0.450898 0.808333 0.426347 0.791667 0.413772 0.723333 0.394611 0.694167 0.377246 0.640833 0.357485 0.624167 0.343713 0.626667 0.328144 0.638333 0.315569 0.640833 0.304790 0.631667 0.285629 0.588333 0.265868 0.548333 0.262275
0 0.664167 0.316168 0.660000 0.301796 0.656667 0.299401 0.650000 0.298802 0.642500 0.301198 0.639167 0.300000 0.632500 0.300000 0.623333 0.307186 0.583333 0.309581 0.580833 0.312575 0.580000 0.318563 0.580833 0.320958 0.583333 0.322755 0.589167 0.323353 0.617500 0.321557 0.624167 0.322156 0.635000 0.327545 0.640000 0.327545 0.645833 0.323952 0.651667 0.326347 0.658333 0.326347 0.662500 0.323353
1 0.530000 0.033533 0.411667 0.049102 0.389167 0.058683 0.388333 0.071257 0.397500 0.095808 0.439167 0.098204 0.450000 0.107784 0.482500 0.253892 0.495000 0.355090 0.545833 0.621557 0.561667 0.650299 0.578333 0.656886 0.605000 0.656886 0.639167 0.647305 0.646667 0.616168 0.549167 0.102395 0.555000 0.088024 0.590833 0.066467 0.595833 0.046707 0.590000 0.038922 0.568333 0.032335
3 0.485833 0.329940 0.452500 0.316168 0.432500 0.316766 0.416667 0.323952 0.381667 0.351497 0.345000 0.387425 0.253333 0.462275 0.227500 0.489222 0.173333 0.483234 0.165000 0.486826 0.150833 0.500599 0.157500 0.513772 0.158333 0.533533 0.161667 0.537725 0.199167 0.561078 0.242500 0.578443 0.285833 0.586826 0.296667 0.583832 0.315833 0.563473 0.313333 0.543713 0.302500 0.529940 0.304167 0.523353 0.469167 0.382036 0.493333 0.353892 0.495833 0.341317
0 0.613333 0.225150 0.575000 0.231737 0.567500 0.253892 0.568333 0.263473 0.579167 0.290419 0.574167 0.298204 0.581667 0.300599 0.584167 0.305389 0.584167 0.312575 0.579167 0.322156 0.587500 0.327545 0.598333 0.344910 0.596667 0.349701 0.587500 0.351497 0.573333 0.358683 0.572500 0.370659 0.590000 0.380240 0.590833 0.385030 0.598333 0.391018 0.594167 0.402395 0.596667 0.419162 0.600000 0.425748 0.608333 0.429940 0.626667 0.427545 0.640833 0.423353 0.656667 0.423353 0.681667 0.415569 0.701667 0.414970 0.710833 0.410180 0.713333 0.401198 0.695000 0.372455 0.695000 0.363473 0.705833 0.348503 0.700000 0.341916 0.671667 0.336527 0.663333 0.331138 0.662500 0.322755 0.650833 0.298204 0.645833 0.277844 0.638333 0.265269 0.636667 0.247904 0.625833 0.229940
0 0.722500 0.502395 0.711667 0.499401 0.692500 0.502994 0.511667 0.616168 0.474167 0.603593 0.453333 0.603593 0.447500 0.627545 0.437500 0.635329 0.416667 0.637725 0.397500 0.649102 0.384167 0.664671 0.385833 0.673653 0.479167 0.740719 0.495000 0.747305 0.514167 0.747305 0.541667 0.725150 0.567500 0.719760 0.575833 0.711976 0.594167 0.705988 0.600000 0.696407 0.595000 0.683832 0.596667 0.665269 0.616667 0.661078 0.625000 0.653293 0.639167 0.654491 0.637500 0.644910 0.654167 0.636527 0.659167 0.628743 0.687500 0.611976 0.702500 0.608383 0.708333 0.598802 0.748333 0.576048 0.762500 0.547904 0.762500 0.537126
3 0.279167 0.314970 0.244167 0.322755 0.200833 0.338323 0.171667 0.356886 0.167500 0.364072 0.174167 0.380240 0.181667 0.386826 0.192500 0.390419 0.222500 0.394012 0.230833 0.399401 0.248333 0.444311 0.315833 0.581437 0.330000 0.595210 0.341667 0.598204 0.355000 0.597006 0.368333 0.593413 0.385000 0.583234 0.392500 0.568862 0.380000 0.529940 0.341667 0.452096 0.316667 0.392216 0.305000 0.374850 0.305833 0.368263 0.330833 0.354491 0.335000 0.349701 0.335833 0.337725 0.325000 0.320958 0.309167 0.321557 0.287500 0.314970
2 0.613333 0.255090 0.599167 0.246707 0.585833 0.244910 0.526667 0.252695 0.495000 0.268263 0.493333 0.298204 0.484167 0.311377 0.469167 0.313174 0.460000 0.320359 0.379167 0.334731 0.350000 0.347305 0.232500 0.370060 0.209167 0.379042 0.201667 0.405389 0.213333 0.439521 0.235000 0.473054 0.251667 0.482635 0.273333 0.486228 0.290833 0.482635 0.299167 0.484431 0.395000 0.468263 0.416667 0.459281 0.442500 0.456287 0.455833 0.450299 0.490833 0.448503 0.504167 0.442515 0.520000 0.444311 0.531667 0.440120 0.548333 0.447305 0.567500 0.477246 0.589167 0.488623 0.625833 0.487425 0.659167 0.480838 0.674167 0.473054 0.688333 0.455090 0.687500 0.438922 0.656667 0.347305
4 0.601667 0.407784 0.595000 0.404192 0.581667 0.400000 0.570000 0.399401 0.561667 0.400599 0.552500 0.404790 0.547500 0.405389 0.543333 0.408383 0.543333 0.410778 0.541667 0.411377 0.543333 0.414371 0.541667 0.421557 0.542500 0.426946 0.540000 0.430539 0.516667 0.435928 0.513333 0.438323 0.487500 0.444910 0.485000 0.447305 0.481667 0.447305 0.468333 0.452695 0.462500 0.453293 0.453333 0.459281 0.450000 0.471856 0.456667 0.487425 0.461667 0.493413 0.468333 0.496407 0.484167 0.495210 0.504167 0.488024 0.527500 0.482635 0.536667 0.478443 0.553333 0.474850 0.561667 0.470060 0.572500 0.479641 0.581667 0.482036 0.600833 0.480838 0.614167 0.477246 0.623333 0.471257 0.622500 0.467066 0.624167 0.466467 0.622500 0.459880 0.624167 0.459281 0.622500 0.442515 0.620000 0.440120 0.619167 0.434731 0.617500 0.434132 0.611667 0.420359 0.601667 0.409581
