4 0.675000 0.408982 0.634167 0.404790 0.607500 0.406587 0.590833 0.411377 0.570833 0.420958 0.542500 0.456287 0.540833 0.471257 0.567500 0.497605 0.585000 0.524551 0.570833 0.538323 0.489167 0.649701 0.480000 0.682635 0.489167 0.703593 0.502500 0.717964 0.520000 0.728743 0.542500 0.735329 0.579167 0.738922 0.605833 0.728743 0.623333 0.711377 0.675000 0.640120 0.713333 0.599401 0.738333 0.582036 0.809167 0.560479 0.828333 0.542515 0.841667 0.519760 0.842500 0.508383 0.829167 0.488623 0.791667 0.455689 0.738333 0.428144
4 0.293333 0.702395 0.265833 0.713174 0.247500 0.725150 0.195833 0.772455 0.170833 0.807784 0.166667 0.823952 0.170000 0.834731 0.204167 0.856287 0.216667 0.857485 0.253333 0.833533 0.263333 0.829940 0.269167 0.841317 0.298333 0.860479 0.327500 0.872455 0.365000 0.896407 0.402500 0.916168 0.419167 0.920359 0.429167 0.919760 0.435833 0.911377 0.455000 0.900000 0.475000 0.877844 0.481667 0.864072 0.480000 0.855090 0.472500 0.846108 0.445833 0.835928 0.412500 0.813772 0.397500 0.808982 0.333333 0.774850 0.328333 0.767665 0.330000 0.758683 0.336667 0.750898 0.340000 0.731138 0.325833 0.717365 0.306667 0.705988
3 0.450833 0.218563 0.341667 0.295210 0.329167 0.317964 0.333333 0.327545 0.351667 0.341916 0.365833 0.347904 0.383333 0.344910 0.397500 0.334731 0.415833 0.327545 0.479167 0.381437 0.548333 0.425748 0.560000 0.429940 0.659167 0.503593 0.691667 0.519760 0.717500 0.520958 0.726667 0.518563 0.740000 0.505389 0.764167 0.492814 0.769167 0.486228 0.760833 0.463473 0.720000 0.427545 0.671667 0.397006 0.552500 0.306587 0.515000 0.283234 0.512500 0.274251 0.500833 0.270659 0.500000 0.264671 0.516667 0.235329 0.510833 0.226946 0.494167 0.214970 0.479167 0.210180
2 0.636667 0.146707 0.614167 0.142515 0.588333 0.146108 0.575833 0.154491 0.567500 0.155090 0.485000 0.200000 0.432500 0.238922 0.399167 0.252096 0.389167 0.262275 0.374167 0.264671 0.363333 0.273054 0.344167 0.271856 0.306667 0.247904 0.280833 0.243114 0.241667 0.256886 0.214167 0.273054 0.204167 0.285629 0.200833 0.306587 0.210833 0.322755 0.299167 0.404790 0.397500 0.480838 0.416667 0.484431 0.433333 0.481437 0.465000 0.468263 0.490000 0.451497 0.505833 0.431737 0.502500 0.417964 0.489167 0.400599 0.490000 0.385030 0.503333 0.378443 0.511667 0.366467 0.580833 0.327545 0.600000 0.307186 0.700833 0.247904 0.719167 0.231138 0.717500 0.213772 0.709167 0.201198 0.670000 0.166467
1 0.674167 0.069461 0.657500 0.068263 0.644167 0.076048 0.622500 0.104192 0.428333 0.541317 0.379167 0.541916 0.368333 0.555090 0.363333 0.570659 0.370000 0.579042 0.390000 0.589820 0.451667 0.607784 0.528333 0.618563 0.543333 0.611976 0.552500 0.594012 0.553333 0.583234 0.528333 0.566467 0.717500 0.132335 0.721667 0.105389 0.714167 0.089820 0.700000 0.078443
3 0.472500 0.678443 0.446667 0.700000 0.442500 0.714970 0.450833 0.731138 0.464167 0.741317 0.479167 0.744910 0.509167 0.738922 0.534167 0.740120 0.605833 0.812575 0.611667 0.825150 0.624167 0.832934 0.650000 0.864671 0.675000 0.884431 0.725000 0.938922 0.729167 0.948503 0.754167 0.965868 0.772500 0.971258 0.806667 0.961677 0.836667 0.946707 0.840000 0.927545 0.809167 0.888024 0.760833 0.850898 0.723333 0.809581 0.710833 0.789820 0.672500 0.759880 0.662500 0.743114 0.638333 0.722156 0.631667 0.695808 0.658333 0.668862 0.657500 0.657485 0.646667 0.643713 0.617500 0.634731 0.590000 0.634731 0.556667 0.649102 0.520833 0.655689
3 0.835833 0.162275 0.812500 0.159880 0.792500 0.163473 0.780833 0.171257 0.756667 0.208383 0.745000 0.234731 0.695000 0.311976 0.677500 0.345509 0.660833 0.348503 0.635000 0.348503 0.620833 0.362275 0.619167 0.376048 0.643333 0.401198 0.681667 0.413772 0.730000 0.420359 0.761667 0.418563 0.770833 0.412575 0.776667 0.402994 0.778333 0.391018 0.758333 0.368263 0.757500 0.359880 0.805833 0.279641 0.850833 0.194611 0.853333 0.174850 0.849167 0.168263
2 0.336667 0.462275 0.332500 0.479641 0.338333 0.520359 0.365833 0.597605 0.391667 0.648503 0.406667 0.661677 0.434167 0.673054 0.475000 0.673054 0.510000 0.661078 0.523333 0.650299 0.525000 0.629341 0.533333 0.622755 0.573333 0.616766 0.622500 0.600000 0.690833 0.592216 0.715833 0.585030 0.733333 0.586228 0.765000 0.579042 0.795833 0.578443 0.820000 0.570060 0.828333 0.562275 0.800833 0.476647 0.773333 0.462275 0.719167 0.462874 0.666667 0.471257 0.651667 0.470060 0.620833 0.476048 0.492500 0.488024 0.464167 0.481437 0.460000 0.460479 0.438333 0.438922 0.411667 0.437126 0.370833 0.441317 0.346667 0.452695
1 0.785000 0.151497 0.733333 0.137725 0.714167 0.143114 0.690833 0.161677 0.688333 0.174850 0.715833 0.204192 0.707500 0.219760 0.080000 0.680838 0.062500 0.712575 0.065000 0.726347 0.109167 0.761677 0.131667 0.765269 0.181667 0.743713 0.265833 0.674850 0.805833 0.281437 0.819167 0.277246 0.871667 0.295210 0.903333 0.279042 0.913333 0.265269 0.906667 0.247305
1 0.294167 0.146108 0.270833 0.153892 0.261667 0.165868 0.268333 0.211976 0.473333 0.683832 0.471667 0.695808 0.437500 0.714371 0.440000 0.736527 0.459167 0.757485 0.494167 0.751497 0.518333 0.754491 0.601667 0.730539 0.617500 0.718563 0.634167 0.714371 0.641667 0.697006 0.629167 0.674850 0.581667 0.673653 0.571667 0.668862 0.377500 0.216766 0.335833 0.150299 0.320833 0.144311
1 0.393333 0.295808 0.364167 0.299401 0.347500 0.308982 0.344167 0.334731 0.374167 0.348503 0.377500 0.362874 0.197500 0.829940 0.202500 0.853892 0.235833 0.867066 0.265000 0.866467 0.289167 0.840719 0.467500 0.380240 0.476667 0.373054 0.517500 0.372455 0.530833 0.355689 0.531667 0.339521 0.514167 0.325150 0.459167 0.307784
4 0.517500 0.152096 0.497500 0.174850 0.499167 0.195808 0.485000 0.251497 0.489167 0.287425 0.480833 0.332335 0.474167 0.342515 0.476667 0.356886 0.465000 0.367066 0.448333 0.373054 0.395000 0.383832 0.378333 0.400599 0.373333 0.444910 0.415000 0.464072 0.512500 0.479042 0.619167 0.483234 0.671667 0.475449 0.695833 0.467665 0.707500 0.456886 0.714167 0.410180 0.707500 0.400599 0.655000 0.388024 0.642500 0.380838 0.648333 0.371257 0.645000 0.347305 0.654167 0.329341 0.651667 0.289222 0.671667 0.186826 0.667500 0.166467 0.654167 0.158683 0.590833 0.149102
0 0.151667 0.462874 0.146667 0.463473 0.141667 0.467066 0.122500 0.492216 0.120000 0.493413 0.108333 0.494012 0.105000 0.496407 0.104167 0.501198 0.100833 0.502994 0.100833 0.504790 0.095000 0.510180 0.094167 0.514371 0.095833 0.518563 0.106667 0.524551 0.120000 0.529341 0.130000 0.529940 0.131667 0.528144 0.135000 0.526946 0.138333 0.516766 0.149167 0.511976 0.142500 0.502994 0.142500 0.501198 0.164167 0.473054 0.164167 0.469461 0.160833 0.467665 0.160000 0.465868
2 0.124167 0.069461 0.122500 0.073054 0.119167 0.074850 0.117500 0.078443 0.115000 0.080240 0.112500 0.085629 0.110833 0.086228 0.106667 0.092814 0.107500 0.094012 0.105000 0.098802 0.105000 0.106587 0.109167 0.114970 0.121667 0.122754 0.125000 0.123353 0.125000 0.124551 0.130833 0.126347 0.132500 0.125749 0.141667 0.127545 0.143333 0.126347 0.146667 0.126946 0.155000 0.125150 0.165833 0.120359 0.225000 0.135928 0.231667 0.135928 0.237500 0.133533 0.240000 0.134132 0.246667 0.130539 0.252500 0.122156 0.251667 0.120958 0.256667 0.111976 0.252500 0.101796 0.239167 0.096407 0.226667 0.092814 0.223333 0.092814 0.195833 0.084431 0.191667 0.082036 0.190000 0.079042 0.190833 0.076647 0.188333 0.069461 0.177500 0.061677 0.164167 0.056886 0.151667 0.056287 0.150000 0.057485 0.144167 0.058084 0.142500 0.059880 0.140000 0.059281 0.133333 0.062874 0.127500 0.068263
2 0.557500 0.250898 0.511667 0.261677 0.487500 0.279641 0.365833 0.427545 0.351667 0.431737 0.308333 0.431138 0.275000 0.441317 0.245833 0.462874 0.223333 0.501198 0.238333 0.549701 0.254167 0.573054 0.280833 0.590419 0.345833 0.615569 0.457500 0.640719 0.494167 0.639521 0.515833 0.634132 0.546667 0.616168 0.572500 0.589222 0.581667 0.569461 0.584167 0.540719 0.575833 0.516766 0.560833 0.497006 0.560833 0.485030 0.590000 0.453293 0.680833 0.327545 0.668333 0.298802 0.634167 0.273054 0.587500 0.256287
1 0.721667 0.158084 0.685833 0.160479 0.662500 0.180838 0.372500 0.565269 0.361667 0.569461 0.326667 0.568862 0.314167 0.574850 0.301667 0.600599 0.306667 0.614970 0.325000 0.633533 0.369167 0.654491 0.409167 0.663473 0.431667 0.662874 0.450000 0.656886 0.460833 0.645509 0.464167 0.623952 0.446667 0.606587 0.455000 0.582036 0.543333 0.470060 0.742500 0.195808 0.740833 0.177246
4 0.251667 0.681437 0.241667 0.695210 0.234167 0.713174 0.226667 0.762874 0.230000 0.796407 0.239167 0.813772 0.249167 0.819761 0.285000 0.823353 0.295833 0.820359 0.308333 0.788623 0.314167 0.783234 0.325833 0.790419 0.348333 0.792216 0.358333 0.795210 0.390000 0.794611 0.465000 0.802395 0.485000 0.801198 0.494167 0.796407 0.501667 0.768862 0.501667 0.753293 0.497500 0.735928 0.486667 0.729341 0.472500 0.726347 0.426667 0.726347 0.415833 0.722754 0.347500 0.722156 0.340833 0.719760 0.331667 0.721557 0.322500 0.716766 0.318333 0.711377 0.315000 0.698204 0.308333 0.688024 0.294167 0.679641 0.260833 0.676647
0 0.104167 0.692814 0.106667 0.723952 0.114167 0.747904 0.125833 0.764671 0.140000 0.770060 0.157500 0.767665 0.172500 0.756287 0.179167 0.753892 0.195000 0.756886 0.200833 0.761078 0.212500 0.764671 0.222500 0.761078 0.224167 0.758683 0.225000 0.746108 0.230000 0.735329 0.239167 0.735928 0.335833 0.720359 0.360000 0.718563 0.376667 0.714970 0.381667 0.711377 0.383333 0.705389 0.376667 0.679641 0.373333 0.675449 0.363333 0.672455 0.334167 0.674850 0.242500 0.688623 0.219167 0.689222 0.211667 0.685629 0.200833 0.671257 0.194167 0.668862 0.180000 0.671257 0.170833 0.685030 0.153333 0.683234 0.140833 0.679042 0.130833 0.679042 0.111667 0.683832
0 0.110000 0.168862 0.095833 0.183832 0.085000 0.203593 0.085000 0.216766 0.101667 0.229341 0.298333 0.301198 0.311667 0.311976 0.302500 0.331138 0.305833 0.346707 0.320000 0.350898 0.335833 0.343114 0.345833 0.343114 0.398333 0.370659 0.417500 0.373653 0.433333 0.367066 0.447500 0.352695 0.464167 0.320958 0.480833 0.304192 0.495833 0.276647 0.485000 0.264671 0.431667 0.249701 0.420833 0.243114 0.410833 0.228144 0.405000 0.225150 0.390833 0.226946 0.380833 0.234132 0.371667 0.234731 0.350833 0.228144 0.341667 0.219760 0.327500 0.217964 0.319167 0.212575 0.304167 0.216168 0.277500 0.199401 0.264167 0.203593 0.253333 0.196407 0.223333 0.189820 0.204167 0.180240 0.152500 0.171257 0.135000 0.164072 0.117500 0.165269
3 0.492500 0.374850 0.357500 0.400599 0.312500 0.416766 0.301667 0.425150 0.299167 0.433533 0.318333 0.462275 0.361667 0.459281 0.371667 0.462874 0.378333 0.470659 0.389167 0.505988 0.414167 0.555090 0.456667 0.674251 0.495000 0.740719 0.513333 0.753293 0.523333 0.753892 0.580833 0.738323 0.590000 0.731737 0.594167 0.714371 0.574167 0.653892 0.536667 0.572455 0.525000 0.531737 0.484167 0.441317 0.490833 0.432934 0.527500 0.422156 0.537500 0.414970 0.537500 0.404192 0.523333 0.379641
3 0.872500 0.514371 0.843333 0.485629 0.821667 0.478443 0.794167 0.479042 0.765000 0.498204 0.756667 0.538922 0.621667 0.573054 0.564167 0.582635 0.518333 0.598204 0.388333 0.624551 0.367500 0.634132 0.350000 0.648503 0.349167 0.661677 0.367500 0.704790 0.391667 0.713174 0.455000 0.702994 0.490833 0.694012 0.522500 0.679042 0.568333 0.670060 0.585000 0.662874 0.667500 0.652096 0.687500 0.641317 0.767500 0.626347 0.790000 0.625749 0.824167 0.652695 0.842500 0.659281 0.859167 0.657485 0.884167 0.637126 0.898333 0.613174 0.885000 0.577246 0.888333 0.552695
