1 0.693333 0.129341 0.505000 0.137126 0.485000 0.152695 0.490833 0.180838 0.539167 0.192216 0.552500 0.216766 0.556667 0.408982 0.545000 0.464072 0.555833 0.640120 0.554167 0.838922 0.566667 0.870659 0.596667 0.879042 0.657500 0.875449 0.677500 0.840120 0.670833 0.207784 0.685833 0.191018 0.732500 0.187425 0.741667 0.158683 0.730833 0.138922
0 0.551667 0.403593 0.503333 0.407784 0.436667 0.421557 0.414167 0.423353 0.394167 0.430539 0.390000 0.437126 0.402500 0.468263 0.393333 0.486826 0.397500 0.506587 0.402500 0.516168 0.425000 0.538922 0.429167 0.566467 0.436667 0.575449 0.439167 0.595210 0.450833 0.617964 0.449167 0.630539 0.463333 0.670659 0.482500 0.694611 0.497500 0.704790 0.506667 0.707186 0.565000 0.702395 0.579167 0.695210 0.587500 0.676647 0.579167 0.650898 0.563333 0.576048 0.563333 0.556287 0.552500 0.514970 0.555833 0.507186 0.590833 0.491617 0.595000 0.478443 0.570833 0.462275 0.568333 0.449701 0.576667 0.432934 0.566667 0.410180 0.560833 0.405389
3 0.550833 0.359281 0.538333 0.361677 0.520000 0.373054 0.509167 0.394611 0.488333 0.647305 0.490000 0.683234 0.476667 0.696407 0.438333 0.704790 0.423333 0.713174 0.416667 0.737725 0.418333 0.750299 0.450000 0.767066 0.515000 0.780838 0.574167 0.782635 0.635833 0.774850 0.668333 0.758683 0.677500 0.743713 0.675000 0.719162 0.614167 0.694611 0.629167 0.456886 0.627500 0.385030 0.611667 0.364072 0.596667 0.359880
2 0.659167 0.285629 0.617500 0.280838 0.560000 0.292814 0.552500 0.298802 0.547500 0.341916 0.537500 0.349701 0.371667 0.364072 0.355000 0.368862 0.337500 0.367066 0.326667 0.371257 0.257500 0.374850 0.227500 0.383234 0.220833 0.388623 0.218333 0.404192 0.222500 0.445509 0.231667 0.480838 0.245000 0.504192 0.253333 0.510180 0.267500 0.507186 0.337500 0.517964 0.420000 0.511377 0.446667 0.504790 0.460000 0.506587 0.554167 0.498802 0.568333 0.501796 0.578333 0.524551 0.599167 0.532934 0.631667 0.532934 0.672500 0.522754 0.686667 0.513174 0.691667 0.495808 0.685000 0.456287 0.685833 0.422754 0.667500 0.338922 0.670000 0.299401
4 0.445833 0.769461 0.410000 0.795808 0.395000 0.816766 0.357500 0.853293 0.341667 0.879641 0.338333 0.892814 0.341667 0.898802 0.358333 0.907784 0.383333 0.916766 0.398333 0.908383 0.413333 0.892216 0.427500 0.890419 0.440000 0.893413 0.575833 0.956886 0.588333 0.959880 0.602500 0.967665 0.616667 0.969461 0.660833 0.930539 0.669167 0.917365 0.667500 0.913772 0.640000 0.892814 0.576667 0.868862 0.494167 0.829341 0.486667 0.822755 0.485833 0.816766 0.496667 0.810778 0.500833 0.791617 0.499167 0.783832 0.459167 0.765868
2 0.645000 0.508982 0.625000 0.519760 0.615000 0.541317 0.619167 0.559281 0.625000 0.564072 0.642500 0.569461 0.647500 0.573653 0.649167 0.580240 0.643333 0.604192 0.645000 0.613772 0.632500 0.650898 0.631667 0.665269 0.625833 0.675449 0.625000 0.691018 0.620000 0.698802 0.620833 0.713772 0.625000 0.719162 0.642500 0.723353 0.670000 0.726347 0.700833 0.726347 0.723333 0.716766 0.731667 0.705988 0.749167 0.661078 0.752500 0.631737 0.770000 0.586228 0.780000 0.580240 0.801667 0.584431 0.820000 0.579641 0.828333 0.570659 0.835000 0.544311 0.826667 0.528742 0.795000 0.518563 0.709167 0.508982
2 0.615000 0.044311 0.594167 0.038922 0.556667 0.042515 0.512500 0.063473 0.494167 0.092216 0.493333 0.113174 0.500000 0.129940 0.494167 0.138922 0.314167 0.231737 0.272500 0.244910 0.236667 0.267066 0.235000 0.282036 0.249167 0.314970 0.287500 0.351497 0.321667 0.373054 0.346667 0.374251 0.373333 0.364072 0.490833 0.303593 0.546667 0.284431 0.610833 0.252096 0.667500 0.275449 0.693333 0.277246 0.724167 0.273054 0.771667 0.247904 0.788333 0.226347 0.787500 0.210778 0.758333 0.154491 0.723333 0.116766 0.685000 0.086228
2 0.552500 0.169461 0.547500 0.164671 0.528333 0.160479 0.506667 0.161078 0.490000 0.164671 0.480000 0.172455 0.477500 0.196407 0.462500 0.203593 0.431667 0.203593 0.385000 0.208383 0.307500 0.209581 0.267500 0.215569 0.258333 0.228144 0.259167 0.260479 0.265000 0.288024 0.270833 0.294012 0.306667 0.297006 0.320000 0.294611 0.351667 0.295808 0.378333 0.292814 0.410833 0.292814 0.445833 0.288024 0.473333 0.288623 0.485833 0.292814 0.485833 0.313772 0.495000 0.318563 0.520000 0.322755 0.535833 0.321557 0.550000 0.317365 0.555833 0.311377 0.556667 0.276647 0.551667 0.262874 0.558333 0.226347
1 0.063333 0.350898 0.049167 0.388024 0.059167 0.398802 0.082500 0.410180 0.100000 0.410180 0.133333 0.389222 0.748333 0.720359 0.784167 0.726347 0.799167 0.723353 0.831667 0.697605 0.837500 0.679641 0.806667 0.652096 0.712500 0.605988 0.229167 0.336527 0.208333 0.329341 0.201667 0.320958 0.216667 0.289820 0.194167 0.271257 0.175833 0.266467 0.157500 0.272455
1 0.536667 0.238323 0.474167 0.222754 0.443333 0.223353 0.434167 0.229940 0.423333 0.253293 0.443333 0.268862 0.443333 0.286826 0.200000 0.649701 0.194167 0.668862 0.212500 0.682036 0.248333 0.691617 0.262500 0.682036 0.517500 0.310778 0.529167 0.298802 0.570000 0.299401 0.578333 0.294012 0.588333 0.276048 0.585000 0.264072 0.567500 0.250299
3 0.873333 0.110778 0.837500 0.093413 0.815833 0.091617 0.790000 0.098802 0.773333 0.120958 0.774167 0.132934 0.785833 0.158683 0.658333 0.234132 0.614167 0.255689 0.603333 0.266467 0.503333 0.317964 0.488333 0.331737 0.478333 0.349701 0.483333 0.361677 0.518333 0.394611 0.541667 0.397605 0.594167 0.373054 0.621667 0.356886 0.643333 0.336527 0.690833 0.307784 0.756667 0.279641 0.770000 0.265269 0.832500 0.234132 0.854167 0.228144 0.899167 0.244311 0.914167 0.244910 0.927500 0.238922 0.940000 0.215569 0.941667 0.191617 0.913333 0.163473 0.905000 0.140719 0.880833 0.121557
4 0.808333 0.200599 0.796667 0.195210 0.772500 0.195210 0.754167 0.200000 0.744167 0.208982 0.696667 0.230539 0.681667 0.233533 0.645000 0.255689 0.615833 0.264671 0.569167 0.286228 0.550833 0.281437 0.537500 0.267665 0.505833 0.256886 0.455833 0.268263 0.431667 0.281437 0.435833 0.315569 0.459167 0.353892 0.501667 0.403593 0.536667 0.435928 0.563333 0.450299 0.585000 0.456886 0.604167 0.455689 0.649167 0.438323 0.660000 0.429341 0.635000 0.374850 0.662500 0.373054 0.701667 0.358084 0.741667 0.337126 0.848333 0.294611 0.868333 0.280838 0.870833 0.271257 0.857500 0.257485 0.844167 0.231737
0 0.591667 0.199401 0.577500 0.194012 0.530833 0.198204 0.520000 0.196407 0.504167 0.188623 0.498333 0.188623 0.490000 0.194012 0.488333 0.200599 0.480000 0.204790 0.465000 0.205988 0.454167 0.202994 0.443333 0.204790 0.432500 0.203593 0.424167 0.210180 0.395833 0.206587 0.389167 0.212575 0.375000 0.210778 0.353333 0.214371 0.335833 0.213174 0.296667 0.220958 0.278333 0.220958 0.264167 0.228743 0.261667 0.256886 0.271667 0.272455 0.289167 0.276048 0.466667 0.271257 0.481667 0.276048 0.485000 0.290419 0.495833 0.301198 0.508333 0.300000 0.514167 0.291018 0.520833 0.287425 0.534167 0.287425 0.562500 0.292216 0.585000 0.290419 0.595000 0.282036 0.597500 0.269461 0.592500 0.239521 0.595000 0.218563
3 0.370833 0.661078 0.338333 0.694012 0.338333 0.707186 0.349167 0.716766 0.520000 0.797006 0.590833 0.825150 0.684167 0.875449 0.693333 0.885629 0.682500 0.916766 0.699167 0.928743 0.725833 0.938323 0.758333 0.920958 0.847500 0.825749 0.855833 0.807186 0.854167 0.795210 0.824167 0.781437 0.807500 0.779042 0.796667 0.782635 0.775833 0.803593 0.749167 0.802994 0.719167 0.786228 0.660833 0.764072 0.549167 0.707784 0.453333 0.665868 0.410000 0.651497 0.386667 0.653293
0 0.327500 0.340719 0.310000 0.346707 0.296667 0.368263 0.291667 0.403593 0.282500 0.428144 0.277500 0.458084 0.265833 0.486826 0.258333 0.527545 0.244167 0.534132 0.228333 0.531138 0.204167 0.534132 0.205833 0.546707 0.222500 0.570060 0.200000 0.591018 0.195000 0.614970 0.205833 0.631138 0.229167 0.638922 0.327500 0.646707 0.353333 0.642515 0.367500 0.633533 0.374167 0.608982 0.372500 0.590419 0.400833 0.573054 0.379167 0.550898 0.375000 0.526946 0.393333 0.494611 0.400833 0.467066 0.403333 0.423952 0.409167 0.411377 0.405833 0.369461 0.385833 0.353892
