2 0.580833 0.410180 0.564167 0.392814 0.540000 0.385030 0.497500 0.382635 0.480833 0.389820 0.455833 0.422156 0.449167 0.423952 0.427500 0.421557 0.410000 0.415569 0.398333 0.417365 0.385833 0.413174 0.369167 0.413174 0.330833 0.402994 0.253333 0.395808 0.217500 0.389222 0.195000 0.392216 0.180000 0.405389 0.177500 0.426946 0.165833 0.453293 0.164167 0.479641 0.172500 0.492216 0.198333 0.501198 0.302500 0.517964 0.369167 0.532335 0.415833 0.536527 0.422500 0.544910 0.423333 0.566467 0.438333 0.580240 0.463333 0.588024 0.504167 0.589222 0.522500 0.580838 0.545000 0.544910 0.569167 0.476647 0.571667 0.453293 0.580833 0.432335
3 0.535833 0.452695 0.533333 0.458084 0.536667 0.471856 0.550000 0.477844 0.581667 0.501198 0.637500 0.519760 0.689167 0.547305 0.698333 0.555689 0.736667 0.569461 0.761667 0.586826 0.790000 0.600599 0.805833 0.619162 0.798333 0.650898 0.814167 0.665269 0.840000 0.666467 0.865000 0.661677 0.893333 0.639521 0.916667 0.626946 0.953333 0.587425 0.957500 0.578443 0.957500 0.562874 0.943333 0.551497 0.921667 0.543713 0.910833 0.544311 0.880833 0.559281 0.866667 0.559880 0.836667 0.541317 0.803333 0.529341 0.777500 0.515569 0.771667 0.508383 0.690000 0.470659 0.648333 0.444910 0.591667 0.420359 0.574167 0.421557
0 0.453333 0.449701 0.423333 0.457485 0.412500 0.471257 0.408333 0.486826 0.408333 0.522156 0.411667 0.534731 0.408333 0.585629 0.370000 0.606587 0.363333 0.616168 0.362500 0.636527 0.380000 0.665269 0.377500 0.681437 0.380833 0.690419 0.375000 0.705988 0.382500 0.723353 0.395000 0.732335 0.416667 0.739521 0.464167 0.746707 0.484167 0.744910 0.516667 0.736527 0.535000 0.724551 0.541667 0.701198 0.536667 0.667665 0.555000 0.645509 0.556667 0.631138 0.553333 0.619162 0.541667 0.604192 0.506667 0.583234 0.503333 0.567665 0.504167 0.486228 0.498333 0.467665 0.480833 0.453293
4 0.647500 0.843713 0.645000 0.883234 0.653333 0.907186 0.665000 0.922754 0.693333 0.944910 0.708333 0.947305 0.737500 0.945509 0.746667 0.939521 0.755000 0.917964 0.773333 0.906587 0.812500 0.904790 0.850833 0.899401 0.879167 0.898802 0.939167 0.891617 0.951667 0.887425 0.959167 0.869461 0.959167 0.852096 0.950833 0.829341 0.938333 0.822156 0.911667 0.819761 0.759167 0.831138 0.728333 0.800599 0.718333 0.797605 0.681667 0.799401 0.673333 0.801796 0.658333 0.816766
2 0.386667 0.669461 0.378333 0.680239 0.377500 0.689222 0.361667 0.710180 0.358333 0.720958 0.360833 0.735928 0.377500 0.746108 0.395000 0.752695 0.428333 0.760479 0.489167 0.781437 0.535000 0.793413 0.539167 0.798802 0.537500 0.820958 0.543333 0.826946 0.560000 0.835329 0.590000 0.840120 0.610000 0.834731 0.635000 0.807784 0.650000 0.786228 0.679167 0.726347 0.680000 0.708982 0.672500 0.699401 0.656667 0.691018 0.623333 0.684431 0.604167 0.691018 0.585833 0.708982 0.574167 0.711976 0.557500 0.702994 0.544167 0.701198 0.505833 0.690419 0.491667 0.683832 0.442500 0.673653 0.416667 0.665269 0.396667 0.664671
1 0.772500 0.232934 0.692500 0.228144 0.663333 0.234731 0.657500 0.245509 0.655833 0.264671 0.682500 0.276647 0.689167 0.288024 0.579167 0.687425 0.581667 0.717365 0.606667 0.726946 0.637500 0.726347 0.655000 0.709581 0.770000 0.294611 0.780000 0.287425 0.813333 0.283832 0.822500 0.264671 0.820000 0.255090 0.788333 0.236527
0 0.851667 0.760479 0.848333 0.758683 0.840000 0.759281 0.828333 0.764671 0.826667 0.766467 0.805833 0.777246 0.804167 0.779042 0.790000 0.785629 0.777500 0.785030 0.770000 0.789222 0.769167 0.794611 0.764167 0.797605 0.759167 0.798802 0.755000 0.801796 0.755000 0.802994 0.753333 0.803593 0.753333 0.807784 0.755000 0.809581 0.754167 0.810180 0.775833 0.827545 0.776667 0.826946 0.780000 0.829341 0.785000 0.830539 0.790000 0.829940 0.797500 0.825749 0.797500 0.823952 0.799167 0.823353 0.801667 0.819761 0.804167 0.818563 0.812500 0.817964 0.817500 0.814970 0.816667 0.814371 0.818333 0.813772 0.819167 0.808982 0.816667 0.802994 0.819167 0.799401 0.826667 0.795210 0.836667 0.787425 0.840000 0.786228 0.839167 0.785629 0.843333 0.783832 0.848333 0.779641 0.850833 0.779042 0.850000 0.778443 0.854167 0.776647 0.858333 0.772455 0.858333 0.767665
4 0.706667 0.417964 0.686667 0.409581 0.672500 0.407784 0.640000 0.411976 0.619167 0.429940 0.603333 0.454491 0.588333 0.452096 0.506667 0.451497 0.396667 0.453892 0.379167 0.465868 0.374167 0.473054 0.372500 0.513174 0.381667 0.532335 0.391667 0.540719 0.424167 0.546108 0.575833 0.548503 0.607500 0.546108 0.619167 0.556886 0.625833 0.579042 0.635833 0.589820 0.681667 0.591018 0.701667 0.586228 0.711667 0.578443 0.729167 0.551497 0.735833 0.525150 0.731667 0.476048 0.720833 0.457485 0.719167 0.442515
2 0.361667 0.552695 0.289167 0.622755 0.251667 0.681437 0.234167 0.700000 0.224167 0.723952 0.234167 0.746108 0.257500 0.760479 0.305833 0.772455 0.322500 0.769461 0.365000 0.739521 0.375000 0.739521 0.410833 0.755689 0.454167 0.768263 0.494167 0.789222 0.579167 0.816168 0.610000 0.829940 0.636667 0.832335 0.655833 0.822755 0.669167 0.797605 0.692500 0.776048 0.704167 0.757485 0.708333 0.734132 0.703333 0.727545 0.658333 0.701796 0.570833 0.668263 0.509167 0.638922 0.455000 0.622755 0.452500 0.613174 0.462500 0.590419 0.452500 0.573653 0.431667 0.559880 0.396667 0.546707 0.382500 0.546707
3 0.594167 0.176048 0.570833 0.163473 0.531667 0.170060 0.494167 0.186826 0.435000 0.222156 0.370000 0.266467 0.291667 0.310180 0.249167 0.338922 0.238333 0.343114 0.205833 0.332335 0.191667 0.332934 0.158333 0.355689 0.160833 0.373054 0.183333 0.408383 0.207500 0.434132 0.252500 0.468263 0.288333 0.477246 0.320000 0.466467 0.338333 0.449102 0.319167 0.419162 0.321667 0.406587 0.377500 0.375449 0.481667 0.304192 0.555000 0.261078 0.603333 0.240120 0.607500 0.229940 0.617500 0.224551 0.620833 0.212575 0.629167 0.207186
3 0.675000 0.303593 0.667500 0.308982 0.665833 0.311976 0.666667 0.318563 0.670833 0.322755 0.676667 0.323952 0.686667 0.323353 0.690000 0.326946 0.691667 0.334132 0.691667 0.351497 0.694167 0.365868 0.693333 0.379042 0.695833 0.381437 0.697500 0.434132 0.702500 0.443114 0.710833 0.444910 0.725833 0.441916 0.727500 0.443114 0.731667 0.442515 0.735833 0.439521 0.735000 0.437725 0.737500 0.432934 0.737500 0.426347 0.735833 0.424551 0.737500 0.422156 0.737500 0.414371 0.735000 0.400599 0.736667 0.399401 0.735000 0.397605 0.735000 0.361677 0.731667 0.356886 0.734167 0.351497 0.731667 0.348503 0.733333 0.337725 0.730833 0.335329 0.730833 0.328144 0.738333 0.323952 0.752500 0.323353 0.755000 0.322156 0.756667 0.309581 0.748333 0.305389 0.725833 0.301796 0.705833 0.303593 0.696667 0.302395
2 0.713333 0.715569 0.709167 0.706587 0.685000 0.695808 0.654167 0.691018 0.635000 0.691617 0.615833 0.700000 0.600833 0.731138 0.579167 0.735928 0.541667 0.728743 0.472500 0.723353 0.375833 0.707186 0.321667 0.704790 0.305833 0.713772 0.299167 0.725150 0.282500 0.798204 0.286667 0.806587 0.295000 0.811377 0.334167 0.820958 0.355000 0.820958 0.392500 0.829940 0.434167 0.832934 0.472500 0.840120 0.514167 0.841916 0.550833 0.848503 0.568333 0.858084 0.559167 0.881437 0.568333 0.894012 0.594167 0.904192 0.620833 0.907186 0.642500 0.904790 0.657500 0.888623 0.668333 0.852096 0.668333 0.832934 0.694167 0.787425
2 0.857500 0.251497 0.844167 0.249701 0.818333 0.258683 0.781667 0.283832 0.713333 0.323952 0.679167 0.348503 0.670833 0.348503 0.648333 0.338323 0.632500 0.337126 0.607500 0.346707 0.589167 0.362874 0.585833 0.383234 0.610000 0.411976 0.633333 0.434132 0.670000 0.461078 0.682500 0.467066 0.705000 0.485629 0.724167 0.493413 0.748333 0.492814 0.762500 0.487425 0.789167 0.467066 0.791667 0.453892 0.774167 0.426347 0.775000 0.416168 0.797500 0.407186 0.841667 0.374850 0.851667 0.371856 0.917500 0.323952 0.927500 0.310778 0.925000 0.298802 0.916667 0.290419 0.902500 0.283832 0.885000 0.265269
0 0.806667 0.176048 0.807500 0.179641 0.805833 0.182635 0.805833 0.188623 0.807500 0.191018 0.806667 0.196407 0.808333 0.198802 0.807500 0.201198 0.809167 0.206587 0.807500 0.207186 0.805833 0.213772 0.808333 0.217365 0.810833 0.218563 0.827500 0.217365 0.830000 0.213174 0.829167 0.211976 0.834167 0.208982 0.840000 0.214970 0.851667 0.222156 0.855833 0.222156 0.861667 0.217964 0.864167 0.214371 0.863333 0.213772 0.869167 0.210778 0.875833 0.211976 0.884167 0.211976 0.887500 0.210778 0.888333 0.211976 0.912500 0.211377 0.916667 0.212575 0.944167 0.212575 0.947500 0.211976 0.950833 0.209581 0.950833 0.195210 0.950000 0.192814 0.944167 0.190419 0.937500 0.189222 0.915000 0.189222 0.912500 0.188024 0.907500 0.189222 0.899167 0.187425 0.873333 0.187425 0.869167 0.185629 0.867500 0.186228 0.865833 0.182635 0.864167 0.182036 0.865000 0.179641 0.861667 0.173653 0.855000 0.171257 0.845000 0.176048 0.841667 0.175449 0.837500 0.176647 0.831667 0.176048 0.825000 0.171856 0.823333 0.172455 0.815833 0.171257 0.809167 0.172455
2 0.817500 0.483234 0.776667 0.484431 0.735833 0.492814 0.698333 0.494012 0.662500 0.503593 0.600000 0.511976 0.587500 0.522156 0.590000 0.555689 0.608333 0.585629 0.615833 0.591018 0.626667 0.585030 0.631667 0.587425 0.647500 0.585629 0.655833 0.589222 0.657500 0.596407 0.652500 0.604192 0.649167 0.628743 0.656667 0.628743 0.664167 0.623353 0.670000 0.666467 0.677500 0.679042 0.676667 0.704192 0.689167 0.713174 0.694167 0.729940 0.706667 0.740719 0.741667 0.741317 0.776667 0.736527 0.801667 0.730539 0.822500 0.721557 0.826667 0.716168 0.821667 0.671257 0.791667 0.579641 0.793333 0.556287 0.830000 0.540120 0.842500 0.528742 0.839167 0.498802
4 0.228333 0.637725 0.223333 0.668862 0.235000 0.728743 0.253333 0.764072 0.278333 0.785629 0.310000 0.782635 0.331667 0.776048 0.352500 0.750898 0.355833 0.737126 0.361667 0.733533 0.406667 0.729940 0.419167 0.726347 0.431667 0.727545 0.490000 0.722754 0.505000 0.718563 0.547500 0.714371 0.566667 0.708383 0.575833 0.695808 0.577500 0.681437 0.569167 0.653892 0.558333 0.637725 0.543333 0.629341 0.503333 0.628144 0.425833 0.637725 0.395000 0.637126 0.338333 0.647305 0.313333 0.614371 0.302500 0.609581 0.286667 0.609581 0.247500 0.614970 0.235833 0.623952
0 0.281667 0.131737 0.278333 0.137126 0.265000 0.139521 0.251667 0.149701 0.248333 0.162275 0.251667 0.183832 0.245833 0.197006 0.238333 0.204192 0.223333 0.210180 0.217500 0.217365 0.217500 0.225150 0.253333 0.246707 0.232500 0.319760 0.231667 0.340120 0.220000 0.356287 0.217500 0.380240 0.224167 0.390419 0.236667 0.395808 0.280000 0.402395 0.310000 0.375449 0.319167 0.338323 0.329167 0.327545 0.323333 0.320958 0.324167 0.315569 0.334167 0.304192 0.349167 0.297006 0.341667 0.289222 0.344167 0.281437 0.341667 0.261677 0.348333 0.256886 0.365833 0.258084 0.384167 0.253892 0.387500 0.243114 0.380000 0.228144 0.381667 0.219162 0.376667 0.207784 0.379167 0.202395 0.393333 0.192216 0.400000 0.170659 0.397500 0.162874 0.383333 0.157485 0.361667 0.156287 0.331667 0.147305 0.293333 0.144910 0.283333 0.140719
3 0.282500 0.296407 0.269167 0.295808 0.263333 0.298204 0.245833 0.317964 0.250000 0.328144 0.266667 0.337126 0.275000 0.347305 0.270000 0.361078 0.255833 0.374251 0.217500 0.424551 0.191667 0.452096 0.175833 0.464072 0.162500 0.482635 0.132500 0.512575 0.101667 0.552695 0.098333 0.573054 0.128333 0.596407 0.150000 0.595808 0.164167 0.589222 0.177500 0.577844 0.317500 0.424551 0.361667 0.393413 0.370000 0.392216 0.390833 0.401198 0.400833 0.400000 0.415833 0.384431 0.419167 0.371856 0.409167 0.359281 0.345833 0.322755 0.308333 0.304790
3 0.690833 0.353293 0.684167 0.349701 0.668333 0.349701 0.641667 0.354491 0.503333 0.401796 0.350833 0.449102 0.313333 0.420359 0.271667 0.432934 0.270000 0.441916 0.305000 0.504790 0.339167 0.549102 0.353333 0.559880 0.363333 0.562275 0.392500 0.552695 0.401667 0.546707 0.389167 0.521557 0.393333 0.508383 0.444167 0.495210 0.698333 0.408982 0.710000 0.400599 0.712500 0.394611 0.704167 0.372455
4 0.200000 0.395808 0.172500 0.395210 0.158333 0.400599 0.131667 0.431737 0.133333 0.439521 0.173333 0.463473 0.183333 0.473653 0.164167 0.481437 0.140000 0.506587 0.124167 0.533533 0.108333 0.548503 0.071667 0.594012 0.066667 0.608982 0.070000 0.617964 0.085000 0.623353 0.108333 0.637126 0.135833 0.646108 0.164167 0.651497 0.182500 0.645509 0.195000 0.635329 0.198333 0.624551 0.217500 0.598204 0.229167 0.589820 0.264167 0.535329 0.272500 0.529341 0.275000 0.520359 0.286667 0.514970 0.297500 0.514371 0.320000 0.517964 0.345833 0.517365 0.362500 0.509581 0.385000 0.482635 0.380833 0.473653 0.366667 0.460479 0.333333 0.440120 0.255833 0.408982
3 0.582500 0.187425 0.565000 0.186228 0.532500 0.196407 0.265000 0.320359 0.252500 0.323353 0.244167 0.321557 0.218333 0.301198 0.207500 0.299401 0.175833 0.313174 0.172500 0.328144 0.185000 0.349102 0.244167 0.411976 0.274167 0.434132 0.291667 0.437725 0.323333 0.419760 0.320000 0.400000 0.327500 0.385629 0.335833 0.379641 0.347500 0.377844 0.386667 0.360479 0.394167 0.352695 0.407500 0.350898 0.475833 0.316766 0.570833 0.274251 0.610833 0.240120 0.615833 0.228743
