2 0.630833 0.336527 0.629167 0.340719 0.624167 0.344311 0.617500 0.362275 0.616667 0.372455 0.622500 0.377246 0.643333 0.384431 0.661667 0.388623 0.662500 0.389820 0.669167 0.390419 0.679167 0.394012 0.688333 0.395210 0.688333 0.396407 0.695000 0.397006 0.707500 0.400599 0.711667 0.404192 0.710000 0.414970 0.712500 0.419162 0.725833 0.425748 0.740833 0.428144 0.750000 0.426946 0.756667 0.424551 0.765833 0.411377 0.766667 0.407784 0.770833 0.403593 0.770833 0.401198 0.775000 0.397006 0.775833 0.392216 0.780833 0.385030 0.787500 0.364671 0.784167 0.352096 0.777500 0.347904 0.778333 0.347305 0.765833 0.343713 0.752500 0.343114 0.744167 0.346707 0.737500 0.354491 0.730000 0.355689 0.723333 0.353293 0.703333 0.349701 0.700000 0.347904 0.690833 0.346707 0.686667 0.344311 0.656667 0.338323 0.656667 0.337126 0.642500 0.334731 0.635000 0.334731 0.631667 0.337126
1 0.195833 0.255689 0.198333 0.280240 0.214167 0.288024 0.245000 0.294012 0.828333 0.354491 0.835000 0.359281 0.840833 0.386826 0.868333 0.392814 0.882500 0.391617 0.900000 0.374850 0.919167 0.309581 0.920000 0.286228 0.903333 0.270659 0.878333 0.267665 0.865833 0.270060 0.855000 0.289222 0.831667 0.292216 0.734167 0.286228 0.245000 0.232934 0.209167 0.237126
0 0.613333 0.189222 0.585000 0.211377 0.558333 0.224551 0.539167 0.243713 0.520000 0.252096 0.513333 0.262275 0.520000 0.274850 0.531667 0.282635 0.564167 0.295808 0.575833 0.309581 0.577500 0.331737 0.590833 0.337126 0.630000 0.329341 0.643333 0.331737 0.715000 0.385629 0.734167 0.395808 0.753333 0.415569 0.784167 0.431737 0.805000 0.429940 0.841667 0.404192 0.829167 0.374850 0.780833 0.337725 0.779167 0.326347 0.765000 0.326347 0.752500 0.311976 0.750833 0.300599 0.737500 0.299401 0.705833 0.282635 0.704167 0.277844 0.722500 0.256287 0.711667 0.240719 0.685833 0.238922 0.676667 0.232934 0.664167 0.230539 0.655833 0.212575 0.640000 0.197006 0.627500 0.189820
4 0.289167 0.502395 0.270000 0.520359 0.265000 0.529341 0.270833 0.553293 0.282500 0.563473 0.356667 0.603593 0.391667 0.626347 0.415000 0.688024 0.435833 0.706587 0.455833 0.715569 0.481667 0.717365 0.542500 0.706587 0.575833 0.686228 0.609167 0.652096 0.620833 0.620958 0.620833 0.611976 0.611667 0.588024 0.589167 0.564671 0.568333 0.553892 0.540833 0.550898 0.511667 0.558683 0.475833 0.558084 0.433333 0.531737 0.411667 0.522754 0.377500 0.502395 0.340000 0.488024 0.315000 0.488623
3 0.674167 0.328144 0.656667 0.330539 0.641667 0.339521 0.593333 0.386826 0.536667 0.458084 0.475000 0.520359 0.394167 0.616168 0.379167 0.620359 0.339167 0.606587 0.318333 0.604192 0.285833 0.638922 0.291667 0.652096 0.319167 0.670659 0.442500 0.729341 0.485000 0.742515 0.514167 0.743713 0.535833 0.725150 0.544167 0.710180 0.534167 0.697605 0.503333 0.679641 0.508333 0.660479 0.556667 0.609581 0.576667 0.579641 0.629167 0.531138 0.695833 0.457485 0.750833 0.374251 0.751667 0.364072 0.745000 0.354491
2 0.607500 0.537725 0.554167 0.544311 0.534167 0.555689 0.524167 0.566467 0.516667 0.601796 0.524167 0.721557 0.516667 0.729940 0.490833 0.741317 0.475000 0.752695 0.464167 0.776647 0.468333 0.810180 0.480833 0.825749 0.512500 0.844910 0.560000 0.856886 0.619167 0.853892 0.713333 0.836527 0.736667 0.824551 0.745833 0.816168 0.756667 0.795808 0.759167 0.782036 0.753333 0.753892 0.737500 0.732335 0.700000 0.713174 0.689167 0.703593 0.689167 0.655090 0.676667 0.561078 0.665833 0.552096 0.644167 0.541916
3 0.440000 0.261677 0.398333 0.256287 0.388333 0.262275 0.375833 0.282036 0.406667 0.305389 0.405000 0.313772 0.254167 0.498204 0.252500 0.520359 0.290833 0.538922 0.306667 0.540719 0.338333 0.522156 0.385000 0.461677 0.412500 0.431737 0.433333 0.401796 0.455833 0.377844 0.470000 0.358084 0.473333 0.346707 0.490000 0.340719 0.531667 0.348503 0.550000 0.326347 0.545833 0.316168 0.530000 0.303593 0.492500 0.282635
0 0.805000 0.616766 0.767500 0.599401 0.751667 0.601198 0.738333 0.610778 0.726667 0.632335 0.710000 0.650898 0.701667 0.666467 0.678333 0.695210 0.675000 0.705389 0.660833 0.725150 0.648333 0.729940 0.640000 0.726347 0.619167 0.723952 0.619167 0.750299 0.612500 0.756886 0.603333 0.759281 0.595000 0.764671 0.587500 0.777844 0.588333 0.792216 0.602500 0.802395 0.673333 0.823353 0.695000 0.823952 0.710000 0.817365 0.717500 0.807186 0.724167 0.789820 0.728333 0.786826 0.754167 0.779042 0.743333 0.765269 0.743333 0.749701 0.748333 0.741317 0.771667 0.720359 0.784167 0.702395 0.793333 0.681437 0.813333 0.648503 0.815833 0.631138
1 0.266667 0.465269 0.265833 0.490419 0.277500 0.501796 0.291667 0.505389 0.312500 0.504790 0.326667 0.488024 0.335000 0.484431 0.435833 0.494611 0.872500 0.557485 0.897500 0.553892 0.911667 0.535928 0.910833 0.516766 0.891667 0.506587 0.410833 0.436527 0.354167 0.431138 0.347500 0.424551 0.341667 0.400000 0.306667 0.394611 0.289167 0.408383
2 0.251667 0.398204 0.235833 0.405389 0.228333 0.414371 0.209167 0.457485 0.210833 0.482635 0.216667 0.494012 0.231667 0.492814 0.244167 0.500000 0.260833 0.501198 0.267500 0.504790 0.269167 0.513174 0.248333 0.541916 0.252500 0.549102 0.228333 0.607784 0.221667 0.637725 0.205000 0.664072 0.206667 0.714371 0.244167 0.730539 0.330000 0.741317 0.365000 0.738323 0.383333 0.719760 0.400833 0.682635 0.439167 0.554491 0.455000 0.530539 0.497500 0.525748 0.535000 0.514371 0.554167 0.476048 0.540833 0.449701 0.480000 0.432335 0.425833 0.426347 0.388333 0.415569
