3 0.954167 0.491617 0.934167 0.471856 0.915000 0.469461 0.810000 0.492216 0.619167 0.541317 0.603333 0.538922 0.577500 0.512575 0.540000 0.521557 0.534167 0.529940 0.533333 0.539521 0.551667 0.587425 0.575000 0.623353 0.593333 0.640120 0.609167 0.642515 0.637500 0.634132 0.648333 0.620359 0.673333 0.608982 0.705833 0.601796 0.720000 0.595210 0.832500 0.561677 0.916667 0.542515 0.941667 0.528742 0.956667 0.515569 0.958333 0.505389
3 0.816667 0.285030 0.796667 0.279641 0.775833 0.281437 0.728333 0.312575 0.665000 0.363473 0.601667 0.409581 0.580833 0.428743 0.572500 0.430539 0.545833 0.421557 0.532500 0.422156 0.524167 0.425748 0.507500 0.441317 0.515833 0.449701 0.520833 0.471257 0.545000 0.488623 0.585833 0.509581 0.607500 0.516766 0.624167 0.519760 0.635000 0.518563 0.651667 0.506587 0.655833 0.498802 0.644167 0.470060 0.646667 0.463473 0.693333 0.430539 0.827500 0.323353 0.836667 0.309581 0.835000 0.298802
4 0.235833 0.213772 0.222500 0.259281 0.227500 0.352096 0.235000 0.380838 0.260833 0.417365 0.276667 0.425150 0.337500 0.423952 0.350000 0.418563 0.360833 0.390419 0.360000 0.380838 0.367500 0.371856 0.382500 0.374251 0.410000 0.368263 0.439167 0.371856 0.483333 0.364671 0.622500 0.362874 0.649167 0.356886 0.655000 0.350299 0.660000 0.303593 0.650833 0.265269 0.644167 0.253892 0.616667 0.244910 0.590000 0.249102 0.506667 0.247904 0.472500 0.255090 0.408333 0.256886 0.389167 0.253892 0.375000 0.257485 0.360833 0.251497 0.349167 0.240120 0.329167 0.207784 0.307500 0.198802 0.254167 0.199401 0.244167 0.202395
3 0.742500 0.583234 0.730833 0.553293 0.712500 0.540120 0.680833 0.535928 0.663333 0.538323 0.647500 0.547305 0.636667 0.572455 0.621667 0.587425 0.478333 0.591617 0.457500 0.587425 0.436667 0.591617 0.374167 0.589222 0.337500 0.594012 0.213333 0.591018 0.175000 0.597605 0.156667 0.606587 0.150000 0.618563 0.149167 0.668263 0.170833 0.680838 0.244167 0.685030 0.325833 0.674850 0.442500 0.679042 0.508333 0.671257 0.535833 0.675449 0.577500 0.671856 0.618333 0.685030 0.639167 0.720958 0.653333 0.726946 0.678333 0.727545 0.709167 0.713174 0.727500 0.692216 0.728333 0.662874 0.742500 0.634132
3 0.615833 0.446108 0.612500 0.446108 0.607500 0.448503 0.595000 0.466467 0.590000 0.471257 0.580000 0.484431 0.575833 0.487425 0.575000 0.489820 0.570000 0.494611 0.570000 0.495808 0.568333 0.496407 0.564167 0.502395 0.560000 0.504790 0.554167 0.504192 0.549167 0.502395 0.546667 0.503593 0.542500 0.509581 0.545000 0.513772 0.550833 0.515569 0.560833 0.521557 0.581667 0.528742 0.586667 0.529341 0.592500 0.525748 0.594167 0.519760 0.588333 0.516766 0.586667 0.514371 0.587500 0.510180 0.593333 0.504192 0.620833 0.468263 0.622500 0.467665 0.630833 0.454491 0.627500 0.450299
1 0.893333 0.074251 0.817500 0.050299 0.770833 0.048503 0.758333 0.056886 0.741667 0.086826 0.766667 0.109581 0.765833 0.129341 0.404167 0.599401 0.397500 0.619760 0.419167 0.637725 0.465833 0.652695 0.486667 0.640120 0.863333 0.163473 0.880833 0.151497 0.929167 0.155689 0.940000 0.149701 0.955833 0.125749 0.952500 0.109581 0.929167 0.089820
3 0.565000 0.422754 0.536667 0.434731 0.510833 0.451497 0.509167 0.461078 0.515833 0.474850 0.699167 0.631138 0.750000 0.682036 0.751667 0.692814 0.740833 0.699401 0.722500 0.722156 0.752500 0.750898 0.769167 0.750299 0.841667 0.711976 0.889167 0.680239 0.916667 0.656287 0.920000 0.643713 0.901667 0.625749 0.885833 0.618563 0.852500 0.632934 0.835833 0.635329 0.619167 0.446707 0.595000 0.429940 0.575000 0.422754
3 0.610833 0.549701 0.590833 0.514371 0.580000 0.510180 0.532500 0.515569 0.519167 0.538323 0.519167 0.552695 0.495833 0.559880 0.465833 0.556287 0.390000 0.566467 0.365833 0.564671 0.212500 0.571257 0.109167 0.580240 0.075000 0.591018 0.065000 0.614970 0.066667 0.632934 0.075833 0.648503 0.093333 0.662874 0.140833 0.671856 0.306667 0.664671 0.513333 0.648503 0.528333 0.656287 0.536667 0.685629 0.546667 0.691617 0.590833 0.691018 0.602500 0.686826 0.615000 0.671257 0.617500 0.626946
3 0.595833 0.224551 0.558333 0.204790 0.509167 0.187425 0.458333 0.179641 0.436667 0.182635 0.418333 0.200599 0.415000 0.210778 0.420000 0.235928 0.434167 0.249701 0.433333 0.256287 0.319167 0.367066 0.245000 0.449701 0.235000 0.473054 0.249167 0.489820 0.285833 0.502994 0.308333 0.501796 0.325833 0.495210 0.365833 0.459880 0.523333 0.294611 0.536667 0.289222 0.585000 0.295808 0.599167 0.289820 0.612500 0.277844 0.615833 0.269461 0.613333 0.247305
1 0.106667 0.225150 0.090833 0.253892 0.102500 0.284431 0.145000 0.301796 0.203333 0.287425 0.672500 0.518563 0.695833 0.520958 0.721667 0.541317 0.740000 0.542515 0.748333 0.553293 0.781667 0.569461 0.806667 0.576048 0.830000 0.574850 0.864167 0.552096 0.867500 0.534731 0.855000 0.519760 0.833333 0.510778 0.815000 0.491018 0.766667 0.462275 0.640833 0.402994 0.576667 0.380838 0.465000 0.319162 0.333333 0.256886 0.305000 0.249102 0.270833 0.229341 0.263333 0.189820 0.243333 0.170060 0.220000 0.162275 0.174167 0.174850 0.128333 0.203593
4 0.406667 0.202395 0.367500 0.214371 0.346667 0.224551 0.311667 0.252695 0.304167 0.262275 0.305833 0.288024 0.314167 0.304790 0.325000 0.310778 0.370833 0.314371 0.391667 0.328144 0.400833 0.358683 0.419167 0.392216 0.447500 0.465868 0.464167 0.488623 0.477500 0.492216 0.505000 0.492814 0.535833 0.488024 0.570833 0.476048 0.581667 0.458683 0.575000 0.425150 0.525000 0.298204 0.575000 0.260479 0.575000 0.247904 0.564167 0.218563 0.555833 0.209581 0.525000 0.200000 0.467500 0.196407
2 0.518333 0.334132 0.500833 0.329341 0.444167 0.338323 0.407500 0.353293 0.295000 0.385030 0.248333 0.402994 0.234167 0.400599 0.225833 0.389820 0.207500 0.378443 0.183333 0.373653 0.144167 0.380240 0.113333 0.397605 0.104167 0.413174 0.115833 0.458683 0.188333 0.578443 0.209167 0.595808 0.232500 0.602994 0.245000 0.602994 0.295000 0.589222 0.308333 0.581437 0.317500 0.568263 0.320000 0.556287 0.313333 0.526347 0.318333 0.515569 0.351667 0.510778 0.420833 0.485629 0.437500 0.485030 0.512500 0.456886 0.553333 0.445509 0.571667 0.433533 0.578333 0.417964 0.575000 0.408982 0.559167 0.390419 0.543333 0.356886
1 0.193333 0.083234 0.179167 0.103593 0.186667 0.124551 0.209167 0.141317 0.220000 0.167066 0.262500 0.211377 0.385833 0.312575 0.450833 0.354491 0.552500 0.452096 0.668333 0.547904 0.704167 0.568263 0.737500 0.602395 0.725000 0.651497 0.739167 0.674251 0.760000 0.688623 0.820000 0.685030 0.885833 0.662874 0.919167 0.644311 0.954167 0.612575 0.954167 0.573653 0.935833 0.556886 0.910000 0.543713 0.838333 0.546707 0.398333 0.168862 0.371667 0.159880 0.351667 0.130539 0.330833 0.124551 0.327500 0.111976 0.291667 0.082036 0.265000 0.069461 0.235000 0.066467
4 0.329167 0.298204 0.309167 0.303593 0.295000 0.310778 0.256667 0.337725 0.241667 0.351497 0.167500 0.401198 0.155000 0.405389 0.149167 0.404790 0.145000 0.401796 0.142500 0.392814 0.110833 0.386826 0.100833 0.390419 0.072500 0.409581 0.072500 0.420359 0.101667 0.453892 0.178333 0.511976 0.201667 0.523952 0.215833 0.527545 0.225833 0.526946 0.259167 0.502395 0.260000 0.498802 0.233333 0.474252 0.235000 0.464671 0.242500 0.454491 0.280000 0.431737 0.385000 0.356886 0.389167 0.348503 0.386667 0.343713 0.365833 0.328743 0.348333 0.309581
1 0.068333 0.514371 0.070833 0.537725 0.110000 0.552096 0.195000 0.560479 0.205833 0.565269 0.245833 0.565269 0.524167 0.604790 0.762500 0.631138 0.777500 0.638323 0.793333 0.666467 0.817500 0.676048 0.828333 0.674251 0.841667 0.662874 0.850000 0.641317 0.864167 0.555689 0.859167 0.541916 0.841667 0.537725 0.810000 0.537725 0.796667 0.562874 0.780833 0.567066 0.505833 0.536527 0.464167 0.526946 0.132500 0.486826 0.088333 0.488623 0.075833 0.498204
