1 0.447500 0.203593 0.410833 0.217365 0.385833 0.219760 0.360000 0.245509 0.358333 0.272455 0.365833 0.283832 0.412500 0.301796 0.419167 0.310180 0.435833 0.935329 0.452500 0.962275 0.494167 0.974252 0.535000 0.964671 0.549167 0.934731 0.539167 0.320359 0.551667 0.305988 0.599167 0.284431 0.600000 0.241317 0.570000 0.221557 0.513333 0.208383
1 0.684167 0.649102 0.667500 0.633533 0.642500 0.632335 0.510833 0.672455 0.146667 0.793413 0.136667 0.792814 0.113333 0.776048 0.089167 0.780838 0.080000 0.786228 0.077500 0.815569 0.116667 0.868263 0.140833 0.882635 0.158333 0.879641 0.177500 0.870659 0.175833 0.848503 0.184167 0.840120 0.657500 0.685629 0.687500 0.668263
3 0.535000 0.612575 0.505833 0.608383 0.495000 0.610180 0.475833 0.623353 0.471667 0.633533 0.474167 0.643114 0.492500 0.656287 0.500833 0.667665 0.458333 0.732335 0.449167 0.740120 0.445833 0.749701 0.424167 0.777246 0.417500 0.793413 0.381667 0.843713 0.374167 0.849701 0.367500 0.868263 0.369167 0.879641 0.390000 0.892216 0.419167 0.902395 0.438333 0.897006 0.464167 0.866467 0.481667 0.826946 0.522500 0.775449 0.535000 0.746707 0.548333 0.734132 0.559167 0.714371 0.581667 0.700000 0.620000 0.702395 0.630000 0.697605 0.639167 0.685629 0.635833 0.668263 0.624167 0.653892 0.599167 0.644311 0.577500 0.628144
1 0.226667 0.077844 0.170000 0.123952 0.136667 0.159880 0.132500 0.181437 0.146667 0.194012 0.170000 0.200599 0.202500 0.180240 0.213333 0.181437 0.422500 0.308383 0.733333 0.487425 0.773333 0.502994 0.791667 0.500599 0.816667 0.482036 0.825833 0.468263 0.814167 0.446108 0.271667 0.130539 0.265833 0.119162 0.288333 0.093413 0.277500 0.082036 0.258333 0.071257
1 0.293333 0.217964 0.239167 0.237126 0.240000 0.258683 0.548333 0.851497 0.548333 0.870659 0.509167 0.896407 0.507500 0.908982 0.534167 0.942515 0.595833 0.944910 0.712500 0.908383 0.756667 0.876048 0.755833 0.862275 0.731667 0.829341 0.686667 0.828743 0.660833 0.813174 0.354167 0.241916 0.331667 0.217964
4 0.818333 0.327545 0.800833 0.327545 0.784167 0.338323 0.780833 0.344910 0.769167 0.350898 0.759167 0.360479 0.742500 0.398802 0.725833 0.420359 0.715000 0.440719 0.703333 0.447904 0.686667 0.447305 0.661667 0.455090 0.649167 0.462874 0.634167 0.486826 0.635833 0.497006 0.665000 0.520359 0.693333 0.533533 0.742500 0.549102 0.774167 0.555090 0.813333 0.554491 0.827500 0.548503 0.840833 0.535329 0.850000 0.514970 0.841667 0.501198 0.815833 0.485030 0.815000 0.479042 0.825833 0.466467 0.833333 0.447904 0.840000 0.440719 0.871667 0.382635 0.875833 0.362874 0.869167 0.349701 0.847500 0.335329
0 0.585000 0.367066 0.561667 0.363473 0.550000 0.367665 0.460000 0.444910 0.456667 0.446108 0.432500 0.438922 0.421667 0.440719 0.417500 0.444910 0.418333 0.454491 0.411667 0.466467 0.407500 0.469461 0.391667 0.474252 0.381667 0.483234 0.378333 0.492814 0.383333 0.498204 0.396667 0.504192 0.401667 0.509581 0.424167 0.523952 0.437500 0.529940 0.455000 0.541317 0.467500 0.540719 0.474167 0.537725 0.480833 0.531737 0.486667 0.518563 0.492500 0.512575 0.500000 0.508383 0.513333 0.505988 0.520833 0.500599 0.520833 0.494012 0.507500 0.476647 0.516667 0.464072 0.557500 0.429940 0.594167 0.394611 0.596667 0.388623 0.591667 0.380240 0.591667 0.371257
3 0.782500 0.221557 0.768333 0.222156 0.750833 0.230539 0.730000 0.256886 0.706667 0.276647 0.666667 0.330539 0.605833 0.402994 0.593333 0.423353 0.580833 0.431737 0.538333 0.426347 0.516667 0.451497 0.525833 0.464072 0.567500 0.485030 0.669167 0.520359 0.690000 0.517365 0.707500 0.496407 0.703333 0.486826 0.670000 0.465868 0.690000 0.448503 0.697500 0.433533 0.756667 0.365269 0.765000 0.350299 0.812500 0.292814 0.832500 0.260479 0.832500 0.246707 0.810833 0.231138
0 0.641667 0.586826 0.636667 0.583234 0.625833 0.581437 0.601667 0.587425 0.453333 0.645509 0.441667 0.643713 0.422500 0.628743 0.408333 0.628144 0.394167 0.636527 0.385833 0.649701 0.372500 0.655090 0.355833 0.656886 0.329167 0.667066 0.320833 0.673054 0.326667 0.692814 0.376667 0.755090 0.383333 0.758084 0.397500 0.758683 0.416667 0.751497 0.440000 0.737126 0.466667 0.740120 0.478333 0.738922 0.487500 0.731737 0.484167 0.706587 0.488333 0.700000 0.536667 0.676647 0.651667 0.631138 0.657500 0.625150 0.658333 0.608982
0 0.636667 0.668862 0.622500 0.657485 0.591667 0.643713 0.551667 0.641317 0.525833 0.644910 0.517500 0.647305 0.497500 0.656886 0.486667 0.665868 0.484167 0.672455 0.473333 0.680838 0.460833 0.683832 0.450000 0.689820 0.441667 0.707186 0.444167 0.719760 0.461667 0.732934 0.494167 0.735329 0.500833 0.737725 0.509167 0.744311 0.525833 0.749701 0.543333 0.750898 0.577500 0.747305 0.578333 0.746108 0.585833 0.744910 0.606667 0.735329 0.643333 0.707784 0.645833 0.700599 0.645000 0.685030
1 0.857500 0.523353 0.844167 0.514371 0.824167 0.514970 0.769167 0.537126 0.245833 0.783234 0.233333 0.785030 0.195000 0.768263 0.159167 0.780838 0.150833 0.794611 0.154167 0.812575 0.194167 0.874251 0.218333 0.893413 0.239167 0.902395 0.273333 0.894611 0.290833 0.883832 0.283333 0.856886 0.295000 0.844910 0.663333 0.668263 0.680000 0.665269 0.806667 0.605389 0.869167 0.570659 0.880833 0.553293
4 0.782500 0.298204 0.761667 0.300000 0.755833 0.301796 0.753333 0.304192 0.753333 0.310180 0.755833 0.315569 0.756667 0.323952 0.758333 0.325749 0.759167 0.333533 0.760833 0.335329 0.760833 0.338922 0.762500 0.340719 0.762500 0.344311 0.764167 0.345509 0.765000 0.349102 0.756667 0.352695 0.752500 0.353293 0.749167 0.355689 0.748333 0.358683 0.749167 0.362874 0.752500 0.367665 0.760000 0.370659 0.782500 0.369461 0.803333 0.366467 0.805000 0.365269 0.813333 0.364072 0.820833 0.360479 0.820000 0.353892 0.817500 0.347904 0.813333 0.346108 0.801667 0.345509 0.798333 0.343114 0.797500 0.337126 0.793333 0.326347 0.793333 0.322156 0.791667 0.320958 0.790833 0.312575 0.789167 0.311377 0.789167 0.307784 0.787500 0.305988 0.786667 0.301198
1 0.037500 0.431138 0.041667 0.457485 0.087500 0.474252 0.796667 0.601796 0.815000 0.612575 0.823333 0.643713 0.836667 0.650898 0.881667 0.652096 0.910000 0.636527 0.935833 0.603593 0.947500 0.564072 0.945833 0.531138 0.930833 0.510180 0.913333 0.504790 0.878333 0.505389 0.863333 0.520359 0.837500 0.530539 0.812500 0.529341 0.084167 0.401198 0.057500 0.408383
0 0.612500 0.147904 0.610000 0.157485 0.612500 0.176048 0.610000 0.189820 0.610833 0.208982 0.621667 0.213772 0.651667 0.211377 0.663333 0.213174 0.676667 0.220359 0.681667 0.220359 0.688333 0.216168 0.690000 0.211377 0.694167 0.208982 0.709167 0.208383 0.715833 0.210778 0.725833 0.209581 0.732500 0.210778 0.739167 0.205988 0.748333 0.208982 0.753333 0.208383 0.760000 0.210180 0.766667 0.205389 0.774167 0.207186 0.791667 0.205389 0.807500 0.206587 0.844167 0.201198 0.850833 0.202395 0.860833 0.198204 0.863333 0.195210 0.865833 0.183832 0.864167 0.170060 0.858333 0.162874 0.850833 0.161078 0.810000 0.159281 0.711667 0.158683 0.699167 0.154491 0.697500 0.143114 0.690000 0.134731 0.680833 0.135329 0.676667 0.140719 0.670000 0.144311 0.661667 0.144311 0.637500 0.139521 0.620000 0.140719
0 0.746667 0.178443 0.726667 0.185629 0.719167 0.190419 0.716667 0.200599 0.725000 0.209581 0.725833 0.213174 0.745000 0.232335 0.749167 0.240719 0.757500 0.247904 0.760833 0.255689 0.770833 0.259880 0.783333 0.277246 0.795000 0.286826 0.790833 0.294611 0.780833 0.301198 0.777500 0.311377 0.795000 0.316168 0.802500 0.321557 0.810000 0.323952 0.814167 0.327545 0.816667 0.338922 0.825000 0.349701 0.831667 0.354491 0.841667 0.355090 0.865833 0.344311 0.881667 0.334132 0.918333 0.318563 0.917500 0.311976 0.912500 0.305389 0.896667 0.294012 0.883333 0.288623 0.881667 0.280240 0.885000 0.273054 0.885000 0.266467 0.877500 0.260479 0.847500 0.266467 0.830000 0.246707 0.822500 0.241317 0.810000 0.226946 0.806667 0.218563 0.794167 0.208982 0.778333 0.188024 0.762500 0.179042
0 0.601667 0.267665 0.580833 0.256886 0.562500 0.256886 0.534167 0.263473 0.511667 0.264671 0.485000 0.273653 0.460000 0.273054 0.441667 0.280838 0.414167 0.282635 0.391667 0.289820 0.367500 0.290419 0.343333 0.296407 0.322500 0.294611 0.307500 0.277246 0.295000 0.271257 0.280833 0.270060 0.247500 0.291018 0.204167 0.291617 0.182500 0.296407 0.169167 0.310778 0.169167 0.326347 0.184167 0.370659 0.195833 0.386228 0.205000 0.414371 0.210833 0.420958 0.232500 0.426946 0.252500 0.423353 0.288333 0.407186 0.335833 0.410180 0.350833 0.392216 0.387500 0.368263 0.426667 0.367665 0.442500 0.359880 0.455000 0.360479 0.468333 0.354491 0.504167 0.349701 0.570833 0.325150 0.605000 0.317365 0.612500 0.307186 0.613333 0.297006
3 0.389167 0.389820 0.384167 0.391018 0.381667 0.392814 0.381667 0.394611 0.385833 0.397605 0.385000 0.398204 0.388333 0.405389 0.395833 0.408383 0.398333 0.411377 0.395833 0.417964 0.396667 0.424551 0.392500 0.440120 0.393333 0.449102 0.391667 0.450898 0.391667 0.469461 0.385833 0.491018 0.388333 0.495808 0.401667 0.500000 0.406667 0.500000 0.413333 0.497605 0.416667 0.493413 0.415833 0.491617 0.420000 0.477246 0.419167 0.473054 0.420833 0.471257 0.420833 0.463473 0.422500 0.459281 0.422500 0.450299 0.425000 0.444311 0.425000 0.434132 0.426667 0.432335 0.426667 0.424551 0.428333 0.419162 0.427500 0.413174 0.430000 0.410180 0.440833 0.409581 0.445833 0.407784 0.445833 0.406587 0.447500 0.405988 0.447500 0.398204 0.443333 0.395808 0.439167 0.395808 0.435833 0.393413 0.413333 0.390419 0.409167 0.391018
0 0.197500 0.283234 0.175833 0.306587 0.171667 0.315569 0.158333 0.329341 0.155833 0.335928 0.160833 0.344910 0.172500 0.350299 0.195000 0.353892 0.213333 0.370659 0.233333 0.368263 0.241667 0.370060 0.260000 0.370060 0.278333 0.383234 0.288333 0.384431 0.293333 0.388623 0.303333 0.391018 0.319167 0.399401 0.352500 0.409581 0.360833 0.410180 0.380833 0.418563 0.390000 0.417365 0.397500 0.413174 0.410833 0.398204 0.410833 0.389820 0.407500 0.385030 0.375000 0.367066 0.360833 0.363473 0.351667 0.355689 0.337500 0.352096 0.325000 0.343713 0.310833 0.339521 0.300000 0.331737 0.288333 0.327545 0.279167 0.319162 0.283333 0.309581 0.281667 0.299401 0.275833 0.295210 0.254167 0.295210 0.248333 0.292814 0.232500 0.280240 0.220833 0.275449 0.210000 0.276048
1 0.806667 0.428144 0.777500 0.423353 0.750000 0.428144 0.624167 0.505988 0.259167 0.747305 0.202500 0.739521 0.180000 0.751497 0.170833 0.764072 0.175833 0.783832 0.188333 0.804192 0.224167 0.838323 0.250833 0.855689 0.270833 0.861677 0.292500 0.863473 0.316667 0.850898 0.329167 0.838323 0.316667 0.808982 0.319167 0.799401 0.397500 0.751497 0.447500 0.711976 0.462500 0.707186 0.466667 0.696407 0.487500 0.690419 0.495000 0.681437 0.550833 0.651497 0.750833 0.520359 0.774167 0.498802 0.809167 0.480240 0.822500 0.453293
3 0.439167 0.211976 0.431667 0.208982 0.412500 0.210778 0.366667 0.235329 0.331667 0.267665 0.293333 0.295808 0.264167 0.312575 0.230000 0.342515 0.185833 0.370060 0.160000 0.376647 0.130833 0.366467 0.115000 0.365269 0.095000 0.376647 0.090833 0.391617 0.095833 0.410778 0.116667 0.428144 0.129167 0.447305 0.172500 0.480838 0.190000 0.488623 0.208333 0.490419 0.217500 0.488623 0.233333 0.479641 0.241667 0.460479 0.227500 0.440719 0.227500 0.429940 0.303333 0.375449 0.318333 0.369461 0.326667 0.359880 0.462500 0.266467 0.470833 0.256287 0.473333 0.244910 0.468333 0.236527
2 0.890833 0.889222 0.885833 0.888024 0.870000 0.895210 0.825833 0.923353 0.821667 0.922754 0.814167 0.917365 0.809167 0.916766 0.800000 0.920359 0.795833 0.923353 0.792500 0.928144 0.793333 0.931737 0.813333 0.951497 0.826667 0.963473 0.834167 0.967665 0.839167 0.971856 0.845000 0.973054 0.855000 0.968862 0.861667 0.964072 0.862500 0.958683 0.860833 0.955689 0.855833 0.952096 0.855833 0.949701 0.860833 0.945509 0.869167 0.941916 0.900000 0.920958 0.909167 0.916168 0.914167 0.911377 0.913333 0.907784 0.907500 0.901796 0.905000 0.900599 0.900833 0.895808
0 0.801667 0.049102 0.787500 0.046108 0.766667 0.052695 0.753333 0.073054 0.750833 0.085030 0.742500 0.093413 0.726667 0.103593 0.695000 0.110778 0.689167 0.122754 0.697500 0.138323 0.710000 0.151497 0.708333 0.159281 0.671667 0.202395 0.663333 0.207186 0.645000 0.227545 0.630833 0.249102 0.613333 0.258683 0.594167 0.283832 0.590833 0.293413 0.595000 0.303593 0.614167 0.316168 0.643333 0.329341 0.653333 0.328144 0.693333 0.310180 0.707500 0.298802 0.730833 0.271257 0.741667 0.265269 0.752500 0.264671 0.746667 0.253892 0.769167 0.241317 0.783333 0.238323 0.784167 0.226347 0.799167 0.204192 0.806667 0.201198 0.845000 0.205988 0.860000 0.194012 0.858333 0.175449 0.865833 0.153892 0.895833 0.141916 0.914167 0.123353 0.916667 0.113772 0.913333 0.105988 0.858333 0.074850 0.828333 0.064072
