3 0.489167 0.401198 0.457500 0.411377 0.435000 0.429940 0.437500 0.452096 0.447500 0.467066 0.460000 0.474252 0.501667 0.477246 0.519167 0.485030 0.550833 0.576048 0.550833 0.595808 0.560000 0.608383 0.564167 0.632934 0.587500 0.692216 0.604167 0.768263 0.620833 0.792814 0.634167 0.802994 0.680000 0.803593 0.717500 0.796407 0.731667 0.778443 0.725000 0.726347 0.695833 0.676048 0.677500 0.591617 0.659167 0.553892 0.656667 0.525748 0.643333 0.494611 0.650000 0.467665 0.696667 0.444311 0.700000 0.433533 0.695000 0.415569 0.675000 0.400599 0.641667 0.391018 0.596667 0.395210 0.552500 0.391617
1 0.360833 0.270659 0.242500 0.329940 0.226667 0.346707 0.234167 0.360479 0.258333 0.382635 0.305833 0.371257 0.323333 0.377844 0.454167 0.519162 0.536667 0.623952 0.763333 0.882036 0.800833 0.907784 0.822500 0.908982 0.850833 0.900000 0.880000 0.876048 0.865000 0.840120 0.805833 0.777246 0.801667 0.764072 0.766667 0.735928 0.588333 0.519162 0.423333 0.337126 0.420000 0.320359 0.443333 0.286826 0.435833 0.263473 0.424167 0.256886 0.401667 0.257485
3 0.366667 0.149102 0.333333 0.158084 0.303333 0.173653 0.295833 0.185629 0.295000 0.202395 0.301667 0.227545 0.355833 0.340120 0.404167 0.464671 0.408333 0.495210 0.395000 0.507784 0.369167 0.519760 0.375000 0.546707 0.386667 0.561677 0.415833 0.567066 0.470000 0.562275 0.544167 0.546707 0.609167 0.523353 0.630000 0.501796 0.605833 0.467066 0.567500 0.456287 0.550833 0.456886 0.542500 0.447305 0.510000 0.383234 0.510000 0.370060 0.499167 0.355090 0.498333 0.341317 0.486667 0.328144 0.463333 0.265868 0.406667 0.159281 0.395000 0.150898
4 0.283333 0.431737 0.264167 0.455689 0.216667 0.548503 0.207500 0.576048 0.204167 0.611377 0.210000 0.637725 0.221667 0.648503 0.289167 0.668862 0.305000 0.667066 0.347500 0.614371 0.358333 0.608383 0.375000 0.623952 0.400000 0.629341 0.427500 0.641317 0.481667 0.649701 0.622500 0.689222 0.651667 0.690419 0.666667 0.685030 0.671667 0.670659 0.694167 0.643114 0.709167 0.589820 0.700833 0.571856 0.681667 0.559281 0.639167 0.554491 0.570000 0.532335 0.531667 0.527545 0.429167 0.502994 0.412500 0.488623 0.414167 0.462874 0.405833 0.432934 0.350833 0.410180 0.320000 0.405389
1 0.670000 0.441317 0.612500 0.389820 0.600000 0.383832 0.583333 0.387425 0.566667 0.398802 0.578333 0.421557 0.572500 0.430539 0.385833 0.526347 0.354167 0.538323 0.136667 0.646108 0.114167 0.659880 0.100833 0.676048 0.110000 0.693413 0.129167 0.708383 0.140833 0.708982 0.166667 0.701796 0.558333 0.506587 0.615833 0.473653 0.626667 0.473653 0.659167 0.488623 0.672500 0.485629 0.685000 0.476647 0.686667 0.469461
2 0.341667 0.496407 0.304167 0.507784 0.283333 0.528742 0.265833 0.574850 0.244167 0.679641 0.227500 0.718563 0.170833 0.734132 0.150833 0.751497 0.136667 0.779641 0.136667 0.813174 0.153333 0.830539 0.155833 0.840120 0.190833 0.866467 0.252500 0.880838 0.302500 0.885629 0.424167 0.883234 0.455000 0.874251 0.470000 0.864671 0.485833 0.846707 0.499167 0.817964 0.500833 0.787425 0.488333 0.765269 0.441667 0.726347 0.465833 0.626347 0.479167 0.541317 0.468333 0.526946 0.436667 0.508982 0.402500 0.499401
3 0.550000 0.574251 0.540833 0.574850 0.521667 0.589820 0.443333 0.731138 0.406667 0.789820 0.397500 0.794611 0.385000 0.791617 0.355833 0.792216 0.339167 0.814371 0.338333 0.821557 0.342500 0.826946 0.365000 0.838922 0.445833 0.862874 0.476667 0.868862 0.510000 0.868862 0.526667 0.842515 0.522500 0.836527 0.492500 0.822755 0.489167 0.812575 0.520000 0.765868 0.605000 0.612575 0.605000 0.601198 0.599167 0.592216 0.580000 0.583234
0 0.521667 0.345509 0.503333 0.337725 0.483333 0.338922 0.461667 0.346108 0.451667 0.358683 0.437500 0.365269 0.426667 0.365269 0.401667 0.357485 0.377500 0.364072 0.369167 0.374850 0.367500 0.401198 0.363333 0.405389 0.321667 0.418563 0.281667 0.426946 0.256667 0.436527 0.239167 0.438922 0.230000 0.445509 0.214167 0.446707 0.186667 0.461078 0.194167 0.484431 0.206667 0.498802 0.225000 0.512575 0.240000 0.517365 0.302500 0.498802 0.340833 0.494012 0.356667 0.485629 0.378333 0.483234 0.399167 0.476048 0.415833 0.478443 0.430000 0.488024 0.440000 0.491018 0.470000 0.489820 0.491667 0.480838 0.506667 0.470659 0.555000 0.458084 0.568333 0.447305 0.566667 0.420359 0.547500 0.382635
0 0.626667 0.331737 0.622500 0.329341 0.620000 0.329341 0.611667 0.332335 0.609167 0.334132 0.610000 0.340719 0.608333 0.341916 0.598333 0.338323 0.596667 0.338922 0.590833 0.337126 0.587500 0.337725 0.585000 0.340719 0.585000 0.347305 0.582500 0.349701 0.578333 0.350898 0.577500 0.350299 0.565000 0.355689 0.560833 0.356287 0.549167 0.361078 0.548333 0.360479 0.530000 0.367066 0.526667 0.368862 0.527500 0.369461 0.525833 0.371257 0.532500 0.379641 0.531667 0.380240 0.535000 0.382635 0.540000 0.383234 0.545000 0.382036 0.547500 0.380240 0.548333 0.380838 0.554167 0.378443 0.555000 0.379042 0.559167 0.376647 0.560000 0.377246 0.564167 0.376048 0.566667 0.374251 0.570833 0.374251 0.577500 0.371257 0.578333 0.371856 0.582500 0.369461 0.583333 0.370060 0.589167 0.367665 0.590000 0.368263 0.591667 0.367066 0.593333 0.367665 0.595833 0.366467 0.600000 0.368263 0.604167 0.372455 0.606667 0.373653 0.613333 0.373054 0.615833 0.368862 0.623333 0.364671 0.624167 0.365269 0.626667 0.364072 0.630000 0.365868 0.640000 0.363473 0.644167 0.359281 0.638333 0.349102 0.635000 0.346707 0.635833 0.346108 0.627500 0.337126
3 0.288333 0.363473 0.293333 0.387425 0.316667 0.404790 0.355000 0.402994 0.379167 0.377844 0.396667 0.368862 0.522500 0.391617 0.589167 0.408383 0.654167 0.417365 0.785833 0.446707 0.815833 0.445509 0.827500 0.439521 0.851667 0.393413 0.850833 0.383832 0.834167 0.371856 0.778333 0.355689 0.693333 0.346707 0.590000 0.322156 0.520000 0.313174 0.508333 0.306587 0.456667 0.295210 0.432500 0.283234 0.428333 0.274850 0.430000 0.245509 0.408333 0.230539 0.374167 0.235329 0.343333 0.256886 0.311667 0.301796
0 0.771667 0.250898 0.767500 0.239521 0.759167 0.232934 0.740000 0.230539 0.696667 0.236527 0.685833 0.231737 0.670000 0.231138 0.646667 0.211976 0.628333 0.215569 0.611667 0.237725 0.600833 0.244311 0.566667 0.240120 0.522500 0.239521 0.479167 0.233533 0.447500 0.234731 0.425000 0.227545 0.385000 0.226946 0.370833 0.231138 0.364167 0.240120 0.356667 0.280240 0.401667 0.302395 0.435000 0.306587 0.463333 0.305988 0.473333 0.308982 0.478333 0.314371 0.494167 0.308982 0.527500 0.324551 0.585000 0.315569 0.594167 0.320359 0.600000 0.347904 0.618333 0.355090 0.634167 0.350898 0.642500 0.344311 0.655833 0.344910 0.674167 0.338922 0.696667 0.352096 0.735833 0.356886 0.750833 0.352695 0.755833 0.340120 0.755833 0.317365 0.765000 0.291018 0.760833 0.272455
2 0.718333 0.356287 0.707500 0.346108 0.694167 0.341317 0.652500 0.341317 0.636667 0.349102 0.626667 0.374251 0.615000 0.380240 0.575000 0.374251 0.496667 0.371856 0.478333 0.368862 0.405833 0.368862 0.390833 0.376647 0.382500 0.400000 0.382500 0.436527 0.386667 0.453892 0.395833 0.459880 0.419167 0.464671 0.450000 0.464671 0.546667 0.471856 0.611667 0.471257 0.620833 0.479042 0.622500 0.499401 0.629167 0.509581 0.650000 0.517365 0.680833 0.518563 0.700000 0.516168 0.706667 0.508982 0.708333 0.468263 0.720000 0.401796 0.721667 0.364072
3 0.385833 0.323952 0.356667 0.337126 0.347500 0.338323 0.328333 0.354491 0.304167 0.366467 0.293333 0.379042 0.290833 0.393413 0.300000 0.404192 0.314167 0.411976 0.335833 0.408982 0.350000 0.413772 0.365000 0.431138 0.387500 0.443114 0.434167 0.504790 0.454167 0.525150 0.463333 0.541916 0.475833 0.550898 0.513333 0.598802 0.530833 0.610778 0.545000 0.613174 0.557500 0.611377 0.587500 0.589820 0.587500 0.577844 0.557500 0.535928 0.542500 0.522754 0.536667 0.508982 0.520833 0.490419 0.521667 0.483832 0.511667 0.481437 0.491667 0.449102 0.471667 0.431737 0.465833 0.402395 0.452500 0.399401 0.444167 0.394012 0.434167 0.379042 0.434167 0.367665 0.459167 0.352695 0.462500 0.341916 0.440000 0.317964 0.420000 0.315569
1 0.395833 0.086228 0.343333 0.082635 0.324167 0.086826 0.310833 0.103593 0.310833 0.125749 0.339167 0.137126 0.349167 0.146707 0.166667 0.526946 0.127500 0.622755 0.132500 0.649102 0.162500 0.664072 0.195833 0.664671 0.212500 0.655689 0.224167 0.641317 0.244167 0.583234 0.438333 0.170060 0.490833 0.167066 0.506667 0.144910 0.504167 0.131138 0.487500 0.118563
3 0.590000 0.361677 0.575833 0.356287 0.525000 0.356886 0.481667 0.367066 0.435833 0.373054 0.405000 0.374251 0.348333 0.384431 0.302500 0.386826 0.283333 0.382635 0.270833 0.365868 0.260000 0.358683 0.237500 0.359281 0.225833 0.367066 0.215000 0.381437 0.217500 0.404192 0.213333 0.423353 0.221667 0.462874 0.227500 0.471856 0.239167 0.479641 0.261667 0.481437 0.282500 0.470659 0.286667 0.461677 0.285833 0.452695 0.295000 0.443713 0.384167 0.432335 0.400000 0.433533 0.411667 0.429940 0.460000 0.425748 0.485000 0.420958 0.557500 0.415569 0.584167 0.408982 0.595000 0.400599 0.595833 0.380240
0 0.586667 0.516766 0.565833 0.520359 0.554167 0.531138 0.505000 0.650299 0.496667 0.662874 0.487500 0.668862 0.448333 0.678443 0.434167 0.689820 0.427500 0.704790 0.435833 0.736527 0.424167 0.754491 0.415000 0.779641 0.422500 0.794611 0.458333 0.810180 0.530833 0.826347 0.557500 0.825150 0.572500 0.817964 0.588333 0.796407 0.600000 0.760479 0.605833 0.753293 0.622500 0.744311 0.632500 0.727545 0.630833 0.716766 0.621667 0.700599 0.604167 0.691018 0.598333 0.676647 0.630833 0.602994 0.646667 0.559880 0.648333 0.546108 0.645000 0.538323 0.635833 0.531737 0.605833 0.519760
