3 0.567500 0.077844 0.514167 0.083234 0.491667 0.099401 0.476667 0.140719 0.467500 0.187425 0.459167 0.196407 0.455000 0.251497 0.439167 0.289820 0.440833 0.310778 0.429167 0.331737 0.427500 0.346707 0.417500 0.353892 0.426667 0.366467 0.425000 0.384431 0.408333 0.408383 0.367500 0.412575 0.348333 0.422754 0.339167 0.450299 0.343333 0.461078 0.365000 0.479641 0.400000 0.491617 0.454167 0.498204 0.480833 0.494012 0.527500 0.496407 0.565000 0.488024 0.581667 0.478443 0.589167 0.466467 0.586667 0.440120 0.552500 0.421557 0.536667 0.407186 0.556667 0.352096 0.566667 0.258084 0.575000 0.226946 0.587500 0.207784 0.588333 0.180240 0.600000 0.151497 0.607500 0.104192 0.595000 0.085030
3 0.758333 0.425150 0.730833 0.400599 0.713333 0.395808 0.692500 0.395808 0.657500 0.404790 0.549167 0.447305 0.428333 0.486228 0.352500 0.517964 0.303333 0.491617 0.282500 0.492814 0.265000 0.497605 0.252500 0.505988 0.241667 0.540120 0.247500 0.556886 0.281667 0.602994 0.314167 0.631737 0.345833 0.649701 0.369167 0.650299 0.400833 0.634731 0.411667 0.609581 0.408333 0.591018 0.418333 0.583234 0.595000 0.522754 0.738333 0.468263 0.762500 0.449701
3 0.475000 0.484431 0.465833 0.495808 0.468333 0.512575 0.483333 0.519760 0.520000 0.547904 0.582500 0.571257 0.640000 0.604192 0.650833 0.614371 0.688333 0.628144 0.722500 0.652695 0.752500 0.667665 0.770000 0.690419 0.760833 0.731138 0.775833 0.742515 0.806667 0.745509 0.835000 0.740719 0.870000 0.716168 0.896667 0.702395 0.940000 0.660479 0.948333 0.637725 0.947500 0.629940 0.935833 0.618563 0.903333 0.606587 0.890833 0.607784 0.860000 0.623952 0.844167 0.623952 0.812500 0.602994 0.772500 0.586228 0.743333 0.569461 0.738333 0.561677 0.723333 0.556886 0.639167 0.511976 0.598333 0.484431 0.550000 0.459880 0.533333 0.454491 0.515833 0.455090
2 0.701667 0.257485 0.694167 0.252695 0.666667 0.250299 0.649167 0.252695 0.630833 0.259880 0.627500 0.266467 0.631667 0.282036 0.630000 0.288623 0.623333 0.294611 0.612500 0.297605 0.581667 0.298204 0.532500 0.305389 0.510833 0.305988 0.454167 0.314371 0.426667 0.315569 0.412500 0.319760 0.406667 0.326347 0.406667 0.335928 0.422500 0.395808 0.430000 0.399401 0.455833 0.400000 0.535833 0.388623 0.635000 0.380838 0.649167 0.387425 0.655833 0.404790 0.664167 0.413772 0.699167 0.414970 0.722500 0.407186 0.732500 0.396407 0.726667 0.377246 0.730833 0.371257 0.730833 0.350299 0.715833 0.282635
3 0.500000 0.393413 0.486667 0.383832 0.475833 0.380240 0.450833 0.387425 0.441667 0.394012 0.450000 0.414970 0.441667 0.426347 0.300833 0.485030 0.217500 0.512575 0.151667 0.540120 0.144167 0.551497 0.154167 0.571856 0.170000 0.589820 0.183333 0.591617 0.211667 0.585629 0.490833 0.485629 0.503333 0.489820 0.520000 0.510778 0.534167 0.509581 0.560833 0.499401 0.561667 0.484431 0.550833 0.459880
0 0.450000 0.492216 0.440833 0.505389 0.418333 0.570659 0.420833 0.585030 0.434167 0.592814 0.439167 0.602395 0.447500 0.608982 0.467500 0.611976 0.478333 0.609581 0.494167 0.610180 0.516667 0.606587 0.530000 0.600000 0.537500 0.598802 0.551667 0.604790 0.568333 0.607186 0.643333 0.629940 0.670833 0.635928 0.695000 0.637126 0.711667 0.632335 0.720000 0.619162 0.729167 0.595210 0.727500 0.588024 0.716667 0.576647 0.695833 0.572455 0.675833 0.565269 0.560000 0.540120 0.553333 0.534731 0.555000 0.517365 0.550000 0.508982 0.530833 0.505389 0.507500 0.510180 0.500000 0.505988 0.495000 0.497006 0.481667 0.490419 0.460833 0.488024
4 0.671667 0.446108 0.665000 0.450299 0.660000 0.455090 0.658333 0.463473 0.659167 0.469461 0.661667 0.471257 0.669167 0.473054 0.678333 0.477246 0.677500 0.488623 0.679167 0.490419 0.678333 0.494611 0.680000 0.504790 0.679167 0.506587 0.680833 0.510778 0.680000 0.515569 0.681667 0.516766 0.680833 0.517964 0.684167 0.521557 0.691667 0.525150 0.710833 0.525748 0.717500 0.522754 0.719167 0.518563 0.719167 0.499401 0.717500 0.492216 0.718333 0.486826 0.716667 0.476647 0.718333 0.475449 0.724167 0.474850 0.726667 0.473653 0.730833 0.469461 0.733333 0.464072 0.733333 0.455090 0.731667 0.451497 0.725000 0.448503 0.721667 0.448503 0.718333 0.446707 0.705833 0.444311 0.685833 0.444311
3 0.320833 0.292216 0.245000 0.305988 0.235833 0.325150 0.241667 0.351497 0.265000 0.399401 0.323333 0.553293 0.348333 0.603593 0.350833 0.623952 0.334167 0.634731 0.305833 0.643114 0.297500 0.653293 0.309167 0.682036 0.320000 0.688623 0.334167 0.690419 0.374167 0.686228 0.485833 0.660479 0.533333 0.642515 0.546667 0.626946 0.528333 0.596407 0.496667 0.592814 0.469167 0.573653 0.470000 0.562874 0.455000 0.524551 0.445000 0.516766 0.446667 0.504790 0.414167 0.435928 0.378333 0.344311 0.350833 0.311976
2 0.671667 0.463473 0.662500 0.462874 0.657500 0.464671 0.643333 0.474252 0.623333 0.485629 0.610833 0.482635 0.605833 0.483832 0.605000 0.483234 0.600000 0.485629 0.599167 0.485030 0.595000 0.488024 0.594167 0.487425 0.588333 0.491617 0.584167 0.500000 0.584167 0.504192 0.585833 0.507186 0.585000 0.507784 0.588333 0.511377 0.587500 0.512575 0.600000 0.526946 0.612500 0.534731 0.620000 0.536527 0.625833 0.536527 0.642500 0.530539 0.648333 0.525150 0.650833 0.517964 0.649167 0.514970 0.650833 0.510180 0.660000 0.504790 0.670000 0.497006 0.680833 0.491018 0.685833 0.486826 0.688333 0.478443 0.687500 0.476048 0.682500 0.470659
3 0.693333 0.570060 0.667500 0.558683 0.647500 0.556886 0.600000 0.570659 0.517500 0.619760 0.490833 0.640719 0.470000 0.647305 0.441667 0.665269 0.403333 0.683234 0.356667 0.713174 0.337500 0.707186 0.322500 0.707186 0.301667 0.716766 0.291667 0.728743 0.299167 0.750299 0.335000 0.785030 0.385833 0.822156 0.410833 0.835928 0.423333 0.838323 0.435000 0.836527 0.452500 0.824551 0.457500 0.814371 0.440000 0.784431 0.443333 0.780240 0.700833 0.611377 0.710000 0.593413
3 0.480833 0.393413 0.459167 0.392216 0.439167 0.394611 0.424167 0.402395 0.414167 0.414371 0.407500 0.441916 0.386667 0.630539 0.377500 0.637126 0.339167 0.646707 0.330833 0.661078 0.331667 0.675449 0.346667 0.691617 0.371667 0.703593 0.409167 0.707186 0.465000 0.704790 0.504167 0.695808 0.521667 0.685030 0.524167 0.664671 0.519167 0.655090 0.501667 0.640120 0.485000 0.635329 0.478333 0.627545 0.483333 0.614371 0.498333 0.508383 0.496667 0.495210 0.504167 0.438922 0.504167 0.419162 0.499167 0.402395
0 0.355833 0.422156 0.353333 0.424551 0.354167 0.427545 0.356667 0.423952
