0 0.480000 0.360479 0.470000 0.366467 0.462500 0.384431 0.468333 0.404192 0.488333 0.441317 0.515000 0.503593 0.508333 0.512575 0.498333 0.517365 0.485000 0.535928 0.488333 0.550299 0.514167 0.568862 0.519167 0.585030 0.531667 0.600599 0.544167 0.608982 0.560000 0.614970 0.586667 0.614970 0.645833 0.603593 0.667500 0.592216 0.677500 0.575449 0.668333 0.550299 0.657500 0.540120 0.667500 0.522156 0.663333 0.508982 0.659167 0.504192 0.644167 0.497006 0.609167 0.492216 0.600833 0.485030 0.554167 0.380838 0.540833 0.361078 0.525000 0.353892 0.500000 0.355689
3 0.629167 0.504192 0.592500 0.481437 0.548333 0.494611 0.536667 0.501198 0.535000 0.509581 0.550833 0.545509 0.540000 0.558683 0.435833 0.592814 0.145000 0.702395 0.131667 0.713174 0.125000 0.727545 0.136667 0.756287 0.155000 0.782036 0.166667 0.788024 0.206667 0.785629 0.509167 0.671856 0.604167 0.640120 0.620000 0.641916 0.628333 0.653293 0.660833 0.672455 0.675000 0.671856 0.710833 0.659281 0.723333 0.644910 0.715000 0.615569 0.660000 0.537725
3 0.435833 0.184431 0.399167 0.156886 0.377500 0.146108 0.366667 0.144311 0.352500 0.147904 0.335000 0.160479 0.323333 0.179042 0.295833 0.197605 0.248333 0.221557 0.234167 0.231737 0.224167 0.234132 0.212500 0.244311 0.187500 0.253293 0.145000 0.277246 0.097500 0.297006 0.068333 0.321557 0.064167 0.329341 0.065833 0.336527 0.097500 0.364671 0.117500 0.367066 0.138333 0.361078 0.164167 0.347305 0.207500 0.330539 0.385833 0.247305 0.399167 0.246108 0.430833 0.265868 0.453333 0.260479 0.467500 0.251497 0.474167 0.238922 0.451667 0.201198
3 0.781667 0.101198 0.744167 0.094012 0.709167 0.107784 0.635000 0.159880 0.496667 0.278443 0.453333 0.310180 0.430000 0.320359 0.410833 0.338323 0.391667 0.341916 0.355833 0.331138 0.329167 0.341317 0.312500 0.354491 0.307500 0.370659 0.329167 0.404790 0.361667 0.432934 0.423333 0.472455 0.465833 0.489820 0.492500 0.494611 0.518333 0.491617 0.547500 0.472455 0.550000 0.454491 0.517500 0.417964 0.517500 0.408383 0.540000 0.396407 0.587500 0.352695 0.798333 0.182036 0.812500 0.157485 0.813333 0.134132
2 0.687500 0.043114 0.631667 0.044311 0.585833 0.052695 0.544167 0.053892 0.492500 0.064671 0.440000 0.070659 0.425000 0.082036 0.424167 0.116168 0.428333 0.129940 0.440833 0.148503 0.450833 0.156886 0.462500 0.152695 0.475833 0.155090 0.495833 0.152695 0.504167 0.165269 0.498333 0.177844 0.499167 0.187425 0.506667 0.193413 0.514167 0.244910 0.523333 0.269461 0.521667 0.292814 0.535833 0.320958 0.548333 0.335329 0.600000 0.336527 0.662500 0.324551 0.686667 0.313772 0.690000 0.295808 0.685833 0.257485 0.656667 0.144910 0.657500 0.127545 0.689167 0.113772 0.713333 0.095210 0.710000 0.060479
1 0.950833 0.538323 0.937500 0.504192 0.924167 0.495808 0.897500 0.491018 0.178333 0.561677 0.160000 0.531138 0.140000 0.528144 0.107500 0.533533 0.099167 0.547904 0.100833 0.604192 0.119167 0.660479 0.138333 0.678443 0.160833 0.679042 0.183333 0.674251 0.192500 0.634731 0.921667 0.561677 0.944167 0.552695
4 0.843333 0.921557 0.841667 0.920359 0.841667 0.918563 0.837500 0.916766 0.825833 0.916168 0.822500 0.917365 0.819167 0.925150 0.815833 0.928144 0.810000 0.928144 0.805833 0.926946 0.802500 0.927545 0.800833 0.926347 0.797500 0.926946 0.793333 0.925749 0.792500 0.926347 0.790833 0.925150 0.787500 0.925749 0.780833 0.923952 0.777500 0.924551 0.764167 0.922156 0.752500 0.922156 0.745833 0.923353 0.743333 0.926347 0.744167 0.926946 0.741667 0.932934 0.741667 0.943114 0.744167 0.946707 0.748333 0.946707 0.750833 0.947904 0.752500 0.947305 0.754167 0.948503 0.771667 0.950299 0.775833 0.949701 0.810000 0.953892 0.813333 0.958683 0.813333 0.964671 0.816667 0.968263 0.825000 0.968263 0.829167 0.969461 0.832500 0.968862 0.839167 0.961677 0.838333 0.961078 0.841667 0.955090 0.840833 0.953892 0.844167 0.944910 0.843333 0.943713 0.845000 0.936527 0.845000 0.928743
0 0.480833 0.750299 0.439167 0.751497 0.438333 0.752695 0.429167 0.753293 0.425833 0.756886 0.425000 0.768862 0.425833 0.772455 0.427500 0.773054 0.429167 0.777246 0.427500 0.779042 0.424167 0.779641 0.422500 0.782635 0.423333 0.786228 0.434167 0.789222 0.435833 0.791018 0.435833 0.795210 0.437500 0.796407 0.437500 0.820958 0.439167 0.821557 0.440833 0.838323 0.442500 0.838922 0.442500 0.843114 0.445833 0.845509 0.464167 0.844910 0.465000 0.843713 0.470000 0.843713 0.472500 0.841317 0.473333 0.789222 0.476667 0.787425 0.480833 0.787425 0.484167 0.785629 0.488333 0.785030 0.490000 0.782635 0.490000 0.780240 0.484167 0.777844 0.480833 0.773054 0.475000 0.769461 0.475833 0.768263 0.482500 0.766467 0.485833 0.762874 0.485833 0.755689 0.484167 0.752695
0 0.122500 0.122754 0.119167 0.143713 0.120000 0.164072 0.125000 0.180838 0.129167 0.185629 0.137500 0.189222 0.158333 0.188024 0.175000 0.180240 0.187500 0.184431 0.197500 0.193413 0.212500 0.192814 0.215833 0.189820 0.218333 0.182036 0.225833 0.172455 0.247500 0.171257 0.358333 0.172455 0.365833 0.168263 0.371667 0.156886 0.371667 0.147904 0.368333 0.137725 0.356667 0.131737 0.261667 0.130539 0.230000 0.128743 0.223333 0.125749 0.215833 0.109581 0.210000 0.106587 0.196667 0.107784 0.185000 0.117964 0.169167 0.113174 0.163333 0.109581 0.153333 0.107784 0.135000 0.108982 0.129167 0.111976
2 0.173333 0.120359 0.142500 0.149102 0.106667 0.175449 0.061667 0.215569 0.054167 0.228743 0.055833 0.238323 0.069167 0.250898 0.090833 0.261078 0.101667 0.262275 0.110000 0.260479 0.134167 0.246707 0.146667 0.247305 0.171667 0.266467 0.238333 0.306587 0.286667 0.331737 0.303333 0.332335 0.327500 0.317365 0.343333 0.302994 0.360833 0.280240 0.361667 0.273054 0.344167 0.256886 0.326667 0.248503 0.259167 0.205988 0.220833 0.188024 0.211667 0.181437 0.211667 0.174850 0.227500 0.155090 0.225000 0.144311 0.218333 0.135928 0.199167 0.124551 0.182500 0.118563
0 0.481667 0.666467 0.446667 0.667665 0.433333 0.671856 0.422500 0.682635 0.421667 0.692814 0.425833 0.709581 0.419167 0.713772 0.413333 0.722754 0.413333 0.729940 0.418333 0.738922 0.443333 0.755689 0.444167 0.788623 0.441667 0.801198 0.440833 0.835329 0.445000 0.847305 0.456667 0.853892 0.472500 0.854491 0.489167 0.852096 0.500000 0.844910 0.502500 0.837126 0.500833 0.825749 0.504167 0.815569 0.503333 0.804192 0.505833 0.794012 0.504167 0.774252 0.507500 0.756287 0.512500 0.752096 0.526667 0.747305 0.535833 0.740120 0.539167 0.734731 0.537500 0.723353 0.525000 0.709581 0.525833 0.703593 0.531667 0.697006 0.532500 0.686826 0.530000 0.678443 0.514167 0.671856
0 0.349167 0.326946 0.345000 0.321557 0.336667 0.318563 0.321667 0.319162 0.309167 0.322156 0.300000 0.326946 0.278333 0.326347 0.265000 0.318563 0.255833 0.317365 0.247500 0.320359 0.235833 0.340719 0.227500 0.344311 0.211667 0.343713 0.181667 0.348503 0.150000 0.349701 0.135833 0.353293 0.113333 0.351497 0.090000 0.355090 0.080000 0.359281 0.075000 0.369461 0.080000 0.394012 0.117500 0.403593 0.160833 0.399401 0.169167 0.402994 0.173333 0.398204 0.180833 0.397605 0.195000 0.400599 0.204167 0.405389 0.211667 0.400599 0.240000 0.392814 0.246667 0.396407 0.248333 0.404192 0.255000 0.411976 0.265833 0.414371 0.270833 0.413772 0.285833 0.404790 0.291667 0.404192 0.303333 0.398802 0.323333 0.402994 0.348333 0.402395 0.356667 0.398204 0.357500 0.391617 0.354167 0.377844 0.355000 0.356287 0.348333 0.344311
2 0.462500 0.245509 0.441667 0.246707 0.420000 0.255090 0.400833 0.276647 0.397500 0.298204 0.401667 0.308383 0.421667 0.319162 0.424167 0.325150 0.411667 0.348503 0.410833 0.370060 0.395000 0.395808 0.392500 0.406587 0.384167 0.416168 0.380000 0.431138 0.351667 0.473653 0.349167 0.489222 0.354167 0.497006 0.445833 0.520359 0.470833 0.513174 0.494167 0.486826 0.507500 0.459880 0.518333 0.447904 0.547500 0.395210 0.570833 0.362275 0.586667 0.353293 0.598333 0.354491 0.609167 0.360479 0.638333 0.359281 0.649167 0.351497 0.666667 0.323952 0.663333 0.301198 0.645833 0.289222 0.585833 0.268862
0 0.447500 0.473054 0.427500 0.483832 0.415000 0.497605 0.416667 0.510180 0.420000 0.516168 0.439167 0.536527 0.435833 0.553293 0.441667 0.564671 0.454167 0.574251 0.461667 0.577246 0.481667 0.579042 0.494167 0.582635 0.535000 0.640719 0.549167 0.653892 0.564167 0.658683 0.585833 0.653892 0.599167 0.643713 0.601667 0.635329 0.595833 0.618563 0.578333 0.597006 0.565000 0.574251 0.553333 0.561078 0.555000 0.553892 0.567500 0.539521 0.568333 0.528144 0.564167 0.520958 0.536667 0.502395 0.525833 0.480838 0.508333 0.467665 0.496667 0.464671 0.468333 0.467066
