2 0.562500 0.260479 0.557500 0.282036 0.556667 0.313174 0.563333 0.332335 0.565833 0.364072 0.583333 0.396407 0.592500 0.405988 0.614167 0.416766 0.648333 0.419760 0.680000 0.413772 0.694167 0.404192 0.709167 0.380240 0.717500 0.373653 0.756667 0.367665 0.830000 0.370659 0.863333 0.368263 0.895833 0.361078 0.913333 0.349701 0.920833 0.331737 0.920000 0.308383 0.906667 0.279042 0.890833 0.264671 0.852500 0.261078 0.798333 0.265868 0.761667 0.265269 0.695000 0.271856 0.665833 0.243114 0.655833 0.238922 0.637500 0.236527 0.600000 0.238323 0.587500 0.241317 0.568333 0.251497
2 0.540000 0.133533 0.531667 0.131138 0.510833 0.133533 0.484167 0.147904 0.477500 0.155090 0.475833 0.165868 0.489167 0.188024 0.489167 0.193413 0.460000 0.207784 0.453333 0.214371 0.446667 0.214970 0.425000 0.229341 0.401667 0.238922 0.395000 0.245509 0.383333 0.249701 0.345000 0.272455 0.332500 0.283832 0.335000 0.294611 0.340833 0.300000 0.352500 0.303593 0.360833 0.317964 0.371667 0.329341 0.390833 0.341317 0.400000 0.342515 0.420000 0.337725 0.447500 0.321557 0.468333 0.313772 0.488333 0.301796 0.526667 0.285030 0.559167 0.262275 0.567500 0.262874 0.583333 0.274251 0.600833 0.277844 0.635833 0.264072 0.642500 0.256886 0.645833 0.243713 0.615833 0.202395
1 0.265833 0.498204 0.250000 0.573653 0.254167 0.585030 0.269167 0.589820 0.295833 0.590419 0.309167 0.567066 0.321667 0.564072 0.910833 0.647305 0.942500 0.643713 0.954167 0.626946 0.952500 0.601198 0.915000 0.586826 0.788333 0.573054 0.691667 0.555090 0.338333 0.509581 0.328333 0.501796 0.320000 0.474850 0.296667 0.466467 0.286667 0.467066 0.279167 0.473653
2 0.520000 0.660479 0.513333 0.663473 0.510000 0.667665 0.505833 0.695808 0.502500 0.699401 0.495833 0.701796 0.495000 0.701198 0.490833 0.703593 0.486667 0.709581 0.485000 0.719162 0.489167 0.725748 0.496667 0.731138 0.510000 0.735928 0.515000 0.735928 0.525000 0.738323 0.538333 0.738323 0.545833 0.736527 0.550833 0.733533 0.557500 0.723353 0.557500 0.716168 0.555833 0.712575 0.552500 0.708982 0.546667 0.705389 0.545833 0.703593 0.548333 0.686826 0.547500 0.684431 0.550000 0.671856 0.549167 0.668862 0.541667 0.662275 0.538333 0.662275 0.535833 0.661078
3 0.611667 0.592814 0.589167 0.589222 0.576667 0.592216 0.565000 0.600599 0.555000 0.616766 0.558333 0.632335 0.580833 0.650299 0.580000 0.662874 0.556667 0.683234 0.540833 0.710180 0.478333 0.777844 0.460833 0.804790 0.427500 0.836527 0.394167 0.883234 0.398333 0.896407 0.426667 0.914371 0.445833 0.922156 0.460000 0.923353 0.476667 0.918563 0.512500 0.884431 0.525000 0.855689 0.559167 0.819162 0.565833 0.807186 0.588333 0.789820 0.603333 0.764072 0.633333 0.734731 0.645000 0.716766 0.675000 0.700599 0.697500 0.705988 0.719167 0.707186 0.740833 0.690419 0.741667 0.675449 0.730833 0.658683 0.663333 0.614371 0.633333 0.599401
3 0.345000 0.629940 0.314167 0.649701 0.305000 0.662275 0.255000 0.707784 0.237500 0.737126 0.240833 0.744910 0.263333 0.758683 0.276667 0.760479 0.306667 0.747904 0.320833 0.746108 0.335000 0.758084 0.349167 0.763473 0.361667 0.776048 0.381667 0.785629 0.386667 0.795210 0.397500 0.797006 0.414167 0.811377 0.440000 0.826347 0.469167 0.837725 0.532500 0.881437 0.570000 0.897605 0.619167 0.903593 0.640000 0.888024 0.647500 0.886228 0.660000 0.873653 0.660000 0.858683 0.630833 0.834731 0.384167 0.687425 0.379167 0.676048 0.394167 0.659281 0.400000 0.644311 0.375000 0.627545 0.360833 0.625150
3 0.524167 0.653293 0.522500 0.654491 0.518333 0.653892 0.509167 0.658683 0.505000 0.665868 0.500000 0.691617 0.500833 0.697605 0.497500 0.705988 0.498333 0.718563 0.495833 0.722754 0.496667 0.733533 0.495000 0.734731 0.496667 0.739521 0.494167 0.743713 0.494167 0.756886 0.490833 0.765269 0.491667 0.775449 0.486667 0.779042 0.474167 0.779042 0.465833 0.782635 0.464167 0.794611 0.468333 0.798802 0.477500 0.801198 0.491667 0.802395 0.499167 0.805389 0.509167 0.804790 0.525000 0.806587 0.530833 0.805389 0.535833 0.806587 0.556667 0.802395 0.560000 0.795210 0.558333 0.794012 0.558333 0.788623 0.553333 0.785030 0.541667 0.783234 0.536667 0.779641 0.539167 0.770659 0.537500 0.762874 0.539167 0.749701 0.537500 0.746707 0.542500 0.705389 0.541667 0.696407 0.547500 0.667665 0.539167 0.655090
3 0.790833 0.273054 0.784167 0.256287 0.767500 0.240120 0.730833 0.232934 0.689167 0.243114 0.668333 0.276048 0.651667 0.283832 0.595000 0.274850 0.492500 0.268862 0.470833 0.261677 0.449167 0.263473 0.170000 0.234731 0.130000 0.240719 0.119167 0.250299 0.102500 0.313772 0.122500 0.332335 0.207500 0.343713 0.263333 0.339521 0.342500 0.350299 0.370000 0.349701 0.421667 0.359880 0.510000 0.362275 0.585833 0.370659 0.622500 0.389222 0.643333 0.431737 0.683333 0.444311 0.717500 0.434731 0.747500 0.413174 0.791667 0.307784
2 0.282500 0.300599 0.250000 0.316168 0.235833 0.346707 0.238333 0.373653 0.246667 0.382635 0.275833 0.391018 0.280833 0.398802 0.275000 0.435928 0.280000 0.456886 0.270000 0.486826 0.263333 0.535329 0.243333 0.588623 0.243333 0.606587 0.255000 0.616766 0.370833 0.629940 0.398333 0.616766 0.409167 0.601198 0.421667 0.549102 0.435000 0.523952 0.445833 0.465269 0.457500 0.449701 0.469167 0.416168 0.485833 0.404790 0.515000 0.409581 0.546667 0.404790 0.556667 0.392216 0.567500 0.354491 0.559167 0.334731 0.545833 0.325150 0.500000 0.313772 0.390833 0.302395
0 0.960833 0.576647 0.958333 0.573653 0.955000 0.572455 0.948333 0.573054 0.945000 0.575449 0.945000 0.578443 0.941667 0.579641 0.937500 0.577246 0.929167 0.575449 0.925833 0.577844 0.925833 0.583234 0.921667 0.585629 0.901667 0.590419 0.900000 0.589820 0.892500 0.592216 0.880833 0.594012 0.879167 0.599401 0.881667 0.606587 0.887500 0.607784 0.920000 0.601198 0.920833 0.601796 0.930000 0.600000 0.933333 0.602395 0.935000 0.605988 0.939167 0.606587 0.942500 0.604192 0.943333 0.601796 0.945833 0.600599 0.946667 0.601198 0.951667 0.598204 0.955000 0.600599 0.958333 0.601198 0.965833 0.599401 0.967500 0.597605 0.967500 0.595210 0.960000 0.577246
2 0.592500 0.177844 0.541667 0.180838 0.505000 0.188623 0.485000 0.198802 0.475833 0.215569 0.479167 0.255689 0.486667 0.290419 0.495833 0.305389 0.497500 0.324551 0.503333 0.332335 0.502500 0.355689 0.507500 0.362874 0.504167 0.371257 0.508333 0.379641 0.498333 0.389820 0.458333 0.399401 0.445000 0.409581 0.442500 0.417964 0.447500 0.455689 0.456667 0.467066 0.475833 0.476048 0.495000 0.477246 0.608333 0.466467 0.724167 0.447904 0.737500 0.437126 0.738333 0.403593 0.723333 0.374850 0.705833 0.369461 0.681667 0.368862 0.668333 0.361677 0.667500 0.352695 0.659167 0.344910 0.650000 0.295210 0.637500 0.275449 0.620833 0.200000 0.612500 0.185030
0 0.512500 0.468862 0.495000 0.460479 0.488333 0.459281 0.478333 0.460479 0.354167 0.512575 0.348333 0.511976 0.330000 0.500000 0.318333 0.499401 0.312500 0.502395 0.308333 0.511976 0.294167 0.522754 0.276667 0.523353 0.260000 0.529940 0.252500 0.537725 0.254167 0.544910 0.265000 0.555689 0.282500 0.582036 0.302500 0.604790 0.314167 0.607186 0.322500 0.605988 0.334167 0.600599 0.340833 0.593413 0.355000 0.585030 0.361667 0.583832 0.375833 0.585030 0.385000 0.582036 0.388333 0.577246 0.385000 0.555090 0.400000 0.544910 0.455000 0.522754 0.507500 0.497605 0.513333 0.491018 0.511667 0.484431 0.515833 0.473653
1 0.552500 0.486228 0.497500 0.524551 0.485833 0.542515 0.492500 0.554491 0.510833 0.567066 0.540833 0.559880 0.553333 0.563473 0.885833 0.859880 0.916667 0.876647 0.939167 0.871257 0.959167 0.855090 0.953333 0.834132 0.860000 0.746707 0.608333 0.525150 0.607500 0.517365 0.624167 0.498204 0.611667 0.482036 0.600833 0.476647
3 0.859167 0.516168 0.835833 0.483832 0.793333 0.474850 0.754167 0.480240 0.737500 0.519760 0.722500 0.529940 0.655000 0.529341 0.643333 0.525150 0.447500 0.528742 0.328333 0.524551 0.256667 0.514970 0.240833 0.521557 0.225000 0.520359 0.209167 0.529940 0.190833 0.532934 0.195000 0.547305 0.190000 0.582635 0.196667 0.607186 0.244167 0.625150 0.295833 0.631737 0.394167 0.634731 0.439167 0.631737 0.558333 0.633533 0.635000 0.639521 0.707500 0.638323 0.724167 0.642515 0.739167 0.668263 0.755000 0.679042 0.801667 0.680838 0.821667 0.673054 0.843333 0.641916 0.860833 0.574251
4 0.543333 0.695210 0.506667 0.713174 0.448333 0.761677 0.430833 0.785030 0.430000 0.791617 0.434167 0.803593 0.466667 0.824551 0.478333 0.823353 0.484167 0.819761 0.495833 0.819162 0.510000 0.814371 0.528333 0.816766 0.602500 0.860479 0.614167 0.871856 0.631667 0.880838 0.646667 0.892814 0.667500 0.902395 0.681667 0.900599 0.715833 0.881437 0.730000 0.868263 0.735000 0.856886 0.729167 0.844311 0.686667 0.813772 0.595833 0.755689 0.594167 0.747305 0.610833 0.717964 0.602500 0.707186 0.576667 0.691617
