3 0.288333 0.447904 0.249167 0.441916 0.215833 0.440120 0.187500 0.443114 0.174167 0.451497 0.169167 0.471856 0.180000 0.485030 0.197500 0.495808 0.200000 0.502994 0.157500 0.599401 0.126667 0.685629 0.127500 0.705988 0.134167 0.711976 0.147500 0.717365 0.179167 0.719162 0.201667 0.708982 0.221667 0.670659 0.236667 0.625749 0.275833 0.537126 0.280000 0.513174 0.308333 0.507784 0.327500 0.507784 0.340000 0.495210 0.340833 0.479641 0.327500 0.471257 0.321667 0.461078 0.313333 0.455090
0 0.878333 0.832934 0.870000 0.830539 0.855000 0.830539 0.809167 0.857485 0.800000 0.865868 0.785000 0.873054 0.777500 0.873653 0.753333 0.881437 0.744167 0.879042 0.725833 0.880838 0.720000 0.888024 0.714167 0.908383 0.695833 0.908383 0.679167 0.915569 0.673333 0.924551 0.677500 0.937725 0.685000 0.946707 0.712500 0.967665 0.735000 0.978443 0.748333 0.979042 0.764167 0.970659 0.769167 0.965269 0.771667 0.957485 0.779167 0.952695 0.797500 0.953293 0.803333 0.950898 0.809167 0.943114 0.809167 0.935928 0.805000 0.924551 0.808333 0.916168 0.815000 0.911377 0.826667 0.906587 0.845000 0.892216 0.871667 0.875449 0.877500 0.873653 0.895833 0.859281 0.895833 0.848503 0.887500 0.838922
0 0.633333 0.390419 0.578333 0.386826 0.544167 0.388024 0.526667 0.394012 0.514167 0.408383 0.516667 0.428144 0.530833 0.441916 0.503333 0.458683 0.496667 0.474252 0.501667 0.482635 0.520000 0.489820 0.535000 0.500000 0.531667 0.525748 0.534167 0.534731 0.522500 0.580838 0.517500 0.626946 0.521667 0.640120 0.545000 0.649701 0.565833 0.651497 0.589167 0.648503 0.603333 0.638323 0.617500 0.579641 0.625000 0.564072 0.625833 0.555090 0.620833 0.546108 0.625833 0.538323 0.624167 0.534132 0.630000 0.516766 0.643333 0.505988 0.659167 0.502994 0.672500 0.492814 0.678333 0.483832 0.675833 0.474252 0.662500 0.464072 0.664167 0.452096 0.676667 0.441317 0.680833 0.432934 0.680833 0.413174 0.666667 0.399401
0 0.675000 0.190419 0.657500 0.192814 0.630000 0.200599 0.616667 0.211377 0.611667 0.230539 0.618333 0.259880 0.604167 0.274850 0.602500 0.288623 0.608333 0.301198 0.619167 0.312575 0.647500 0.328144 0.650833 0.341916 0.649167 0.359880 0.654167 0.389222 0.653333 0.408383 0.660000 0.423952 0.676667 0.435928 0.697500 0.437126 0.722500 0.429940 0.731667 0.416168 0.733333 0.399401 0.729167 0.369461 0.729167 0.324551 0.734167 0.318563 0.750000 0.312575 0.758333 0.305389 0.765000 0.294012 0.765000 0.282036 0.747500 0.256886 0.751667 0.246707 0.748333 0.234132 0.752500 0.225749 0.745000 0.208383 0.734167 0.200000 0.726667 0.199401 0.709167 0.192814
3 0.593333 0.473653 0.554167 0.492216 0.552500 0.498802 0.556667 0.517964 0.600833 0.526347 0.607500 0.538323 0.606667 0.570060 0.613333 0.625749 0.609167 0.649102 0.610833 0.670659 0.615000 0.678443 0.618333 0.730539 0.625833 0.742515 0.640000 0.751497 0.660833 0.754491 0.681667 0.752695 0.694167 0.746707 0.703333 0.725150 0.697500 0.689820 0.692500 0.570659 0.685000 0.529940 0.686667 0.525150 0.699167 0.523353 0.729167 0.510180 0.730833 0.489222 0.720833 0.481437 0.692500 0.474850
3 0.300833 0.377246 0.298333 0.370060 0.291667 0.367665 0.283333 0.367665 0.279167 0.368862 0.277500 0.370659 0.278333 0.373054 0.275000 0.377844 0.270833 0.380240 0.254167 0.380240 0.249167 0.379042 0.229167 0.379641 0.209167 0.377844 0.183333 0.377844 0.176667 0.376647 0.151667 0.377246 0.146667 0.380838 0.145000 0.391617 0.146667 0.397605 0.154167 0.400599 0.191667 0.400599 0.201667 0.401796 0.205833 0.401198 0.211667 0.402395 0.231667 0.402395 0.234167 0.403593 0.260000 0.404192 0.265000 0.405389 0.268333 0.404790 0.275000 0.407784 0.276667 0.417365 0.279167 0.419162 0.288333 0.419162 0.295833 0.417365 0.297500 0.414371 0.298333 0.403593 0.300833 0.396407
3 0.187500 0.256287 0.164167 0.282635 0.155833 0.296407 0.150000 0.300000 0.145000 0.313174 0.140833 0.316766 0.140833 0.332335 0.146667 0.337725 0.162500 0.345509 0.176667 0.346707 0.202500 0.329940 0.215000 0.331138 0.224167 0.337126 0.276667 0.355689 0.328333 0.383234 0.427500 0.423952 0.447500 0.425748 0.466667 0.416168 0.481667 0.396407 0.480833 0.386826 0.471667 0.377246 0.423333 0.352695 0.361667 0.331138 0.276667 0.288623 0.255000 0.282036 0.248333 0.275449 0.255000 0.259281 0.244167 0.245509 0.229167 0.239521 0.216667 0.239521
3 0.584167 0.186826 0.561667 0.186826 0.529167 0.198802 0.518333 0.208982 0.508333 0.243114 0.517500 0.322156 0.527500 0.353293 0.522500 0.368263 0.527500 0.392814 0.526667 0.434132 0.534167 0.477246 0.517500 0.483832 0.507500 0.493413 0.506667 0.514371 0.515833 0.526347 0.545000 0.534132 0.610833 0.532335 0.679167 0.523353 0.711667 0.515569 0.726667 0.502994 0.723333 0.485030 0.714167 0.474850 0.684167 0.468263 0.668333 0.468263 0.665000 0.464671 0.617500 0.210778 0.605000 0.192814
3 0.621667 0.470659 0.616667 0.470060 0.612500 0.468263 0.606667 0.470060 0.604167 0.471856 0.595833 0.482635 0.595833 0.484431 0.593333 0.485629 0.588333 0.494012 0.581667 0.501198 0.570000 0.518563 0.567500 0.520359 0.568333 0.520958 0.563333 0.525748 0.560000 0.531737 0.555000 0.532335 0.551667 0.531138 0.542500 0.531138 0.539167 0.532934 0.536667 0.535928 0.535833 0.539521 0.539167 0.544311 0.543333 0.547305 0.563333 0.554491 0.566667 0.556886 0.569167 0.556287 0.575833 0.558683 0.586667 0.558084 0.588333 0.556886 0.590000 0.553293 0.591667 0.552695 0.590833 0.547305 0.583333 0.543114 0.582500 0.539521 0.588333 0.534132 0.591667 0.528144 0.593333 0.527545 0.595000 0.523952 0.612500 0.501796 0.612500 0.500000 0.620000 0.491617 0.623333 0.485629 0.625000 0.485030 0.627500 0.477246 0.625833 0.473054
1 0.895833 0.383832 0.855833 0.347904 0.822500 0.355689 0.811667 0.365868 0.820000 0.394012 0.806667 0.402994 0.619167 0.469461 0.572500 0.479042 0.545833 0.491617 0.493333 0.505988 0.370000 0.553892 0.196667 0.611377 0.163333 0.631138 0.170000 0.660479 0.190833 0.677844 0.232500 0.674850 0.348333 0.632934 0.393333 0.621557 0.684167 0.514970 0.775000 0.489222 0.846667 0.462275 0.865000 0.461078 0.898333 0.481437 0.934167 0.476647 0.940000 0.472455 0.940000 0.458084
1 0.924167 0.334132 0.907500 0.301796 0.891667 0.289222 0.872500 0.282036 0.850000 0.283234 0.825833 0.294611 0.814167 0.318563 0.780000 0.329341 0.587500 0.349102 0.127500 0.408383 0.103333 0.423952 0.095000 0.446707 0.120833 0.467066 0.155000 0.468862 0.812500 0.391018 0.825833 0.394611 0.849167 0.417365 0.865833 0.420958 0.905833 0.411377 0.919167 0.398204 0.928333 0.376647
3 0.514167 0.168862 0.480833 0.163473 0.454167 0.167665 0.405833 0.200000 0.341667 0.278443 0.321667 0.312575 0.301667 0.325749 0.283333 0.350898 0.246667 0.386228 0.212500 0.432335 0.206667 0.434731 0.189167 0.431138 0.170000 0.435329 0.150833 0.453293 0.147500 0.471257 0.156667 0.483832 0.175000 0.496407 0.233333 0.523353 0.303333 0.547305 0.345000 0.556886 0.363333 0.555689 0.376667 0.546707 0.385833 0.531138 0.385833 0.519162 0.348333 0.485629 0.546667 0.214970 0.549167 0.193413 0.541667 0.183832
3 0.740000 0.225749 0.731667 0.220958 0.724167 0.220359 0.719167 0.221557 0.713333 0.225150 0.712500 0.230539 0.715000 0.233533 0.715000 0.238922 0.711667 0.241916 0.699167 0.244311 0.682500 0.251497 0.671667 0.253892 0.669167 0.255689 0.660833 0.256886 0.646667 0.262275 0.645000 0.261677 0.642500 0.263473 0.635833 0.264671 0.620000 0.270659 0.600000 0.274850 0.585833 0.280838 0.581667 0.284431 0.580833 0.287425 0.585833 0.301198 0.590833 0.305389 0.600000 0.305389 0.609167 0.303593 0.623333 0.298802 0.629167 0.298204 0.631667 0.296407 0.637500 0.295210 0.639167 0.293413 0.644167 0.293413 0.648333 0.291018 0.650000 0.291617 0.652500 0.289820 0.670000 0.285629 0.678333 0.282036 0.690833 0.279641 0.705000 0.274251 0.706667 0.274850 0.716667 0.272455 0.725000 0.268862 0.730000 0.268862 0.735833 0.274251 0.744167 0.279042 0.750000 0.279042 0.759167 0.276048 0.761667 0.268862 0.759167 0.262874 0.760000 0.259281 0.755833 0.252695 0.755833 0.249102 0.753333 0.247305 0.752500 0.243713 0.749167 0.241916 0.748333 0.237725 0.745833 0.235928
0 0.345000 0.295210 0.348333 0.298204 0.351667 0.308982 0.358333 0.313772 0.373333 0.318563 0.395833 0.320359 0.410000 0.326347 0.416667 0.332335 0.420833 0.342515 0.426667 0.344910 0.436667 0.344910 0.457500 0.332934 0.468333 0.331138 0.491667 0.339521 0.509167 0.343114 0.535833 0.353892 0.560833 0.359281 0.579167 0.368862 0.591667 0.370060 0.600000 0.374251 0.611667 0.375449 0.618333 0.373054 0.625833 0.367066 0.640833 0.344910 0.616667 0.322156 0.576667 0.309581 0.568333 0.302395 0.556667 0.303593 0.542500 0.294012 0.538333 0.286826 0.497500 0.283832 0.493333 0.280838 0.497500 0.262275 0.493333 0.256886 0.479167 0.253293 0.468333 0.256287 0.460833 0.253892 0.449167 0.255090 0.440833 0.250898 0.431667 0.242515 0.409167 0.233533 0.398333 0.233533 0.392500 0.238922 0.384167 0.255090 0.370833 0.268263 0.362500 0.288623 0.355000 0.294611
1 0.466667 0.074850 0.442500 0.081437 0.435833 0.100000 0.467500 0.492814 0.457500 0.497605 0.428333 0.501198 0.425000 0.506587 0.426667 0.523353 0.433333 0.530539 0.445000 0.534132 0.480833 0.535329 0.565833 0.528144 0.582500 0.519162 0.585000 0.504192 0.578333 0.494012 0.545000 0.491018 0.540000 0.487425 0.523333 0.212575 0.510833 0.099401 0.504167 0.082635 0.495000 0.076048
4 0.706667 0.712575 0.695833 0.692216 0.678333 0.676647 0.660833 0.669461 0.617500 0.667665 0.602500 0.673054 0.588333 0.693413 0.567500 0.711976 0.548333 0.709581 0.411667 0.708383 0.380833 0.715569 0.365000 0.727545 0.356667 0.738323 0.353333 0.746707 0.354167 0.763473 0.363333 0.782036 0.383333 0.792216 0.462500 0.796407 0.489167 0.795210 0.540833 0.800000 0.564167 0.805389 0.610833 0.833533 0.631667 0.836527 0.659167 0.835928 0.670000 0.832934 0.686667 0.817964 0.704167 0.788623 0.711667 0.753892 0.710833 0.726946
0 0.520833 0.666467 0.500833 0.679641 0.497500 0.692216 0.500833 0.701796 0.516667 0.723353 0.558333 0.768263 0.585000 0.802994 0.570833 0.823353 0.566667 0.837126 0.569167 0.844311 0.580000 0.852695 0.617500 0.868862 0.628333 0.902395 0.637500 0.907784 0.666667 0.915569 0.711667 0.904192 0.742500 0.889820 0.763333 0.876048 0.775000 0.855689 0.769167 0.836527 0.760833 0.828743 0.737500 0.819761 0.725833 0.817964 0.723333 0.810778 0.725833 0.800000 0.710833 0.783234 0.699167 0.776647 0.675833 0.771257 0.661667 0.762874 0.655833 0.753293 0.633333 0.734132 0.600000 0.693413 0.570000 0.664072 0.548333 0.659281
3 0.154167 0.244311 0.136667 0.276647 0.126667 0.315569 0.129167 0.350299 0.137500 0.365269 0.169167 0.374251 0.185000 0.373054 0.215000 0.362874 0.229167 0.349701 0.240833 0.349102 0.260833 0.356886 0.406667 0.395210 0.535833 0.424551 0.575833 0.426946 0.592500 0.416766 0.600833 0.401198 0.602500 0.381437 0.593333 0.366467 0.581667 0.358084 0.548333 0.346707 0.259167 0.275449 0.254167 0.270659 0.249167 0.234132 0.218333 0.220958 0.206667 0.220958 0.179167 0.228144
3 0.490833 0.519162 0.476667 0.520359 0.461667 0.526946 0.450833 0.543713 0.449167 0.573653 0.460833 0.670060 0.455833 0.708383 0.458333 0.736527 0.451667 0.752096 0.438333 0.766467 0.434167 0.794012 0.415833 0.799401 0.409167 0.806587 0.405833 0.831138 0.410833 0.840719 0.430833 0.849102 0.454167 0.855090 0.514167 0.858683 0.532500 0.864671 0.540833 0.861078 0.555833 0.861677 0.605000 0.853892 0.615000 0.840719 0.615833 0.822156 0.601667 0.804192 0.569167 0.798204 0.560000 0.785030 0.564167 0.761677 0.555833 0.739521 0.556667 0.707186 0.550833 0.694611 0.554167 0.655689 0.550000 0.626946 0.553333 0.611377 0.547500 0.600000 0.549167 0.564671 0.541667 0.535928 0.530000 0.526347
0 0.696667 0.857485 0.688333 0.860479 0.686667 0.865269 0.688333 0.877844 0.690000 0.878443 0.690000 0.882036 0.692500 0.886228 0.692500 0.891018 0.694167 0.891617 0.695000 0.899401 0.696667 0.900599 0.699167 0.916168 0.692500 0.925150 0.693333 0.930539 0.695000 0.931737 0.695000 0.933533 0.700000 0.935329 0.703333 0.938323 0.703333 0.947305 0.705000 0.947904 0.705000 0.950299 0.707500 0.951497 0.707500 0.952695 0.710833 0.954491 0.711667 0.953892 0.712500 0.955090 0.720833 0.955090 0.722500 0.953892 0.745833 0.949701 0.752500 0.947904 0.753333 0.946707 0.757500 0.946108 0.762500 0.941916 0.762500 0.932934 0.760833 0.930539 0.758333 0.929341 0.758333 0.928144 0.755833 0.927545 0.754167 0.923353 0.757500 0.916168 0.755833 0.911377 0.750000 0.907186 0.736667 0.904192 0.733333 0.900599 0.731667 0.894012 0.730000 0.892814 0.730000 0.889820 0.728333 0.889222 0.728333 0.886826 0.715833 0.859880 0.712500 0.857485 0.708333 0.856886
3 0.496667 0.330539 0.491667 0.330539 0.481667 0.334132 0.480000 0.335928 0.471667 0.338922 0.444167 0.353892 0.443333 0.353293 0.439167 0.356287 0.435000 0.357485 0.425833 0.364072 0.420833 0.365269 0.417500 0.368263 0.410833 0.370659 0.406667 0.374251 0.401667 0.376048 0.398333 0.375449 0.388333 0.368263 0.384167 0.368862 0.377500 0.372455 0.376667 0.374850 0.379167 0.379641 0.378333 0.380240 0.380000 0.383832 0.383333 0.386826 0.383333 0.388623 0.394167 0.397605 0.395000 0.400599 0.404167 0.408982 0.411667 0.410180 0.417500 0.408383 0.420833 0.405988 0.421667 0.402994 0.419167 0.400000 0.420000 0.399401 0.417500 0.398204 0.416667 0.394611 0.422500 0.390419 0.452500 0.374251 0.457500 0.372455 0.465000 0.367066 0.471667 0.364671 0.479167 0.359880 0.485833 0.357485 0.487500 0.355689 0.495000 0.352096 0.496667 0.352096 0.500833 0.348503 0.502500 0.348503 0.508333 0.342515 0.505000 0.337725 0.498333 0.333533
4 0.431667 0.147904 0.365833 0.171856 0.354167 0.179042 0.353333 0.185629 0.369167 0.214371 0.405833 0.248503 0.444167 0.297006 0.461667 0.311377 0.463333 0.325150 0.460833 0.327545 0.446667 0.328743 0.430833 0.347305 0.430000 0.353892 0.454167 0.380240 0.470000 0.382635 0.513333 0.370659 0.551667 0.352096 0.600833 0.333533 0.630000 0.315569 0.641667 0.303593 0.642500 0.296407 0.615000 0.267665 0.595833 0.271257 0.574167 0.280240 0.565833 0.279641 0.552500 0.273054 0.446667 0.153892
0 0.703333 0.120958 0.680000 0.122156 0.660833 0.128144 0.630000 0.148503 0.627500 0.155090 0.624167 0.157485 0.621667 0.165868 0.617500 0.171257 0.614167 0.186228 0.615000 0.203593 0.624167 0.220958 0.632500 0.229940 0.640000 0.233533 0.647500 0.240120 0.650833 0.245509 0.651667 0.255689 0.655833 0.262275 0.663333 0.267665 0.680833 0.274850 0.697500 0.275449 0.707500 0.272455 0.720833 0.265868 0.733333 0.242515 0.739167 0.238323 0.745000 0.237126 0.760000 0.225749 0.766667 0.213772 0.770000 0.200000 0.770000 0.179641 0.765833 0.167665 0.750833 0.150299 0.748333 0.144910 0.741667 0.138922 0.739167 0.133533 0.729167 0.125749 0.712500 0.122156 0.704167 0.122156
