0 0.331667 0.520359 0.324167 0.517964 0.306667 0.526347 0.304167 0.528742 0.298333 0.531138 0.297500 0.532934 0.291667 0.535329 0.274167 0.546108 0.273333 0.547904 0.260833 0.553892 0.257500 0.553293 0.256667 0.552096 0.255833 0.552695 0.250000 0.546108 0.245833 0.546707 0.245000 0.548503 0.246667 0.549701 0.244167 0.552695 0.245000 0.553293 0.240833 0.556886 0.240833 0.561078 0.242500 0.562275 0.238333 0.567066 0.230000 0.562874 0.222500 0.562874 0.215000 0.567665 0.212500 0.573054 0.227500 0.589222 0.230833 0.591018 0.235833 0.597006 0.238333 0.597605 0.240000 0.599401 0.239167 0.600599 0.243333 0.603593 0.244167 0.602994 0.245833 0.604790 0.250833 0.605389 0.260833 0.599401 0.263333 0.595210 0.259167 0.591018 0.259167 0.587425 0.265000 0.584431 0.271667 0.588024 0.283333 0.585629 0.284167 0.580838 0.280833 0.576048 0.282500 0.571856 0.291667 0.567665 0.290833 0.567066 0.298333 0.563473 0.341667 0.535928 0.341667 0.531138
0 0.504167 0.442515 0.484167 0.434731 0.476667 0.434731 0.450833 0.443713 0.420833 0.463473 0.414167 0.465868 0.396667 0.466467 0.380000 0.474252 0.370833 0.494012 0.375833 0.505988 0.371667 0.516766 0.304167 0.555090 0.260833 0.583832 0.257500 0.591018 0.258333 0.596407 0.276667 0.619760 0.295000 0.626946 0.310833 0.623952 0.425000 0.558683 0.436667 0.556886 0.456667 0.562275 0.470833 0.562874 0.483333 0.560479 0.498333 0.552096 0.510833 0.530539 0.550000 0.509581 0.554167 0.500599 0.553333 0.493413 0.541667 0.476647
3 0.147500 0.482635 0.133333 0.510180 0.125833 0.557485 0.130833 0.586228 0.134167 0.591617 0.145833 0.597605 0.178333 0.601796 0.200833 0.592814 0.220000 0.580240 0.235000 0.579042 0.369167 0.610180 0.529167 0.642515 0.566667 0.642515 0.581667 0.632934 0.588333 0.615569 0.586667 0.603593 0.578333 0.586228 0.559167 0.575449 0.474167 0.555090 0.448333 0.552096 0.282500 0.510778 0.248333 0.505389 0.238333 0.466467 0.210833 0.455689 0.191667 0.455689 0.170000 0.465868
1 0.415833 0.356886 0.411667 0.367066 0.420000 0.371856 0.454167 0.379641 0.513333 0.397605 0.545000 0.405389 0.564167 0.411976 0.572500 0.413174 0.580833 0.416766 0.606667 0.422754 0.612500 0.426946 0.611667 0.433533 0.615000 0.435329 0.624167 0.437126 0.627500 0.436527 0.635833 0.431737 0.644167 0.415569 0.645833 0.404790 0.643333 0.400000 0.638333 0.397605 0.630833 0.397605 0.617500 0.402395 0.609167 0.401796 0.595833 0.395808 0.582500 0.394611 0.577500 0.392216 0.548333 0.385629 0.535000 0.380838 0.504167 0.373653 0.495833 0.370060 0.464167 0.363473 0.460000 0.361078 0.444167 0.357485 0.435833 0.353892 0.420000 0.352695
3 0.480833 0.613174 0.480833 0.655689 0.497500 0.727545 0.511667 0.736527 0.542500 0.735329 0.551667 0.728743 0.559167 0.695808 0.590833 0.698204 0.611667 0.694611 0.726667 0.692216 0.753333 0.688623 0.848333 0.685030 0.888333 0.678443 0.902500 0.665868 0.905000 0.652096 0.899167 0.627545 0.891667 0.620958 0.874167 0.615569 0.755000 0.615569 0.565000 0.627545 0.548333 0.623952 0.533333 0.597006 0.516667 0.595808 0.490000 0.598204
3 0.301667 0.214371 0.288333 0.260479 0.287500 0.289222 0.295833 0.317964 0.304167 0.324551 0.330000 0.329341 0.349167 0.325150 0.373333 0.304790 0.387500 0.300000 0.460000 0.314371 0.694167 0.348503 0.717500 0.346108 0.728333 0.340120 0.734167 0.330539 0.734167 0.301796 0.719167 0.286228 0.646667 0.270060 0.537500 0.254491 0.437500 0.235928 0.397500 0.232335 0.389167 0.225749 0.384167 0.198802 0.367500 0.189222 0.347500 0.185629 0.335833 0.186826 0.329167 0.197006
3 0.485833 0.500000 0.473333 0.514970 0.471667 0.526946 0.474167 0.533533 0.485833 0.548503 0.511667 0.565868 0.634167 0.666467 0.635000 0.671257 0.628333 0.683234 0.625000 0.699401 0.632500 0.711377 0.650833 0.721557 0.663333 0.723353 0.704167 0.719162 0.711667 0.716168 0.748333 0.689222 0.763333 0.660479 0.764167 0.646707 0.758333 0.638922 0.739167 0.629940 0.700000 0.626347 0.685833 0.622156 0.538333 0.505988 0.510833 0.495808 0.500833 0.495210
4 0.697500 0.519162 0.683333 0.509581 0.661667 0.507784 0.621667 0.512575 0.615000 0.514970 0.610833 0.523952 0.607500 0.548503 0.599167 0.551497 0.590000 0.560479 0.565833 0.561677 0.522500 0.570659 0.425833 0.582635 0.398333 0.590419 0.390833 0.596407 0.394167 0.605389 0.392500 0.620958 0.408333 0.662874 0.418333 0.671856 0.426667 0.674850 0.452500 0.676048 0.471667 0.670659 0.507500 0.668862 0.599167 0.648503 0.621667 0.646707 0.631667 0.647904 0.652500 0.671856 0.668333 0.679042 0.717500 0.679042 0.729167 0.676647 0.735833 0.671856 0.742500 0.647305 0.738333 0.605389 0.718333 0.546707 0.711667 0.534132
3 0.220833 0.321557 0.204167 0.340719 0.195000 0.373653 0.225833 0.403593 0.237500 0.407784 0.253333 0.406587 0.294167 0.390419 0.313333 0.397006 0.365000 0.448503 0.570833 0.630539 0.594167 0.645509 0.620000 0.655090 0.643333 0.655689 0.687500 0.637725 0.705000 0.621557 0.708333 0.611377 0.696667 0.586826 0.645000 0.536527 0.514167 0.429940 0.425833 0.345509 0.425833 0.331737 0.440000 0.320359 0.443333 0.308982 0.434167 0.295210 0.434167 0.275449 0.424167 0.263473 0.402500 0.254491 0.335833 0.266467 0.290000 0.283832
1 0.571667 0.114371 0.544167 0.106587 0.513333 0.120359 0.170000 0.454491 0.153333 0.462874 0.115833 0.457485 0.099167 0.465269 0.092500 0.479042 0.122500 0.503593 0.211667 0.546108 0.225000 0.546707 0.236667 0.538323 0.246667 0.523353 0.225833 0.503593 0.229167 0.492216 0.319167 0.403593 0.410833 0.322755 0.585000 0.150299 0.590833 0.134132
3 0.710000 0.559281 0.675833 0.544910 0.662500 0.544311 0.639167 0.557485 0.650000 0.588623 0.638333 0.598204 0.595000 0.614371 0.537500 0.641916 0.493333 0.656287 0.471667 0.668862 0.413333 0.694012 0.400833 0.704790 0.396667 0.719760 0.414167 0.744910 0.421667 0.749102 0.432500 0.749701 0.460833 0.744311 0.498333 0.725150 0.633333 0.668862 0.676667 0.645509 0.689167 0.641317 0.711667 0.654491 0.728333 0.660479 0.754167 0.652096 0.760000 0.643114 0.755833 0.623353
0 0.251667 0.659880 0.245000 0.674850 0.244167 0.691617 0.254167 0.711976 0.278333 0.734731 0.317500 0.749102 0.346667 0.753293 0.361667 0.753293 0.365833 0.751497 0.387500 0.749102 0.405000 0.742515 0.412500 0.735329 0.414167 0.735928 0.423333 0.731737 0.445000 0.731737 0.454167 0.729940 0.464167 0.723952 0.477500 0.710778 0.480833 0.698204 0.477500 0.689820 0.469167 0.679042 0.436667 0.666467 0.429167 0.660479 0.428333 0.655689 0.424167 0.650898 0.410833 0.641317 0.395833 0.635329 0.388333 0.634731 0.380000 0.631737 0.354167 0.628144 0.319167 0.631138 0.296667 0.639521 0.287500 0.640719 0.279167 0.644910 0.265833 0.647904 0.257500 0.652096
0 0.590833 0.407186 0.579167 0.410180 0.576667 0.411976 0.570000 0.413174 0.569167 0.414371 0.564167 0.415569 0.558333 0.419162 0.556667 0.419162 0.553333 0.422754 0.553333 0.426347 0.557500 0.432934 0.564167 0.437725 0.561667 0.443114 0.563333 0.446108 0.567500 0.449102 0.575000 0.449701 0.579167 0.448503 0.583333 0.450299 0.586667 0.456287 0.588333 0.456886 0.590000 0.461677 0.593333 0.464072 0.608333 0.485629 0.613333 0.489820 0.620833 0.489820 0.634167 0.483832 0.635000 0.479042 0.631667 0.475449 0.629167 0.469461 0.627500 0.468862 0.624167 0.461078 0.622500 0.460479 0.620833 0.456287 0.617500 0.451497 0.615833 0.450898 0.612500 0.443114 0.608333 0.439521 0.608333 0.435928 0.613333 0.430539 0.612500 0.424551 0.609167 0.422156 0.605833 0.422156 0.603333 0.420359 0.597500 0.408982 0.593333 0.407186
