3 0.567500 0.639521 0.560000 0.635928 0.555000 0.636527 0.548333 0.638922 0.544167 0.642515 0.542500 0.642515 0.530000 0.650299 0.524167 0.655090 0.522500 0.655090 0.505833 0.665269 0.500833 0.667066 0.489167 0.675449 0.478333 0.681437 0.478333 0.682635 0.473333 0.683234 0.471667 0.681437 0.462500 0.677844 0.457500 0.679042 0.451667 0.683234 0.452500 0.689820 0.464167 0.702395 0.470000 0.705389 0.470833 0.707186 0.477500 0.710778 0.479167 0.713174 0.486667 0.716168 0.487500 0.715569 0.489167 0.716766 0.495833 0.714371 0.500000 0.709581 0.497500 0.702395 0.495000 0.699401 0.496667 0.697605 0.502500 0.695210 0.505833 0.692216 0.517500 0.686228 0.529167 0.677844 0.532500 0.677245 0.550833 0.664072 0.557500 0.661677 0.570833 0.652695 0.574167 0.649102 0.573333 0.644910
2 0.330000 0.565269 0.282500 0.583832 0.251667 0.604192 0.244167 0.615569 0.245833 0.632335 0.272500 0.668263 0.299167 0.697605 0.313333 0.705988 0.325000 0.721557 0.335000 0.727545 0.347500 0.748503 0.356667 0.753892 0.357500 0.761677 0.366667 0.768862 0.363333 0.779641 0.334167 0.798802 0.327500 0.814371 0.331667 0.825749 0.354167 0.852695 0.370833 0.861078 0.390000 0.862874 0.409167 0.858084 0.504167 0.815569 0.595000 0.766467 0.600833 0.752695 0.585833 0.726347 0.554167 0.702395 0.535000 0.702395 0.507500 0.708982 0.498333 0.706587 0.490833 0.698204 0.481667 0.695210 0.443333 0.651497 0.421667 0.638323 0.365000 0.576647 0.347500 0.565269
1 0.065000 0.383234 0.059167 0.455689 0.065000 0.469461 0.080833 0.473054 0.107500 0.471257 0.117500 0.447904 0.128333 0.443713 0.730000 0.488623 0.764167 0.482635 0.773333 0.465269 0.769167 0.440120 0.750833 0.431737 0.724167 0.426946 0.610000 0.422754 0.490000 0.409581 0.140000 0.388024 0.128333 0.380240 0.117500 0.354491 0.093333 0.347305 0.083333 0.347904 0.076667 0.354491
0 0.400000 0.170659 0.314167 0.197006 0.295000 0.210180 0.290833 0.224551 0.312500 0.258683 0.298333 0.283832 0.325833 0.290419 0.342500 0.301796 0.349167 0.313174 0.354167 0.345509 0.360833 0.353892 0.363333 0.365269 0.390833 0.404790 0.405000 0.432934 0.424167 0.449102 0.447500 0.454491 0.501667 0.446707 0.515000 0.434731 0.513333 0.415569 0.498333 0.392216 0.490833 0.367066 0.480000 0.350299 0.464167 0.308982 0.455000 0.298204 0.449167 0.280838 0.443333 0.274251 0.446667 0.262275 0.456667 0.260479 0.480000 0.247904 0.447500 0.223353 0.445833 0.216168 0.452500 0.202395 0.445000 0.185030 0.430833 0.173054 0.422500 0.170060
3 0.638333 0.505988 0.622500 0.499401 0.570000 0.503593 0.516667 0.517964 0.468333 0.524551 0.441667 0.525150 0.400000 0.536527 0.379167 0.536527 0.352500 0.542515 0.324167 0.538323 0.303333 0.515569 0.294167 0.513174 0.275833 0.514970 0.259167 0.526347 0.250000 0.542515 0.254167 0.559281 0.250833 0.584431 0.259167 0.616766 0.272500 0.635329 0.281667 0.640719 0.307500 0.642515 0.319167 0.638922 0.328333 0.631737 0.331667 0.612575 0.339167 0.602395 0.432500 0.586826 0.448333 0.587425 0.461667 0.582635 0.481667 0.582036 0.520833 0.573054 0.607500 0.562874 0.633333 0.555090 0.645000 0.544311 0.645000 0.528742
0 0.774167 0.589820 0.758333 0.570659 0.741667 0.565269 0.715000 0.566467 0.691667 0.577844 0.673333 0.558084 0.663333 0.551497 0.646667 0.547305 0.634167 0.549102 0.615833 0.567665 0.601667 0.576048 0.546667 0.573054 0.434167 0.556287 0.393333 0.555090 0.382500 0.558683 0.374167 0.565868 0.365000 0.591018 0.368333 0.611377 0.381667 0.621557 0.400833 0.626946 0.470833 0.636527 0.499167 0.644910 0.510833 0.645509 0.524167 0.641916 0.536667 0.646707 0.567500 0.650898 0.585000 0.661677 0.589167 0.675449 0.603333 0.686826 0.615000 0.691617 0.629167 0.691617 0.655000 0.680239 0.666667 0.682635 0.683333 0.694012 0.719167 0.700000 0.738333 0.695210 0.748333 0.689222 0.764167 0.664072 0.774167 0.616766
3 0.737500 0.394012 0.694167 0.375449 0.653333 0.371856 0.633333 0.374850 0.625833 0.379641 0.617500 0.394611 0.618333 0.416168 0.621667 0.422754 0.620000 0.434132 0.501667 0.564072 0.495000 0.582635 0.496667 0.590419 0.505833 0.600000 0.518333 0.603593 0.534167 0.604790 0.545000 0.603593 0.555833 0.599401 0.571667 0.587425 0.585833 0.568263 0.657500 0.492216 0.665833 0.486826 0.688333 0.460479 0.695833 0.456886 0.712500 0.458683 0.735833 0.456886 0.751667 0.447305 0.758333 0.437126 0.759167 0.426347 0.744167 0.399401
1 0.222500 0.252096 0.190000 0.280240 0.187500 0.288024 0.190000 0.301198 0.207500 0.313772 0.220833 0.317365 0.244167 0.306587 0.258333 0.309581 0.340833 0.360479 0.594167 0.543713 0.702500 0.616766 0.730833 0.626347 0.758333 0.616766 0.774167 0.602994 0.776667 0.594611 0.750833 0.565269 0.320833 0.264072 0.320833 0.256287 0.338333 0.232934 0.317500 0.214371 0.307500 0.210778 0.280000 0.216766
0 0.513333 0.495808 0.500833 0.505389 0.485833 0.527545 0.473333 0.537725 0.460833 0.555090 0.467500 0.564072 0.497500 0.573653 0.509167 0.581437 0.515000 0.592216 0.519167 0.594611 0.530000 0.593413 0.535000 0.589222 0.540833 0.588623 0.553333 0.593413 0.560833 0.600000 0.575833 0.606587 0.585833 0.604790 0.602500 0.616766 0.611667 0.614970 0.620000 0.620958 0.638333 0.625749 0.650000 0.632934 0.683333 0.640719 0.695833 0.646707 0.709167 0.646707 0.713333 0.644910 0.726667 0.632934 0.734167 0.621557 0.735000 0.613772 0.728333 0.607186 0.597500 0.547904 0.588333 0.538922 0.596667 0.525748 0.595833 0.516168 0.585000 0.513174 0.577500 0.516766 0.569167 0.517365 0.560000 0.513174 0.537500 0.497006 0.525000 0.493413
4 0.211667 0.596407 0.181667 0.629940 0.152500 0.680838 0.149167 0.707784 0.154167 0.726946 0.183333 0.736527 0.203333 0.738922 0.237500 0.726347 0.250000 0.716766 0.256667 0.716766 0.307500 0.732335 0.315000 0.737126 0.366667 0.755689 0.416667 0.770060 0.438333 0.773054 0.455000 0.765868 0.465833 0.755689 0.479167 0.730539 0.481667 0.711976 0.476667 0.701796 0.450000 0.687425 0.385000 0.667066 0.351667 0.652096 0.330000 0.648503 0.311667 0.640120 0.301667 0.639521 0.300000 0.628144 0.304167 0.601796 0.297500 0.594611 0.277500 0.586228 0.251667 0.579641 0.233333 0.583832
4 0.375833 0.335329 0.369167 0.335329 0.359167 0.340719 0.354167 0.349701 0.350000 0.353293 0.348333 0.357485 0.341667 0.363473 0.341667 0.365868 0.337500 0.369461 0.336667 0.372455 0.325833 0.383234 0.321667 0.392216 0.315833 0.394611 0.314167 0.393413 0.308333 0.392814 0.290000 0.395210 0.286667 0.397006 0.280000 0.404790 0.279167 0.407784 0.277500 0.407784 0.277500 0.413772 0.289167 0.425748 0.301667 0.434132 0.324167 0.444311 0.327500 0.444311 0.331667 0.446707 0.335833 0.446707 0.336667 0.447904 0.341667 0.447904 0.343333 0.449102 0.360000 0.449701 0.374167 0.443713 0.379167 0.438922 0.381667 0.432335 0.380833 0.426946 0.377500 0.425150 0.377500 0.423353 0.372500 0.418563 0.369167 0.417365 0.368333 0.413174 0.374167 0.406587 0.380000 0.395808 0.390000 0.386826 0.390833 0.383832 0.396667 0.378443 0.396667 0.376647 0.399167 0.375449 0.408333 0.358084 0.407500 0.353293 0.400833 0.347305 0.395833 0.345509 0.391667 0.341916 0.383333 0.337725
1 0.494167 0.115569 0.458333 0.125150 0.452500 0.161078 0.536667 0.631138 0.528333 0.638323 0.492500 0.649701 0.491667 0.673054 0.497500 0.683234 0.525833 0.691617 0.617500 0.688623 0.665833 0.680838 0.683333 0.664072 0.680833 0.643114 0.674167 0.634731 0.642500 0.632335 0.632500 0.622156 0.610000 0.536527 0.567500 0.262874 0.542500 0.141916 0.526667 0.120359
