0 0.574167 0.343713 0.555000 0.357485 0.551667 0.367066 0.556667 0.379641 0.574167 0.400000 0.620000 0.444311 0.647500 0.475449 0.635000 0.496407 0.633333 0.514970 0.645833 0.524551 0.676667 0.534132 0.685833 0.540120 0.692500 0.563473 0.696667 0.570060 0.707500 0.576647 0.734167 0.583234 0.780833 0.569461 0.809167 0.554491 0.828333 0.540719 0.838333 0.523353 0.837500 0.512575 0.830833 0.501198 0.823333 0.494012 0.786667 0.484431 0.785833 0.467665 0.769167 0.450898 0.756667 0.444910 0.734167 0.440719 0.717500 0.431138 0.643333 0.356886 0.621667 0.339521 0.600000 0.335928
4 0.277500 0.177844 0.260833 0.199401 0.243333 0.235928 0.228333 0.285629 0.228333 0.318563 0.237500 0.344910 0.242500 0.349102 0.280833 0.356287 0.304167 0.356287 0.345000 0.335928 0.358333 0.322156 0.367500 0.320958 0.417500 0.332335 0.433333 0.332934 0.443333 0.337725 0.518333 0.354491 0.533333 0.354491 0.580833 0.364072 0.605000 0.364671 0.625000 0.353293 0.635833 0.337725 0.645000 0.305988 0.644167 0.285030 0.633333 0.270659 0.592500 0.255689 0.500833 0.238922 0.465000 0.226946 0.440833 0.226347 0.412500 0.218563 0.400000 0.219162 0.395000 0.206587 0.393333 0.173054 0.384167 0.164671 0.361667 0.158084 0.320833 0.152096 0.300000 0.159880
0 0.893333 0.334731 0.879167 0.319162 0.870000 0.305389 0.854167 0.296407 0.836667 0.295210 0.822500 0.300599 0.810833 0.308383 0.791667 0.309581 0.777500 0.312575 0.770000 0.318563 0.767500 0.336527 0.764167 0.341317 0.753333 0.347305 0.711667 0.361078 0.685833 0.371856 0.675000 0.374251 0.659167 0.382036 0.651667 0.389820 0.651667 0.401796 0.649167 0.407186 0.669167 0.420958 0.679167 0.422754 0.695833 0.419760 0.704167 0.415569 0.724167 0.410778 0.742500 0.403593 0.751667 0.403593 0.768333 0.392216 0.789167 0.384431 0.795833 0.385629 0.803333 0.391617 0.810000 0.394012 0.822500 0.395808 0.834167 0.395210 0.845833 0.389222 0.854167 0.379641 0.879167 0.375449 0.893333 0.368862 0.900000 0.360479 0.900833 0.354491
0 0.444167 0.531138 0.381667 0.540719 0.370833 0.556886 0.374167 0.577844 0.403333 0.661078 0.406667 0.685030 0.422500 0.731737 0.415833 0.741317 0.380000 0.761677 0.376667 0.769461 0.383333 0.776048 0.401667 0.783832 0.405833 0.796407 0.400833 0.814371 0.407500 0.835329 0.416667 0.844910 0.430000 0.849102 0.502500 0.835928 0.575833 0.816168 0.590000 0.801796 0.578333 0.770659 0.585000 0.753293 0.579167 0.743713 0.579167 0.728144 0.568333 0.720359 0.531667 0.715569 0.516667 0.697605 0.520000 0.688623 0.515000 0.659880 0.505833 0.647904 0.505833 0.633533 0.493333 0.602395 0.492500 0.560479 0.461667 0.534731
0 0.748333 0.172455 0.725833 0.157485 0.702500 0.150898 0.666667 0.146707 0.651667 0.146707 0.628333 0.151497 0.605833 0.158084 0.582500 0.168862 0.560833 0.183832 0.549167 0.197605 0.539167 0.217365 0.541667 0.230539 0.538333 0.238922 0.515000 0.262874 0.514167 0.273653 0.519167 0.292216 0.531667 0.304192 0.543333 0.308982 0.565000 0.313174 0.610000 0.301796 0.635000 0.306587 0.658333 0.305988 0.679167 0.300599 0.716667 0.282036 0.728333 0.273653 0.743333 0.256886 0.765833 0.210180 0.765833 0.195210
3 0.361667 0.467066 0.351667 0.466467 0.348333 0.469461 0.346667 0.474850 0.355833 0.483234 0.350000 0.489222 0.348333 0.493413 0.342500 0.500599 0.342500 0.502395 0.336667 0.508982 0.337500 0.509581 0.333333 0.513174 0.329167 0.518563 0.330000 0.519162 0.326667 0.521557 0.323333 0.527545 0.306667 0.546707 0.306667 0.555689 0.317500 0.560479 0.325000 0.559281 0.329167 0.556886 0.336667 0.549102 0.346667 0.536527 0.350000 0.534132 0.354167 0.526946 0.357500 0.524551 0.356667 0.523952 0.360833 0.518563 0.362500 0.517964 0.364167 0.513772 0.370000 0.508383 0.374167 0.501796 0.376667 0.500599 0.379167 0.495210 0.384167 0.493413 0.390833 0.495808 0.397500 0.495808 0.403333 0.489222 0.402500 0.486228 0.397500 0.482635 0.390833 0.479641 0.385833 0.475449
0 0.220833 0.234731 0.223333 0.236527 0.225833 0.236527 0.225000 0.235329
0 0.620833 0.719162 0.618333 0.711976 0.616667 0.710778 0.615833 0.705988 0.612500 0.703593 0.603333 0.703593 0.598333 0.705988 0.595000 0.704790 0.589167 0.704790 0.579167 0.712575 0.546667 0.714970 0.545833 0.716168 0.541667 0.715569 0.538333 0.718563 0.538333 0.726347 0.541667 0.729341 0.581667 0.726946 0.586667 0.729940 0.592500 0.731737 0.597500 0.731737 0.603333 0.728144 0.607500 0.729940 0.613333 0.730539 0.615833 0.729940 0.620833 0.725150
3 0.296667 0.459880 0.272500 0.480838 0.250833 0.510180 0.265000 0.532335 0.581667 0.662275 0.666667 0.703593 0.675833 0.710778 0.675833 0.717964 0.667500 0.726946 0.660000 0.759281 0.672500 0.768263 0.711667 0.783234 0.729167 0.779042 0.764167 0.744910 0.831667 0.654491 0.845833 0.622755 0.842500 0.606587 0.805833 0.589820 0.786667 0.588024 0.757500 0.614970 0.739167 0.623353 0.380000 0.473653 0.338333 0.459281 0.311667 0.456886
2 0.615833 0.356287 0.603333 0.365868 0.585833 0.387425 0.549167 0.450299 0.547500 0.461078 0.527500 0.502395 0.528333 0.519162 0.534167 0.526347 0.548333 0.534731 0.570833 0.541916 0.601667 0.544311 0.617500 0.538922 0.635000 0.519760 0.652500 0.511976 0.707500 0.528742 0.742500 0.535329 0.755000 0.541317 0.858333 0.564671 0.890000 0.562874 0.900833 0.551497 0.924167 0.504192 0.926667 0.479641 0.922500 0.471856 0.899167 0.461078 0.840833 0.443114 0.811667 0.437725 0.705833 0.407186 0.700000 0.400000 0.700833 0.379042 0.695833 0.371257 0.669167 0.357485 0.640833 0.352096
4 0.558333 0.097006 0.541667 0.098204 0.520000 0.108982 0.478333 0.160479 0.448333 0.189222 0.415833 0.228743 0.355833 0.232934 0.345000 0.235928 0.312500 0.269461 0.318333 0.282635 0.335000 0.301198 0.360000 0.319760 0.417500 0.347904 0.479167 0.365868 0.501667 0.368263 0.534167 0.362275 0.560833 0.335329 0.565833 0.322156 0.534167 0.292814 0.531667 0.282036 0.580000 0.219162 0.629167 0.167066 0.634167 0.156287 0.634167 0.144311 0.614167 0.117365 0.590000 0.104790
2 0.788333 0.133533 0.767500 0.112575 0.731667 0.102395 0.699167 0.100000 0.666667 0.104192 0.650000 0.110180 0.631667 0.120958 0.599167 0.154491 0.485833 0.159880 0.419167 0.167066 0.399167 0.165868 0.374167 0.170060 0.360833 0.178443 0.345000 0.204192 0.340833 0.225749 0.352500 0.266467 0.375833 0.285629 0.401667 0.291617 0.462500 0.292216 0.604167 0.283234 0.634167 0.285030 0.658333 0.312575 0.679167 0.322755 0.720833 0.328743 0.767500 0.320359 0.793333 0.303593 0.816667 0.277844 0.820833 0.237126 0.816667 0.207784
3 0.333333 0.492814 0.345000 0.517365 0.365000 0.532335 0.393333 0.532934 0.414167 0.528144 0.425000 0.520359 0.433333 0.493413 0.448333 0.482036 0.565000 0.471856 0.594167 0.474252 0.609167 0.470060 0.721667 0.461078 0.824167 0.458084 0.854167 0.450898 0.869167 0.441916 0.875000 0.414371 0.869167 0.384431 0.848333 0.374850 0.779167 0.373653 0.710833 0.387425 0.600833 0.389820 0.545833 0.397605 0.515000 0.395808 0.469167 0.400599 0.437500 0.392814 0.413333 0.359880 0.402500 0.356287 0.375833 0.357485 0.354167 0.369461 0.338333 0.389820 0.338333 0.420359 0.329167 0.445509
2 0.645833 0.199401 0.569167 0.206587 0.530833 0.217365 0.515833 0.225749 0.502500 0.241317 0.498333 0.260479 0.505833 0.329940 0.522500 0.375449 0.531667 0.453892 0.520000 0.465868 0.490833 0.465269 0.461667 0.483234 0.457500 0.495210 0.464167 0.534132 0.480833 0.552096 0.496667 0.559880 0.546667 0.561677 0.689167 0.540120 0.770833 0.518563 0.795833 0.494611 0.795000 0.458084 0.781667 0.437725 0.765000 0.428144 0.725833 0.423952 0.713333 0.409581 0.705000 0.374850 0.695833 0.362874 0.685833 0.302994 0.676667 0.280240 0.677500 0.263473 0.666667 0.241916 0.667500 0.226347 0.657500 0.207186
3 0.140000 0.504790 0.104167 0.512575 0.100000 0.532335 0.100833 0.540719 0.104167 0.543114 0.140833 0.549701 0.145833 0.555090 0.125833 0.708383 0.122500 0.765269 0.131667 0.780240 0.158333 0.785629 0.187500 0.786228 0.200833 0.774850 0.207500 0.756287 0.230000 0.558683 0.236667 0.553892 0.249167 0.555090 0.276667 0.547904 0.281667 0.528742 0.275833 0.515569 0.251667 0.508383 0.197500 0.504192
3 0.416667 0.241317 0.371667 0.262874 0.307500 0.307784 0.296667 0.323353 0.300833 0.334731 0.327500 0.351497 0.360833 0.340719 0.373333 0.341916 0.418333 0.380838 0.480833 0.418563 0.585833 0.506587 0.613333 0.523353 0.623333 0.525150 0.640833 0.517365 0.670000 0.496407 0.665833 0.479641 0.650000 0.463473 0.445833 0.297006 0.445000 0.285030 0.470000 0.267066 0.465000 0.255090 0.445833 0.238922 0.432500 0.237725
0 0.365000 0.350299 0.353333 0.357485 0.354167 0.358084 0.351667 0.360479 0.351667 0.363473 0.367500 0.374251 0.366667 0.374850 0.372500 0.379042 0.377500 0.381437 0.376667 0.382036 0.380000 0.382635 0.390000 0.389820 0.390000 0.391018 0.394167 0.392814 0.394167 0.394012 0.402500 0.399401 0.400000 0.402994 0.400833 0.403593 0.397500 0.407186 0.397500 0.410180 0.400000 0.411976 0.399167 0.412575 0.404167 0.414371 0.410833 0.414371 0.417500 0.418563 0.420833 0.422754 0.425833 0.426347 0.430833 0.428144 0.433333 0.427545 0.438333 0.424551 0.449167 0.414371 0.457500 0.410778 0.465000 0.403593 0.462500 0.400000 0.458333 0.397605 0.459167 0.397006 0.449167 0.391617 0.446667 0.388623 0.446667 0.384431 0.441667 0.380838 0.437500 0.380240 0.423333 0.384431 0.414167 0.376647 0.401667 0.369461 0.401667 0.368263 0.397500 0.366467 0.396667 0.364671 0.392500 0.362874 0.391667 0.361078 0.384167 0.357485 0.380000 0.353892 0.370000 0.349701
0 0.723333 0.271257 0.709167 0.276048 0.680833 0.277844 0.670833 0.285030 0.665833 0.297006 0.691667 0.381437 0.696667 0.429940 0.693333 0.441916 0.695833 0.455090 0.679167 0.471257 0.675833 0.479641 0.700000 0.502994 0.701667 0.514371 0.696667 0.527545 0.700833 0.543713 0.709167 0.551497 0.730000 0.556886 0.806667 0.549102 0.855000 0.537725 0.871667 0.531138 0.878333 0.511976 0.872500 0.498802 0.852500 0.477844 0.863333 0.465868 0.865000 0.456886 0.861667 0.446707 0.853333 0.441916 0.815000 0.434132 0.804167 0.427545 0.802500 0.415569 0.787500 0.386826 0.780000 0.350898 0.771667 0.337126 0.767500 0.307784 0.755833 0.282635 0.743333 0.273054
3 0.679167 0.290419 0.653333 0.241916 0.630833 0.214970 0.613333 0.201198 0.605000 0.198802 0.574167 0.208383 0.566667 0.220958 0.540000 0.235329 0.513333 0.243114 0.505000 0.248503 0.406667 0.285030 0.331667 0.307784 0.310833 0.321557 0.298333 0.335329 0.298333 0.343114 0.303333 0.355090 0.320833 0.370659 0.330833 0.373653 0.343333 0.373054 0.434167 0.346707 0.441667 0.342515 0.526667 0.317365 0.600833 0.291617 0.615000 0.292814 0.630000 0.307784 0.641667 0.314970 0.674167 0.304790
3 0.736667 0.056886 0.699167 0.043713 0.680000 0.044910 0.660000 0.052096 0.614167 0.096407 0.585000 0.132335 0.474167 0.250299 0.464167 0.255090 0.414167 0.249102 0.399167 0.257485 0.386667 0.273054 0.389167 0.296407 0.408333 0.319162 0.442500 0.336527 0.495833 0.353892 0.541667 0.359880 0.557500 0.358683 0.565000 0.354491 0.580833 0.337126 0.582500 0.324551 0.575833 0.302994 0.562500 0.291617 0.564167 0.283832 0.665833 0.181437 0.739167 0.097006 0.750000 0.073054
1 0.109167 0.107784 0.065000 0.128144 0.060833 0.156886 0.075000 0.177844 0.120000 0.182635 0.133333 0.199401 0.213333 0.865868 0.234167 0.896407 0.255000 0.903593 0.288333 0.903593 0.325000 0.894012 0.339167 0.868862 0.262500 0.189820 0.270833 0.178443 0.321667 0.164072 0.330000 0.151497 0.325833 0.128144 0.311667 0.112575 0.268333 0.101796
