0 0.742500 0.102395 0.731667 0.105389 0.730833 0.110180 0.740000 0.138323 0.738333 0.141916 0.735000 0.143713 0.734167 0.149102 0.739167 0.152096 0.740000 0.158683 0.742500 0.162275 0.745000 0.162874 0.760833 0.161078 0.770000 0.158683 0.775000 0.155689 0.775000 0.152096 0.770000 0.144910 0.772500 0.141916 0.771667 0.137725 0.768333 0.135928 0.762500 0.135928 0.760000 0.134132 0.757500 0.128743 0.757500 0.125150 0.754167 0.119760 0.754167 0.116766 0.750833 0.111377 0.750000 0.106587 0.746667 0.102994
2 0.597500 0.082635 0.586667 0.070659 0.565833 0.061677 0.508333 0.059281 0.485000 0.068862 0.465833 0.105988 0.450833 0.111976 0.394167 0.101796 0.285000 0.094012 0.260000 0.089222 0.156667 0.085030 0.135000 0.095210 0.122500 0.122754 0.116667 0.177246 0.121667 0.204192 0.129167 0.210778 0.165833 0.220958 0.210000 0.222156 0.345000 0.237725 0.440000 0.241317 0.447500 0.250898 0.449167 0.285030 0.457500 0.295808 0.478333 0.305389 0.496667 0.308982 0.555000 0.308383 0.565833 0.298802 0.572500 0.240719 0.589167 0.184431 0.601667 0.105988
4 0.391667 0.317964 0.365833 0.363473 0.353333 0.401796 0.345833 0.462275 0.359167 0.503593 0.373333 0.514970 0.400000 0.524551 0.458333 0.531737 0.486667 0.517365 0.511667 0.485030 0.526667 0.480838 0.556667 0.489820 0.598333 0.492814 0.666667 0.505389 0.758333 0.517365 0.795833 0.516766 0.826667 0.505988 0.855000 0.474252 0.862500 0.437725 0.858333 0.420359 0.850000 0.413174 0.825833 0.402395 0.810000 0.400599 0.795833 0.389820 0.771667 0.381437 0.681667 0.373653 0.629167 0.361078 0.581667 0.355090 0.559167 0.340719 0.558333 0.324551 0.540000 0.304790 0.511667 0.286228 0.452500 0.276048 0.436667 0.279042
1 0.607500 0.319760 0.525000 0.302994 0.489167 0.301796 0.473333 0.308383 0.463333 0.332934 0.475000 0.341916 0.505000 0.352096 0.305833 0.805389 0.310833 0.829940 0.346667 0.840719 0.373333 0.841916 0.395833 0.818563 0.589167 0.370659 0.600000 0.367665 0.637500 0.373054 0.650000 0.358683 0.655000 0.345509 0.649167 0.335928
3 0.106667 0.532335 0.088333 0.547904 0.056667 0.585629 0.043333 0.611377 0.043333 0.626347 0.046667 0.629341 0.080000 0.638922 0.105833 0.631737 0.114167 0.626347 0.123333 0.628144 0.179167 0.649701 0.189167 0.657485 0.202500 0.660479 0.212500 0.667665 0.225000 0.670060 0.276667 0.694012 0.352500 0.723353 0.382500 0.729940 0.397500 0.721557 0.409167 0.705988 0.414167 0.690419 0.410000 0.679641 0.398333 0.670659 0.377500 0.659880 0.280833 0.620958 0.181667 0.574850 0.160833 0.560479 0.160000 0.550299 0.165833 0.535928 0.145000 0.524551 0.130833 0.520958
3 0.574167 0.331138 0.545000 0.321557 0.527500 0.325749 0.505833 0.340719 0.500000 0.351497 0.519167 0.379042 0.516667 0.389222 0.445833 0.434731 0.391667 0.483832 0.279167 0.555090 0.216667 0.602994 0.213333 0.611377 0.223333 0.622755 0.263333 0.652096 0.289167 0.649102 0.319167 0.633533 0.595000 0.451497 0.616667 0.450898 0.648333 0.471257 0.667500 0.466467 0.693333 0.449701 0.695000 0.438323 0.688333 0.423952 0.664167 0.398802
2 0.246667 0.395808 0.215833 0.395210 0.184167 0.400000 0.154167 0.409581 0.143333 0.417964 0.145000 0.443713 0.165000 0.509581 0.175000 0.531737 0.176667 0.545509 0.175000 0.555689 0.147500 0.567665 0.133333 0.577844 0.135000 0.604192 0.137500 0.608383 0.154167 0.618563 0.197500 0.616766 0.228333 0.609581 0.257500 0.608383 0.289167 0.600000 0.342500 0.592216 0.352500 0.585030 0.350833 0.556287 0.344167 0.542515 0.337500 0.537725 0.335833 0.530539 0.327500 0.524551 0.318333 0.528742 0.306667 0.526946 0.297500 0.528742 0.292500 0.525748 0.298333 0.491617 0.291667 0.491617 0.285000 0.496407 0.279167 0.458084 0.271667 0.442515 0.275000 0.434731 0.273333 0.426946 0.261667 0.418563 0.257500 0.404790
3 0.236667 0.406587 0.211667 0.447904 0.205000 0.467665 0.195833 0.476647 0.188333 0.500599 0.193333 0.523353 0.207500 0.532335 0.225000 0.538323 0.247500 0.539521 0.281667 0.510180 0.298333 0.509581 0.313333 0.516766 0.396667 0.535928 0.475833 0.566467 0.636667 0.611377 0.663333 0.610778 0.689167 0.593413 0.701667 0.573653 0.704167 0.559281 0.699167 0.547305 0.686667 0.537725 0.599167 0.505988 0.546667 0.493413 0.536667 0.494012 0.527500 0.488024 0.510000 0.486826 0.376667 0.438922 0.364167 0.438922 0.339167 0.431138 0.330833 0.422754 0.336667 0.400599 0.317500 0.382036 0.291667 0.375449 0.273333 0.377844
0 0.110833 0.399401 0.100000 0.405988 0.098333 0.408982 0.098333 0.414970 0.108333 0.425748 0.113333 0.429341 0.115000 0.429341 0.115833 0.431737 0.120000 0.434132 0.122500 0.437725 0.137500 0.449102 0.138333 0.452695 0.135000 0.459880 0.136667 0.467066 0.140833 0.469461 0.150000 0.471257 0.153333 0.473653 0.155000 0.478443 0.164167 0.484431 0.172500 0.485629 0.175833 0.483832 0.178333 0.483832 0.191667 0.476647 0.198333 0.470060 0.203333 0.467066 0.206667 0.461078 0.205000 0.455090 0.200000 0.450898 0.194167 0.449701 0.190000 0.447305 0.189167 0.438323 0.187500 0.435928 0.182500 0.433533 0.178333 0.432934 0.169167 0.433533 0.168333 0.434731 0.162500 0.434731 0.155833 0.427545 0.148333 0.422754 0.146667 0.420359 0.143333 0.418563 0.143333 0.417365 0.130833 0.408383 0.128333 0.404790 0.123333 0.401198 0.119167 0.399401
0 0.590000 0.711976 0.593333 0.722156 0.592500 0.732934 0.594167 0.738922 0.597500 0.739521 0.615833 0.738323 0.620000 0.739521 0.623333 0.741916 0.627500 0.741317 0.631667 0.738922 0.631667 0.737126 0.634167 0.735329 0.635833 0.730539 0.648333 0.730539 0.660833 0.728743 0.668333 0.729341 0.681667 0.727545 0.685000 0.728144 0.696667 0.725748 0.700833 0.722754 0.700833 0.713174 0.699167 0.712575 0.699167 0.710778 0.695833 0.708982 0.686667 0.708982 0.681667 0.710180 0.670000 0.709581 0.664167 0.710180 0.661667 0.711377 0.654167 0.710778 0.645000 0.711976 0.635000 0.711976 0.632500 0.710180 0.630833 0.705988 0.627500 0.703593 0.622500 0.702994 0.619167 0.704192 0.615833 0.707186 0.612500 0.707784 0.593333 0.707784 0.590833 0.709581
2 0.728333 0.132934 0.705833 0.133533 0.687500 0.140120 0.665833 0.156287 0.615000 0.208383 0.587500 0.232335 0.580000 0.234132 0.550833 0.232335 0.537500 0.233533 0.525833 0.237725 0.505000 0.252096 0.490833 0.272455 0.495000 0.299401 0.517500 0.327545 0.555000 0.346707 0.626667 0.370060 0.650000 0.370659 0.662500 0.368263 0.681667 0.359880 0.700000 0.344311 0.709167 0.331737 0.712500 0.317365 0.707500 0.294611 0.702500 0.287425 0.703333 0.279042 0.735833 0.249701 0.793333 0.187425 0.792500 0.176647 0.783333 0.161078 0.764167 0.146108
0 0.765000 0.385030 0.753333 0.379641 0.721667 0.371856 0.700000 0.373054 0.673333 0.390419 0.655000 0.411976 0.624167 0.420958 0.615000 0.427545 0.606667 0.438323 0.602500 0.453892 0.610833 0.483234 0.599167 0.497006 0.540833 0.548503 0.526667 0.568263 0.528333 0.585030 0.540000 0.595808 0.555000 0.601796 0.571667 0.604790 0.589167 0.599401 0.607500 0.588024 0.639167 0.556287 0.681667 0.520958 0.723333 0.522156 0.737500 0.517365 0.753333 0.502395 0.763333 0.476647 0.777500 0.465868 0.781667 0.459281 0.797500 0.450898 0.805833 0.435928 0.804167 0.422754 0.791667 0.405988
3 0.650000 0.422754 0.633333 0.405389 0.620000 0.401198 0.594167 0.399401 0.519167 0.403593 0.342500 0.425150 0.285000 0.426347 0.255833 0.432335 0.241667 0.419162 0.237500 0.406587 0.230000 0.401796 0.193333 0.403593 0.182500 0.409581 0.177500 0.445509 0.195000 0.522754 0.211667 0.546108 0.217500 0.550299 0.233333 0.552096 0.263333 0.546707 0.268333 0.514371 0.272500 0.508982 0.282500 0.505988 0.487500 0.486228 0.520833 0.479641 0.616667 0.470060 0.635833 0.462275 0.653333 0.444311
1 0.867500 0.529940 0.840833 0.511976 0.794167 0.519760 0.172500 0.828144 0.155000 0.825749 0.118333 0.806587 0.075833 0.825749 0.075833 0.851497 0.099167 0.889222 0.131667 0.924551 0.161667 0.949102 0.197500 0.953293 0.220000 0.942515 0.235000 0.928144 0.221667 0.904790 0.226667 0.892814 0.859167 0.578443 0.878333 0.554491
0 0.468333 0.502395 0.466667 0.502395 0.465833 0.505389 0.463333 0.506587 0.465000 0.508982 0.466667 0.508383
3 0.394167 0.397006 0.381667 0.413174 0.388333 0.432934 0.427500 0.479641 0.440833 0.489222 0.517500 0.565868 0.540000 0.591617 0.545833 0.604790 0.560000 0.616766 0.560000 0.626347 0.544167 0.642515 0.549167 0.656886 0.559167 0.667665 0.571667 0.672455 0.609167 0.667665 0.640833 0.656287 0.692500 0.629940 0.711667 0.614970 0.721667 0.600000 0.722500 0.589222 0.710000 0.573054 0.692500 0.567066 0.653333 0.577246 0.643333 0.576048 0.634167 0.561677 0.600833 0.532335 0.590000 0.517964 0.475833 0.404192 0.452500 0.391018 0.433333 0.387425 0.417500 0.388623
2 0.497500 0.404790 0.472500 0.420359 0.463333 0.441317 0.465833 0.475449 0.479167 0.488024 0.532500 0.504192 0.537500 0.510180 0.529167 0.541916 0.533333 0.549701 0.530833 0.574850 0.520000 0.608982 0.519167 0.673054 0.513333 0.701796 0.522500 0.721557 0.542500 0.729940 0.572500 0.728743 0.624167 0.735329 0.665000 0.732335 0.680833 0.724551 0.692500 0.702395 0.704167 0.615569 0.717500 0.561677 0.718333 0.521557 0.728333 0.514970 0.763333 0.511377 0.783333 0.497605 0.792500 0.476647 0.789167 0.442515 0.763333 0.425748 0.709167 0.414970 0.534167 0.401796
1 0.720000 0.164671 0.675000 0.155689 0.637500 0.174251 0.508333 0.340120 0.200833 0.765269 0.185000 0.773054 0.128333 0.767665 0.102500 0.794012 0.100833 0.809581 0.137500 0.847904 0.158333 0.858084 0.271667 0.891018 0.319167 0.892814 0.340833 0.876048 0.355000 0.848503 0.320000 0.819162 0.318333 0.803593 0.737500 0.233533 0.752500 0.188623
0 0.669167 0.137725 0.637500 0.167066 0.630000 0.181437 0.636667 0.192814 0.653333 0.201198 0.666667 0.200599 0.669167 0.202395 0.674167 0.219162 0.679167 0.224551 0.689167 0.228144 0.699167 0.226347 0.711667 0.220958 0.720000 0.220958 0.755833 0.240719 0.801667 0.270659 0.818333 0.278443 0.824167 0.279641 0.831667 0.278443 0.847500 0.270060 0.850000 0.262275 0.856667 0.253892 0.855000 0.244311 0.818333 0.220359 0.803333 0.207784 0.795833 0.204192 0.788333 0.202994 0.780833 0.196407 0.774167 0.194012 0.765000 0.185629 0.768333 0.168263 0.765833 0.159880 0.760000 0.154491 0.747500 0.151497 0.735833 0.152695 0.729167 0.147305 0.723333 0.136527 0.709167 0.128144 0.697500 0.126347 0.688333 0.127545
