3 0.918333 0.507784 0.890000 0.482635 0.846667 0.453892 0.809167 0.438323 0.784167 0.439521 0.750833 0.461677 0.750000 0.504192 0.740833 0.514970 0.588333 0.588623 0.429167 0.672455 0.404167 0.697006 0.402500 0.705988 0.410833 0.719760 0.424167 0.731138 0.469167 0.746108 0.495000 0.743114 0.553333 0.717365 0.615000 0.682635 0.787500 0.603593 0.827500 0.580838 0.859167 0.589820 0.886667 0.602994 0.922500 0.592216 0.937500 0.577844 0.939167 0.547305 0.935833 0.530539
0 0.491667 0.298802 0.487500 0.298204 0.483333 0.299401 0.471667 0.305988 0.463333 0.308982 0.454167 0.314371 0.453333 0.313772 0.447500 0.316766 0.431667 0.316168 0.427500 0.318563 0.423333 0.324551 0.415833 0.324551 0.411667 0.326347 0.408333 0.329940 0.408333 0.334731 0.414167 0.342515 0.430833 0.353892 0.435000 0.353892 0.443333 0.350299 0.447500 0.345509 0.454167 0.345509 0.458333 0.341916 0.458333 0.338323 0.460000 0.336527 0.460833 0.331737 0.482500 0.320359 0.486667 0.319162 0.499167 0.311377 0.500000 0.308383 0.496667 0.304790 0.496667 0.302994
2 0.608333 0.537725 0.590000 0.540120 0.551667 0.570659 0.537500 0.594611 0.471667 0.669461 0.450000 0.702395 0.434167 0.706587 0.421667 0.701796 0.395833 0.700599 0.372500 0.707784 0.350000 0.728144 0.340000 0.753892 0.347500 0.772455 0.388333 0.800000 0.484167 0.842515 0.543333 0.864671 0.571667 0.870060 0.596667 0.865868 0.606667 0.860479 0.634167 0.829940 0.639167 0.817964 0.635833 0.803593 0.626667 0.792216 0.599167 0.773054 0.594167 0.762275 0.615000 0.746108 0.650833 0.696407 0.662500 0.689820 0.701667 0.632934 0.721667 0.611377 0.726667 0.594611 0.721667 0.580838 0.710000 0.573054 0.684167 0.565269 0.643333 0.544910
2 0.595000 0.447305 0.582500 0.450299 0.570000 0.459281 0.560833 0.473054 0.537500 0.526347 0.537500 0.540120 0.530000 0.553892 0.530000 0.562874 0.517500 0.582036 0.518333 0.589222 0.510833 0.594611 0.510000 0.602395 0.497500 0.608383 0.459167 0.605988 0.443333 0.610778 0.427500 0.631737 0.421667 0.646707 0.422500 0.659281 0.432500 0.671856 0.447500 0.678443 0.542500 0.699401 0.650000 0.715569 0.665000 0.711377 0.671667 0.705389 0.682500 0.688024 0.687500 0.671257 0.685833 0.655090 0.675000 0.647305 0.658333 0.641317 0.650833 0.635928 0.649167 0.629940 0.652500 0.625150 0.650000 0.615569 0.668333 0.571856 0.668333 0.552096 0.693333 0.487425 0.694167 0.471257 0.683333 0.462275 0.671667 0.457485 0.621667 0.447904
4 0.515000 0.497605 0.504167 0.497605 0.488333 0.504192 0.445000 0.538323 0.367500 0.613772 0.354167 0.632335 0.340000 0.643114 0.286667 0.628743 0.263333 0.644311 0.243333 0.666467 0.251667 0.684431 0.263333 0.697006 0.315000 0.730539 0.405833 0.773653 0.447500 0.780838 0.458333 0.780838 0.466667 0.776647 0.491667 0.755090 0.496667 0.744910 0.460833 0.696407 0.530833 0.629940 0.534167 0.622156 0.544167 0.616766 0.547500 0.608982 0.577500 0.584431 0.591667 0.569461 0.600000 0.553892 0.595000 0.542515 0.575833 0.526946 0.551667 0.511976
4 0.392500 0.538922 0.363333 0.585030 0.348333 0.662874 0.348333 0.718563 0.356667 0.741317 0.370000 0.758084 0.393333 0.766467 0.457500 0.771257 0.480833 0.744910 0.487500 0.729940 0.501667 0.728743 0.512500 0.720359 0.748333 0.741317 0.777500 0.738323 0.790000 0.732335 0.803333 0.694611 0.806667 0.652695 0.800000 0.632934 0.786667 0.622156 0.760000 0.614371 0.730000 0.615569 0.685000 0.607186 0.553333 0.605988 0.527500 0.602395 0.512500 0.595808 0.500833 0.560479 0.483333 0.546707 0.417500 0.532335 0.406667 0.532335
0 0.322500 0.479641 0.302500 0.503593 0.305833 0.519760 0.315833 0.527545 0.340000 0.537126 0.356667 0.547305 0.377500 0.552695 0.395000 0.565269 0.413333 0.568862 0.431667 0.580838 0.451667 0.586228 0.466667 0.597006 0.488333 0.605389 0.498333 0.614970 0.491667 0.632335 0.495000 0.643114 0.501667 0.649102 0.536667 0.649701 0.570833 0.672455 0.590000 0.678443 0.606667 0.674850 0.619167 0.666467 0.650000 0.631737 0.656667 0.616766 0.673333 0.600599 0.678333 0.588024 0.669167 0.574251 0.645000 0.565269 0.619167 0.561677 0.591667 0.537725 0.566667 0.541916 0.524167 0.540120 0.496667 0.521557 0.480833 0.519162 0.475000 0.514371 0.445833 0.505389 0.430000 0.496407 0.374167 0.483234 0.347500 0.472455 0.331667 0.474252
1 0.291667 0.167665 0.260000 0.172455 0.246667 0.183832 0.235000 0.229341 0.290833 0.874850 0.283333 0.889820 0.232500 0.905389 0.227500 0.934731 0.243333 0.964671 0.291667 0.964072 0.319167 0.972455 0.430833 0.961078 0.455000 0.949701 0.478333 0.947904 0.495000 0.928743 0.489167 0.897605 0.432500 0.886228 0.419167 0.874850 0.365000 0.254491 0.344167 0.180838 0.329167 0.171257
0 0.541667 0.468263 0.515000 0.455689 0.489167 0.455689 0.467500 0.464671 0.456667 0.478443 0.436667 0.480838 0.425000 0.485629 0.413333 0.499401 0.410833 0.509581 0.413333 0.522754 0.410833 0.530539 0.396667 0.541916 0.348333 0.570060 0.337500 0.579042 0.320833 0.588623 0.315000 0.598204 0.317500 0.610778 0.332500 0.622755 0.343333 0.626946 0.353333 0.628743 0.363333 0.626946 0.389167 0.613174 0.433333 0.583832 0.467500 0.565269 0.476667 0.566467 0.485833 0.571856 0.496667 0.572455 0.520000 0.564671 0.535833 0.543713 0.545000 0.540719 0.565000 0.528144 0.570833 0.522156 0.574167 0.512575 0.573333 0.506587 0.563333 0.489820
3 0.699167 0.413174 0.679167 0.414371 0.614167 0.428144 0.604167 0.432335 0.581667 0.435329 0.565833 0.442515 0.561667 0.450898 0.571667 0.467665 0.593333 0.470659 0.606667 0.468862 0.610833 0.471856 0.617500 0.483832 0.618333 0.496407 0.633333 0.523952 0.635833 0.535928 0.645833 0.549102 0.645833 0.559281 0.677500 0.631737 0.700000 0.657485 0.715833 0.658683 0.738333 0.654491 0.755833 0.644311 0.760000 0.635928 0.760000 0.625150 0.741667 0.582036 0.727500 0.557485 0.725000 0.546108 0.686667 0.459281 0.686667 0.452695 0.699167 0.445509 0.710000 0.442515 0.717500 0.434731 0.711667 0.419760 0.706667 0.414970
2 0.410000 0.507186 0.366667 0.546108 0.277500 0.665868 0.266667 0.697006 0.279167 0.722156 0.301667 0.734731 0.353333 0.746108 0.372500 0.740719 0.401667 0.717964 0.423333 0.707784 0.512500 0.740120 0.520000 0.746108 0.537500 0.749701 0.549167 0.758084 0.580833 0.765868 0.681667 0.801796 0.712500 0.802994 0.731667 0.791617 0.745833 0.763473 0.770000 0.737126 0.780833 0.715569 0.780000 0.692814 0.723333 0.662275 0.511667 0.582635 0.507500 0.577246 0.515000 0.544311 0.505000 0.528144 0.480833 0.514371 0.437500 0.502395
3 0.517500 0.185629 0.507500 0.187425 0.495000 0.196407 0.480000 0.222754 0.455000 0.370659 0.439167 0.432335 0.436667 0.465269 0.428333 0.471856 0.431667 0.482036 0.426667 0.486228 0.380000 0.495808 0.374167 0.504790 0.372500 0.524551 0.377500 0.535928 0.410833 0.546707 0.564167 0.560479 0.596667 0.552695 0.607500 0.528742 0.605833 0.513174 0.598333 0.507784 0.569167 0.502994 0.550833 0.495808 0.565000 0.459880 0.573333 0.420359 0.577500 0.338922 0.598333 0.241916 0.598333 0.218563 0.590833 0.204192 0.574167 0.192216 0.547500 0.192216
4 0.314167 0.653892 0.310833 0.655090 0.307500 0.654491 0.298333 0.657485 0.293333 0.665868 0.293333 0.668263 0.300000 0.672455 0.300833 0.674251 0.304167 0.675449 0.305833 0.679042 0.302500 0.686228 0.297500 0.691617 0.290000 0.704790 0.286667 0.708383 0.281667 0.719162 0.282500 0.722754 0.286667 0.727545 0.288333 0.727545 0.291667 0.729940 0.305833 0.733533 0.307500 0.732335 0.308333 0.732934 0.312500 0.731737 0.318333 0.723952 0.320000 0.723353 0.324167 0.713772 0.325833 0.713174 0.329167 0.708383 0.329167 0.706587 0.335000 0.697605 0.338333 0.694611 0.338333 0.692814 0.341667 0.690419 0.342500 0.691018 0.345833 0.689222 0.353333 0.689820 0.355000 0.688623 0.355833 0.689222 0.360000 0.688024 0.364167 0.684431 0.364167 0.682036 0.367500 0.677844 0.360000 0.670060 0.348333 0.662874 0.336667 0.658683 0.329167 0.657485 0.328333 0.656287 0.324167 0.656287 0.322500 0.655090
2 0.337500 0.573653 0.311667 0.574251 0.302500 0.576048 0.287500 0.575449 0.280833 0.576647 0.277500 0.579641 0.277500 0.583234 0.275833 0.583832 0.277500 0.587425 0.275833 0.590419 0.277500 0.594611 0.275833 0.595210 0.277500 0.602395 0.275833 0.602994 0.277500 0.605988 0.275833 0.623353 0.277500 0.660479 0.269167 0.665269 0.254167 0.667066 0.247500 0.674251 0.246667 0.683234 0.249167 0.692216 0.256667 0.698802 0.261667 0.700000 0.289167 0.700000 0.294167 0.698802 0.313333 0.698802 0.325833 0.696407 0.335833 0.697006 0.367500 0.691617 0.375000 0.686228 0.375833 0.672455 0.373333 0.663473 0.365000 0.659281 0.354167 0.660479 0.349167 0.657485 0.347500 0.640120 0.349167 0.639521 0.347500 0.635928 0.348333 0.617964 0.345833 0.611377 0.347500 0.610778 0.345833 0.593413 0.343333 0.587425 0.345000 0.586826 0.342500 0.576048
