0 0.135833 0.374850 0.141667 0.426347 0.150000 0.439521 0.159167 0.447305 0.200000 0.451497 0.246667 0.446108 0.270833 0.454491 0.296667 0.455090 0.309167 0.450299 0.325000 0.438922 0.330833 0.425150 0.345000 0.416168 0.448333 0.410180 0.519167 0.402395 0.533333 0.391018 0.537500 0.361078 0.535000 0.352096 0.525000 0.341916 0.506667 0.337725 0.464167 0.338922 0.345833 0.348503 0.326667 0.347904 0.318333 0.344910 0.291667 0.323353 0.275833 0.318563 0.248333 0.320359 0.214167 0.335928 0.190000 0.334731 0.152500 0.339521 0.141667 0.348503
4 0.550000 0.244910 0.540000 0.228144 0.528333 0.220958 0.481667 0.216766 0.470000 0.221557 0.458333 0.256886 0.452500 0.264072 0.437500 0.256287 0.418333 0.256287 0.400833 0.252695 0.362500 0.254491 0.269167 0.248503 0.245000 0.251497 0.237500 0.256886 0.238333 0.267665 0.231667 0.283234 0.235000 0.321557 0.246667 0.332934 0.261667 0.337725 0.299167 0.335329 0.333333 0.339521 0.363333 0.337725 0.435000 0.340120 0.447500 0.345509 0.452500 0.352695 0.453333 0.362275 0.466667 0.380838 0.487500 0.386228 0.517500 0.388623 0.528333 0.386826 0.545833 0.362874 0.555000 0.322755 0.555833 0.270060
3 0.625833 0.247305 0.573333 0.252695 0.522500 0.262874 0.482500 0.280240 0.475000 0.285629 0.473333 0.292814 0.485000 0.316766 0.535833 0.317365 0.542500 0.325150 0.625000 0.541317 0.644167 0.561078 0.659167 0.565269 0.670833 0.561078 0.695000 0.558683 0.710833 0.552096 0.718333 0.526946 0.650000 0.345509 0.639167 0.322755 0.628333 0.310778 0.634167 0.298802 0.667500 0.285629 0.674167 0.277844 0.663333 0.252695 0.648333 0.247904
3 0.148333 0.154491 0.100000 0.207186 0.081667 0.238922 0.078333 0.261078 0.090000 0.271257 0.122500 0.280240 0.148333 0.274850 0.163333 0.264072 0.174167 0.265269 0.200000 0.279042 0.438333 0.380838 0.485000 0.394611 0.500000 0.389820 0.519167 0.367066 0.528333 0.346108 0.523333 0.335329 0.510833 0.323952 0.226667 0.194611 0.220000 0.186826 0.229167 0.162874 0.221667 0.151497 0.198333 0.140719 0.179167 0.139521 0.159167 0.146707
2 0.630833 0.109581 0.619167 0.113772 0.605833 0.135329 0.552500 0.289820 0.542500 0.296407 0.510833 0.298802 0.496667 0.305389 0.482500 0.326347 0.479167 0.355090 0.488333 0.367665 0.502500 0.375449 0.544167 0.388024 0.636667 0.405988 0.654167 0.405988 0.708333 0.415569 0.744167 0.413174 0.759167 0.404192 0.770000 0.386826 0.773333 0.353892 0.760000 0.339521 0.727500 0.328743 0.718333 0.320359 0.716667 0.313174 0.735000 0.271856 0.739167 0.246707 0.747500 0.233533 0.767500 0.152096 0.764167 0.129940 0.746667 0.120958 0.669167 0.108383
0 0.450000 0.290419 0.454167 0.295210 0.455000 0.308982 0.462500 0.317964 0.487500 0.329341 0.518333 0.334132 0.540833 0.346108 0.550833 0.369461 0.560000 0.375449 0.575000 0.376647 0.605833 0.361677 0.620833 0.359281 0.685833 0.385030 0.713333 0.400000 0.757500 0.414970 0.781667 0.431138 0.800000 0.434731 0.811667 0.441916 0.829167 0.444311 0.841667 0.439521 0.877500 0.402395 0.848333 0.366467 0.794167 0.343114 0.783333 0.335928 0.780833 0.329940 0.763333 0.329940 0.744167 0.314371 0.739167 0.302994 0.677500 0.292216 0.675000 0.283832 0.685000 0.257485 0.673333 0.247904 0.655000 0.245509 0.642500 0.248503 0.632500 0.243713 0.615000 0.244311 0.600000 0.234132 0.593333 0.223952 0.564167 0.207784 0.544167 0.205988 0.529167 0.218563 0.519167 0.234731 0.499167 0.249701 0.476667 0.284431 0.465833 0.290419
3 0.297500 0.246108 0.286667 0.248503 0.272500 0.262275 0.202500 0.394012 0.176667 0.432335 0.170833 0.437126 0.165833 0.437725 0.157500 0.434731 0.131667 0.434731 0.125000 0.440719 0.116667 0.457485 0.122500 0.464671 0.145000 0.473653 0.190000 0.486826 0.240833 0.498204 0.260833 0.498802 0.266667 0.497006 0.276667 0.483234 0.277500 0.471257 0.255000 0.462874 0.245833 0.455090 0.278333 0.401198 0.343333 0.277844 0.343333 0.266467 0.340000 0.260479 0.320833 0.252096
3 0.740833 0.271856 0.686667 0.269461 0.626667 0.275449 0.575833 0.290419 0.568333 0.301198 0.570000 0.325749 0.594167 0.344910 0.616667 0.351497 0.623333 0.359281 0.618333 0.402994 0.612500 0.582036 0.616667 0.610778 0.625833 0.625749 0.645833 0.631737 0.678333 0.631138 0.695000 0.626946 0.712500 0.614970 0.719167 0.601796 0.723333 0.564072 0.721667 0.497006 0.731667 0.381437 0.727500 0.352096 0.784167 0.328743 0.788333 0.320359 0.786667 0.299401 0.768333 0.291617 0.748333 0.274251
0 0.470833 0.148503 0.470000 0.152695 0.471667 0.153892 0.472500 0.149701
0 0.137500 0.700000 0.129167 0.707186 0.128333 0.710180 0.123333 0.715569 0.124167 0.718563 0.128333 0.721557 0.135000 0.723353 0.135833 0.722754 0.138333 0.726946 0.141667 0.728743 0.153333 0.727545 0.184167 0.744311 0.186667 0.744910 0.190833 0.743713 0.198333 0.737725 0.197500 0.734731 0.167500 0.716766 0.165833 0.708982 0.160833 0.705988 0.154167 0.705389 0.150000 0.699401 0.146667 0.698204 0.141667 0.698204
3 0.922500 0.327545 0.903333 0.298204 0.890000 0.294012 0.860000 0.297605 0.855000 0.302395 0.849167 0.319162 0.838333 0.326946 0.809167 0.332934 0.788333 0.332934 0.768333 0.337725 0.720833 0.341317 0.681667 0.349102 0.581667 0.356886 0.536667 0.365269 0.529167 0.373653 0.534167 0.402994 0.539167 0.410778 0.545833 0.413772 0.611667 0.414371 0.680833 0.404790 0.848333 0.389222 0.860000 0.393413 0.875000 0.417365 0.886667 0.419162 0.907500 0.417365 0.921667 0.410180 0.931667 0.385629 0.930833 0.358084
3 0.505000 0.267665 0.494167 0.265269 0.477500 0.268862 0.438333 0.293413 0.320833 0.414371 0.264167 0.465269 0.245000 0.489820 0.227500 0.497605 0.223333 0.507784 0.167500 0.501796 0.143333 0.521557 0.138333 0.537725 0.165000 0.561078 0.286667 0.623952 0.326667 0.629940 0.354167 0.610180 0.361667 0.597006 0.359167 0.589820 0.323333 0.561078 0.360833 0.534132 0.395833 0.500000 0.452500 0.430539 0.537500 0.349102 0.554167 0.327545 0.558333 0.307784 0.551667 0.293413 0.528333 0.284431
