2 0.534167 0.768862 0.519167 0.798204 0.517500 0.802994 0.518333 0.804790 0.516667 0.806587 0.517500 0.811976 0.525833 0.814970 0.532500 0.816168 0.536667 0.815569 0.540833 0.811377 0.541667 0.808383 0.543333 0.807186 0.546667 0.807186 0.556667 0.810180 0.563333 0.810778 0.565833 0.811976 0.566667 0.811377 0.584167 0.815569 0.585000 0.814970 0.601667 0.819162 0.604167 0.819162 0.607500 0.817365 0.615000 0.802395 0.614167 0.795210 0.598333 0.789820 0.595000 0.789820 0.586667 0.787425 0.582500 0.787425 0.578333 0.785629 0.577500 0.786228 0.572500 0.784431 0.555833 0.781437 0.554167 0.779042 0.555833 0.777246 0.555833 0.771856 0.547500 0.767665 0.539167 0.767066
2 0.289167 0.361677 0.246667 0.356287 0.170000 0.356886 0.141667 0.367066 0.122500 0.390419 0.119167 0.416168 0.124167 0.428743 0.140833 0.446707 0.149167 0.451497 0.154167 0.459880 0.141667 0.495808 0.137500 0.524551 0.128333 0.553293 0.127500 0.569461 0.145833 0.586228 0.175833 0.595210 0.215833 0.596407 0.241667 0.585030 0.257500 0.557485 0.282500 0.467066 0.289167 0.462874 0.314167 0.456886 0.328333 0.450299 0.341667 0.433533 0.346667 0.408982 0.340833 0.395210 0.322500 0.377246
4 0.432500 0.381437 0.415833 0.403593 0.416667 0.404790 0.412500 0.409581 0.411667 0.416168 0.410000 0.417365 0.411667 0.424551 0.415833 0.429940 0.417500 0.435329 0.430000 0.442515 0.439167 0.444311 0.443333 0.446707 0.449167 0.446707 0.469167 0.434132 0.473333 0.433533 0.495000 0.441916 0.498333 0.441916 0.522500 0.450299 0.555000 0.458683 0.567500 0.455689 0.575000 0.450898 0.580000 0.445509 0.586667 0.434731 0.586667 0.425748 0.570000 0.417365 0.564167 0.416766 0.533333 0.405389 0.525000 0.404192 0.509167 0.397605 0.499167 0.396407 0.497500 0.391617 0.500000 0.388024 0.500000 0.383234 0.495833 0.377844 0.480833 0.368263 0.470000 0.364671 0.458333 0.364072 0.444167 0.372455
0 0.780833 0.258683 0.768333 0.240120 0.758333 0.233533 0.739167 0.228144 0.724167 0.227545 0.686667 0.241916 0.668333 0.229940 0.640833 0.227545 0.622500 0.230539 0.602500 0.240120 0.585833 0.243713 0.408333 0.233533 0.385000 0.244910 0.375833 0.274850 0.378333 0.285030 0.386667 0.294012 0.404167 0.300000 0.576667 0.316168 0.585833 0.325150 0.591667 0.338323 0.611667 0.352695 0.632500 0.352096 0.665000 0.341317 0.677500 0.340120 0.688333 0.343114 0.699167 0.350898 0.722500 0.355689 0.748333 0.349102 0.764167 0.339521 0.778333 0.307186
0 0.550000 0.423952 0.539167 0.412575 0.520833 0.407186 0.496667 0.411976 0.487500 0.417365 0.468333 0.411976 0.455000 0.413772 0.450000 0.416168 0.443333 0.423353 0.436667 0.438323 0.437500 0.441916 0.431667 0.445509 0.325833 0.468862 0.305000 0.475449 0.297500 0.483234 0.298333 0.494611 0.303333 0.507186 0.314167 0.514371 0.330833 0.516168 0.339167 0.513772 0.348333 0.513772 0.362500 0.508982 0.376667 0.507186 0.388333 0.502994 0.430833 0.495210 0.445000 0.491018 0.453333 0.492814 0.462500 0.500000 0.480000 0.506587 0.495833 0.504790 0.511667 0.492814 0.529167 0.489820 0.545000 0.483832 0.554167 0.477246 0.560833 0.468263 0.560833 0.455090
3 0.757500 0.650299 0.725000 0.647904 0.665833 0.652096 0.638333 0.660479 0.629167 0.671257 0.630833 0.689222 0.646667 0.700599 0.665000 0.706587 0.670000 0.714970 0.660833 0.804192 0.659167 0.894611 0.666667 0.912575 0.681667 0.919162 0.697500 0.919760 0.717500 0.916766 0.731667 0.908982 0.739167 0.894611 0.741667 0.825749 0.750000 0.737725 0.747500 0.709581 0.766667 0.701198 0.789167 0.697006 0.793333 0.692814 0.796667 0.679042 0.792500 0.668862 0.778333 0.663473 0.769167 0.655090
2 0.330833 0.131737 0.310833 0.131737 0.296667 0.136527 0.253333 0.136527 0.220833 0.145509 0.211667 0.152096 0.205833 0.173653 0.214167 0.217964 0.219167 0.289222 0.227500 0.328743 0.223333 0.332934 0.184167 0.347904 0.176667 0.372455 0.186667 0.400000 0.211667 0.414371 0.308333 0.416766 0.370833 0.410180 0.385000 0.405988 0.418333 0.404192 0.450000 0.393413 0.460000 0.380240 0.462500 0.365269 0.455000 0.335329 0.433333 0.322755 0.392500 0.317964 0.380000 0.310180 0.383333 0.291018 0.377500 0.276647 0.371667 0.239521 0.374167 0.228743 0.360000 0.179641 0.357500 0.153293 0.346667 0.137725
2 0.280000 0.496407 0.252500 0.520359 0.230833 0.546707 0.179167 0.627545 0.162500 0.666467 0.167500 0.687425 0.175833 0.698802 0.204167 0.714970 0.234167 0.722156 0.262500 0.717964 0.281667 0.700599 0.295000 0.698802 0.345000 0.716168 0.370000 0.719162 0.442500 0.751497 0.465833 0.755689 0.483333 0.765269 0.515833 0.775449 0.533333 0.785629 0.559167 0.790419 0.574167 0.788024 0.623333 0.716168 0.623333 0.702395 0.613333 0.683832 0.600000 0.674251 0.560833 0.662275 0.517500 0.640120 0.431667 0.608383 0.372500 0.577844 0.364167 0.559880 0.382500 0.541317 0.385000 0.532934 0.381667 0.519162 0.369167 0.508982 0.330000 0.492814 0.292500 0.491617
4 0.604167 0.331138 0.584167 0.345509 0.580833 0.356287 0.584167 0.368862 0.596667 0.386228 0.643333 0.434132 0.664167 0.464072 0.660000 0.474252 0.663333 0.493413 0.660833 0.502994 0.662500 0.520359 0.668333 0.534132 0.677500 0.544311 0.701667 0.557485 0.719167 0.560479 0.751667 0.559281 0.780000 0.553892 0.810833 0.542515 0.850000 0.520958 0.862500 0.508383 0.869167 0.495210 0.872500 0.468862 0.870000 0.456886 0.847500 0.434132 0.830000 0.428743 0.780833 0.426946 0.769167 0.423952 0.705833 0.352096 0.686667 0.334132 0.666667 0.320958 0.658333 0.319162 0.640000 0.320958
3 0.288333 0.569461 0.248333 0.596407 0.232500 0.612575 0.226667 0.625749 0.227500 0.635928 0.240833 0.648503 0.258333 0.652096 0.290833 0.639521 0.298333 0.640120 0.311667 0.653892 0.343333 0.674850 0.395000 0.716168 0.475833 0.774850 0.496667 0.782635 0.518333 0.783832 0.544167 0.773054 0.553333 0.758084 0.544167 0.740719 0.503333 0.704790 0.430833 0.654491 0.390833 0.622755 0.377500 0.606587 0.363333 0.597605 0.361667 0.588623 0.372500 0.573653 0.360833 0.558084 0.353333 0.552695 0.343333 0.550299 0.321667 0.554491
1 0.145000 0.264671 0.093333 0.350299 0.093333 0.362874 0.106667 0.373054 0.141667 0.379641 0.170000 0.357485 0.190833 0.358084 0.382500 0.427545 0.435000 0.454491 0.648333 0.525150 0.840833 0.597006 0.872500 0.600599 0.905833 0.578443 0.915000 0.554491 0.880000 0.529940 0.235833 0.296407 0.222500 0.282036 0.223333 0.251497 0.196667 0.235329 0.171667 0.241317
3 0.060000 0.173054 0.055000 0.176647 0.052500 0.182036 0.059167 0.191018 0.065000 0.195808 0.065000 0.197006 0.076667 0.208383 0.080000 0.213174 0.085000 0.216766 0.090000 0.223952 0.091667 0.224551 0.091667 0.225749 0.093333 0.226347 0.093333 0.227545 0.100000 0.234132 0.100833 0.237126 0.093333 0.243713 0.096667 0.249701 0.100833 0.252096 0.105833 0.251497 0.130833 0.241916 0.137500 0.237725 0.143333 0.231737 0.143333 0.229341 0.138333 0.223353 0.134167 0.223353 0.129167 0.225150 0.123333 0.225749 0.118333 0.222156 0.108333 0.211377 0.108333 0.210180 0.101667 0.204790 0.080000 0.179641 0.073333 0.173653 0.066667 0.171856
0 0.720833 0.238323 0.702500 0.230539 0.690833 0.231138 0.668333 0.238922 0.633333 0.259281 0.617500 0.259281 0.600000 0.267066 0.594167 0.273653 0.590833 0.284431 0.595000 0.297006 0.590833 0.307186 0.524167 0.343114 0.480833 0.370060 0.477500 0.380838 0.490000 0.400599 0.500000 0.408383 0.512500 0.412575 0.528333 0.409581 0.630000 0.353293 0.643333 0.347904 0.651667 0.347305 0.673333 0.353293 0.684167 0.353892 0.698333 0.350898 0.711667 0.343713 0.724167 0.323353 0.760833 0.304790 0.767500 0.293413 0.767500 0.289820 0.755833 0.271856
2 0.492500 0.380838 0.485833 0.379641 0.483333 0.380240 0.473333 0.385629 0.466667 0.391617 0.467500 0.396407 0.472500 0.399401 0.473333 0.403593 0.464167 0.410180 0.447500 0.418563 0.445000 0.420958 0.444167 0.420359 0.442500 0.422156 0.441667 0.421557 0.409167 0.443713 0.409167 0.447305 0.433333 0.466467 0.432500 0.467066 0.437500 0.470060 0.441667 0.470060 0.445000 0.468862 0.448333 0.465868 0.451667 0.465269 0.454167 0.462874 0.455000 0.463473 0.473333 0.452096 0.474167 0.452695 0.475833 0.450898 0.478333 0.450898 0.481667 0.447904 0.499167 0.438922 0.501667 0.436527 0.502500 0.437126 0.508333 0.432934 0.511667 0.432934 0.514167 0.434731 0.515000 0.434132 0.524167 0.440120 0.530000 0.440120 0.535000 0.438922 0.539167 0.435928 0.540000 0.436527 0.549167 0.428144 0.549167 0.424551 0.535000 0.410180 0.531667 0.408383 0.532500 0.407784 0.523333 0.401796 0.523333 0.400599 0.515000 0.395808 0.515833 0.395210 0.507500 0.389222
1 0.845000 0.202994 0.785833 0.177844 0.737500 0.168862 0.705833 0.184431 0.692500 0.211377 0.712500 0.228743 0.709167 0.247904 0.653333 0.289222 0.520000 0.420958 0.445000 0.471856 0.435000 0.489222 0.304167 0.588024 0.280833 0.617365 0.255833 0.630539 0.244167 0.651497 0.107500 0.742515 0.088333 0.765868 0.086667 0.791617 0.131667 0.827545 0.174167 0.836527 0.209167 0.819162 0.391667 0.673054 0.402500 0.655689 0.468333 0.614970 0.508333 0.561078 0.534167 0.559880 0.590000 0.494012 0.616667 0.483832 0.832500 0.302395 0.891667 0.313772 0.924167 0.301796 0.937500 0.269461
3 0.509167 0.111976 0.474167 0.123353 0.468333 0.131138 0.468333 0.138922 0.477500 0.155689 0.506667 0.191617 0.527500 0.222754 0.592500 0.303593 0.592500 0.313174 0.578333 0.320958 0.566667 0.331737 0.580833 0.349701 0.590000 0.352096 0.599167 0.351497 0.627500 0.343713 0.687500 0.316168 0.705833 0.304192 0.713333 0.293413 0.705000 0.281437 0.693333 0.274850 0.660833 0.277844 0.657500 0.275449 0.652500 0.265269 0.645000 0.259880 0.640833 0.247904 0.630833 0.238323 0.630833 0.229940 0.624167 0.226946 0.619167 0.215569 0.606667 0.199401 0.590833 0.186228 0.561667 0.141916 0.550000 0.129940 0.535833 0.120958 0.517500 0.112575
1 0.880000 0.510778 0.851667 0.486228 0.830000 0.483234 0.804167 0.492216 0.795000 0.500000 0.802500 0.522754 0.793333 0.532335 0.687500 0.577844 0.330833 0.703593 0.177500 0.762874 0.153333 0.780838 0.157500 0.805389 0.181667 0.826946 0.203333 0.826946 0.237500 0.817964 0.836667 0.597006 0.848333 0.598802 0.878333 0.620958 0.909167 0.613772 0.921667 0.606587 0.923333 0.582635
0 0.168333 0.263473 0.165833 0.263473 0.163333 0.261677 0.159167 0.263473 0.158333 0.262874 0.151667 0.267665 0.150833 0.267066 0.148333 0.269461 0.151667 0.276048 0.150000 0.279042 0.145833 0.279042 0.138333 0.276647 0.132500 0.277246 0.130833 0.276048 0.125833 0.276048 0.123333 0.277246 0.120833 0.280240 0.120833 0.285030 0.122500 0.285629 0.123333 0.288024 0.120833 0.292216 0.114167 0.294611 0.105833 0.300000 0.101667 0.301198 0.097500 0.304192 0.096667 0.303593 0.094167 0.305988 0.093333 0.305389 0.091667 0.307186 0.090833 0.306587 0.058333 0.323952 0.058333 0.328743 0.070000 0.339521 0.080000 0.339521 0.091667 0.333533 0.092500 0.334132 0.094167 0.332335 0.095000 0.332934 0.096667 0.331138 0.097500 0.331737 0.100000 0.329341 0.100833 0.329940 0.108333 0.325749 0.111667 0.325150 0.112500 0.323952 0.113333 0.324551 0.115000 0.322755 0.115833 0.323353 0.118333 0.320958 0.119167 0.321557 0.126667 0.317365 0.130000 0.316766 0.136667 0.312575 0.139167 0.313174 0.140000 0.311976 0.143333 0.311377 0.149167 0.313772 0.149167 0.314970 0.153333 0.317365 0.154167 0.316766 0.156667 0.318563 0.161667 0.318563 0.165000 0.316766 0.167500 0.311976 0.166667 0.311377 0.175000 0.305389 0.179167 0.304192 0.184167 0.305389 0.185000 0.304192 0.189167 0.304192 0.195833 0.300599 0.199167 0.297605 0.199167 0.295210 0.193333 0.288024 0.190833 0.286826 0.191667 0.286228 0.188333 0.284431 0.189167 0.283832 0.180833 0.278443 0.181667 0.277844 0.171667 0.270060 0.169167 0.265269 0.170000 0.264671
3 0.698333 0.491018 0.685833 0.485030 0.660000 0.482635 0.587500 0.503593 0.550000 0.528742 0.456667 0.564671 0.415833 0.572455 0.364167 0.598802 0.319167 0.611377 0.280833 0.628144 0.235833 0.631138 0.210000 0.610180 0.190000 0.601796 0.151667 0.610778 0.136667 0.626946 0.134167 0.655090 0.150833 0.683234 0.162500 0.723952 0.198333 0.776647 0.224167 0.796407 0.238333 0.800000 0.261667 0.797605 0.293333 0.782036 0.301667 0.770060 0.293333 0.732934 0.307500 0.719162 0.351667 0.707784 0.431667 0.670659 0.448333 0.668862 0.527500 0.639521 0.571667 0.617964 0.685000 0.581437 0.715833 0.564671 0.728333 0.542515
2 0.575000 0.402994 0.572500 0.404192 0.570833 0.403593 0.562500 0.405389 0.554167 0.410778 0.554167 0.413174 0.552500 0.413772 0.546667 0.423952 0.546667 0.431138 0.548333 0.435928 0.560833 0.447305 0.556667 0.464072 0.556667 0.472455 0.552500 0.488623 0.554167 0.491018 0.553333 0.492216 0.562500 0.501796 0.566667 0.501796 0.575833 0.504192 0.579167 0.503593 0.590000 0.504790 0.600000 0.501198 0.602500 0.498802 0.613333 0.457485 0.618333 0.454491 0.622500 0.454491 0.631667 0.450299 0.635833 0.445509 0.635833 0.443713 0.637500 0.443114 0.640833 0.430539 0.639167 0.428743 0.639167 0.425748 0.631667 0.417365 0.615833 0.409581 0.612500 0.409581 0.609167 0.407784 0.603333 0.407186 0.601667 0.405988 0.594167 0.405389 0.593333 0.404192
