3 0.713333 0.373653 0.706667 0.382036 0.705000 0.388024 0.710000 0.392216 0.714167 0.392814 0.715000 0.394012 0.746667 0.405389 0.747500 0.406587 0.758333 0.410180 0.759167 0.411377 0.763333 0.411976 0.766667 0.414371 0.771667 0.415569 0.775833 0.418563 0.800833 0.428144 0.805000 0.432335 0.800833 0.441317 0.801667 0.442515 0.813333 0.446707 0.817500 0.446108 0.820000 0.444311 0.823333 0.439521 0.832500 0.430539 0.841667 0.417964 0.845000 0.410180 0.845000 0.408383 0.842500 0.405389 0.838333 0.402994 0.831667 0.401198 0.829167 0.401796 0.821667 0.408383 0.820833 0.407784 0.817500 0.408982 0.808333 0.405988 0.794167 0.399401 0.783333 0.396407 0.782500 0.395210 0.764167 0.388623 0.763333 0.387425 0.755000 0.385030 0.754167 0.383832 0.750833 0.383234 0.745000 0.380240 0.736667 0.377844 0.735833 0.376647 0.731667 0.376048 0.720000 0.371856
3 0.204167 0.384431 0.206667 0.412575 0.217500 0.428144 0.227500 0.435329 0.253333 0.440719 0.291667 0.431138 0.310833 0.402395 0.325833 0.394611 0.471667 0.407186 0.491667 0.413772 0.520000 0.412575 0.772500 0.438323 0.788333 0.437126 0.809167 0.427545 0.824167 0.395210 0.826667 0.366467 0.806667 0.353293 0.730833 0.338323 0.653333 0.338922 0.585000 0.333533 0.535000 0.324551 0.463333 0.323353 0.385000 0.313174 0.348333 0.297605 0.341667 0.270060 0.328333 0.253293 0.293333 0.247305 0.270833 0.255689 0.245000 0.274850 0.235833 0.307186 0.216667 0.334132
0 0.647500 0.165868 0.638333 0.168263 0.620000 0.160479 0.600833 0.161078 0.578333 0.170659 0.559167 0.187425 0.540000 0.194012 0.520000 0.195808 0.498333 0.191018 0.480833 0.198204 0.483333 0.235329 0.476667 0.242515 0.405000 0.270659 0.345000 0.301198 0.319167 0.305389 0.287500 0.322156 0.280000 0.331737 0.281667 0.346108 0.308333 0.380838 0.363333 0.379641 0.388333 0.371257 0.418333 0.355689 0.441667 0.352695 0.444167 0.344910 0.452500 0.340120 0.476667 0.337126 0.495833 0.341317 0.499167 0.330539 0.534167 0.308383 0.544167 0.308383 0.555833 0.320359 0.575000 0.329940 0.597500 0.319162 0.606667 0.305389 0.618333 0.300000 0.629167 0.287425 0.662500 0.285629 0.693333 0.273653 0.701667 0.264072 0.695833 0.250898 0.678333 0.233533 0.665833 0.208982 0.650833 0.197605 0.639167 0.182036 0.637500 0.174251
3 0.787500 0.406587 0.749167 0.406587 0.712500 0.411976 0.705833 0.415569 0.699167 0.435329 0.701667 0.464671 0.732500 0.585030 0.760000 0.726347 0.751667 0.732934 0.701667 0.749701 0.708333 0.788623 0.720833 0.793413 0.851667 0.782036 0.920000 0.769461 0.939167 0.762275 0.948333 0.753293 0.941667 0.725150 0.934167 0.715569 0.890833 0.718563 0.870000 0.711377 0.865000 0.663473 0.820833 0.471257 0.806667 0.423353 0.796667 0.410778
3 0.605833 0.159880 0.555000 0.144910 0.522500 0.165269 0.515000 0.178443 0.546667 0.210180 0.545833 0.219760 0.469167 0.271257 0.245000 0.437725 0.233333 0.462874 0.256667 0.486826 0.286667 0.507186 0.296667 0.508982 0.318333 0.503593 0.349167 0.488024 0.636667 0.281437 0.649167 0.280838 0.660000 0.290419 0.703333 0.301198 0.732500 0.283234 0.742500 0.272455 0.742500 0.262275 0.725833 0.239521 0.666667 0.195808
1 0.180833 0.391018 0.165833 0.414371 0.186667 0.441916 0.205000 0.446108 0.249167 0.434731 0.590833 0.764671 0.680833 0.843713 0.714167 0.855689 0.750833 0.845509 0.769167 0.827545 0.768333 0.810778 0.758333 0.795808 0.700000 0.748503 0.329167 0.394611 0.355000 0.362275 0.339167 0.338922 0.325833 0.332934 0.297500 0.335329 0.235000 0.356886
4 0.269167 0.164671 0.253333 0.167066 0.241667 0.173653 0.229167 0.203593 0.234167 0.210778 0.270000 0.222754 0.275000 0.228743 0.268333 0.235928 0.268333 0.244311 0.256667 0.264072 0.250000 0.290419 0.240833 0.302994 0.220833 0.350898 0.220000 0.365269 0.228333 0.370659 0.255000 0.378443 0.297500 0.385030 0.316667 0.383832 0.327500 0.376647 0.329167 0.364072 0.352500 0.322755 0.355000 0.303593 0.367500 0.272455 0.373333 0.267066 0.373333 0.258084 0.381667 0.252096 0.395000 0.249102 0.431667 0.246108 0.444167 0.237126 0.452500 0.220958 0.454167 0.208383 0.437500 0.195210 0.380833 0.177246 0.310000 0.165269
3 0.628333 0.198802 0.609167 0.186826 0.561667 0.198802 0.557500 0.213174 0.564167 0.240719 0.560000 0.253293 0.551667 0.257485 0.520000 0.262275 0.246667 0.336527 0.175000 0.361677 0.159167 0.371856 0.151667 0.383832 0.156667 0.402994 0.174167 0.425150 0.202500 0.433533 0.235000 0.430539 0.476667 0.361078 0.528333 0.350898 0.566667 0.351497 0.610833 0.338922 0.639167 0.365868 0.651667 0.366467 0.685833 0.355689 0.693333 0.349102 0.694167 0.334731 0.684167 0.297605 0.670000 0.280240 0.645000 0.217964
2 0.252500 0.542515 0.234167 0.555090 0.221667 0.585629 0.200833 0.611377 0.191667 0.636527 0.194167 0.657485 0.256667 0.686228 0.478333 0.755689 0.481667 0.762275 0.475833 0.790419 0.489167 0.810180 0.514167 0.822156 0.558333 0.832335 0.589167 0.825749 0.625833 0.787425 0.706667 0.656886 0.714167 0.629940 0.698333 0.601796 0.677500 0.591018 0.620000 0.582036 0.601667 0.588024 0.575833 0.611976 0.554167 0.623952 0.460833 0.596407 0.420000 0.579641 0.283333 0.542515
4 0.618333 0.383234 0.594167 0.377844 0.565833 0.385629 0.407500 0.462874 0.346667 0.441916 0.327500 0.446707 0.294167 0.463473 0.290000 0.468263 0.286667 0.489820 0.295833 0.521557 0.325000 0.566467 0.350000 0.586826 0.378333 0.601198 0.429167 0.613772 0.446667 0.610180 0.477500 0.595808 0.482500 0.586228 0.473333 0.555689 0.483333 0.539521 0.636667 0.462874 0.660833 0.444311 0.660833 0.434731 0.650000 0.411976
3 0.402500 0.207186 0.375833 0.219162 0.347500 0.238323 0.349167 0.254491 0.365833 0.272455 0.550833 0.416766 0.607500 0.469461 0.607500 0.477844 0.596667 0.485030 0.580000 0.510180 0.611667 0.537725 0.628333 0.536527 0.685833 0.504192 0.751667 0.458084 0.772500 0.437725 0.777500 0.423353 0.754167 0.402994 0.740000 0.398204 0.706667 0.414371 0.690000 0.416766 0.470000 0.238922 0.435000 0.214371 0.413333 0.207186
0 0.627500 0.125749 0.623333 0.124551 0.617500 0.124551 0.612500 0.125749 0.609167 0.129940 0.610000 0.132934 0.606667 0.134132 0.601667 0.132934 0.600833 0.131737 0.588333 0.129940 0.585000 0.132335 0.585000 0.140719 0.580000 0.143713 0.572500 0.145509 0.571667 0.144910 0.567500 0.147305 0.562500 0.147904 0.560833 0.149102 0.560000 0.148503 0.555000 0.150898 0.553333 0.150299 0.543333 0.153892 0.542500 0.153293 0.537500 0.155090 0.536667 0.154491 0.529167 0.156886 0.527500 0.158084 0.526667 0.162275 0.530833 0.172455 0.535833 0.174251 0.541667 0.174251 0.552500 0.170659 0.553333 0.171257 0.558333 0.169461 0.559167 0.170060 0.575000 0.165269 0.575833 0.165868 0.580000 0.164072 0.586667 0.162874 0.587500 0.163473 0.590833 0.162275 0.594167 0.162275 0.597500 0.164671 0.596667 0.165269 0.603333 0.170060 0.607500 0.168862 0.610000 0.164072 0.613333 0.161677 0.615833 0.161677 0.620833 0.158084 0.626667 0.161078 0.633333 0.161078 0.640000 0.158683 0.641667 0.154491 0.637500 0.147305 0.638333 0.146707 0.635833 0.143114 0.636667 0.142515 0.633333 0.139521 0.633333 0.137126 0.629167 0.130539 0.630000 0.129940 0.626667 0.126347
1 0.599167 0.445509 0.565833 0.444311 0.550000 0.457485 0.391667 0.840120 0.377500 0.853892 0.344167 0.852096 0.333333 0.866467 0.333333 0.876647 0.342500 0.883832 0.368333 0.887425 0.426667 0.905988 0.463333 0.910778 0.483333 0.906587 0.486667 0.901796 0.487500 0.882036 0.464167 0.872455 0.459167 0.861677 0.620833 0.477844 0.620000 0.454491
4 0.219167 0.722754 0.210833 0.727545 0.201667 0.735928 0.202500 0.736527 0.200000 0.738323 0.200833 0.740120 0.199167 0.741916 0.200000 0.745509 0.201667 0.745509 0.201667 0.747305 0.213333 0.756886 0.223333 0.761677 0.229167 0.766467 0.232500 0.767665 0.235000 0.770659 0.255833 0.783832 0.255833 0.785030 0.260833 0.787425 0.260000 0.789820 0.261667 0.793413 0.258333 0.798802 0.259167 0.802395 0.257500 0.804790 0.259167 0.809581 0.273333 0.818563 0.275833 0.818563 0.300000 0.811976 0.303333 0.810180 0.303333 0.808982 0.314167 0.803593 0.315833 0.800599 0.320833 0.798204 0.336667 0.782635 0.338333 0.779641 0.338333 0.774252 0.340833 0.771856 0.337500 0.761677 0.336667 0.762275 0.324167 0.754491 0.320000 0.754491 0.310000 0.758683 0.307500 0.758683 0.304167 0.761078 0.299167 0.761677 0.289167 0.755689 0.285000 0.754491 0.279167 0.748503 0.275000 0.746707 0.263333 0.737725 0.259167 0.736527 0.251667 0.730539 0.240000 0.723952 0.239167 0.724551 0.234167 0.721557
3 0.497500 0.488024 0.484167 0.475449 0.463333 0.471257 0.443333 0.479641 0.435833 0.505988 0.428333 0.508982 0.165833 0.541317 0.153333 0.546707 0.149167 0.551497 0.151667 0.583234 0.155833 0.589820 0.169167 0.593413 0.219167 0.591617 0.263333 0.580838 0.335000 0.574251 0.379167 0.565868 0.391667 0.567066 0.425000 0.563473 0.442500 0.565269 0.450000 0.570659 0.451667 0.577844 0.460833 0.588623 0.474167 0.592814 0.481667 0.591617 0.499167 0.580240 0.506667 0.565269 0.507500 0.528144
4 0.463333 0.034731 0.430000 0.043713 0.389167 0.063473 0.373333 0.077246 0.373333 0.088623 0.388333 0.102395 0.413333 0.142515 0.432500 0.158683 0.460000 0.191018 0.461667 0.198802 0.471667 0.205389 0.472500 0.213772 0.465000 0.224551 0.440833 0.247904 0.440000 0.260479 0.460000 0.286826 0.466667 0.290419 0.495833 0.289820 0.540833 0.277246 0.622500 0.240120 0.655833 0.215569 0.665833 0.203593 0.666667 0.193413 0.639167 0.161078 0.623333 0.162275 0.589167 0.172455 0.578333 0.169461 0.575833 0.161078 0.567500 0.155689 0.553333 0.132934 0.529167 0.109581 0.520000 0.092216 0.483333 0.046707 0.470000 0.036527
0 0.279167 0.834132 0.274167 0.846707 0.275000 0.848503 0.272500 0.856287 0.273333 0.865269 0.275833 0.866467 0.275000 0.867066 0.300833 0.871257 0.305833 0.875449 0.310833 0.877245 0.314167 0.876048 0.319167 0.876048 0.321667 0.874850 0.321667 0.873653 0.325000 0.871856 0.325000 0.870060 0.330000 0.867066 0.336667 0.867066 0.343333 0.868862 0.345833 0.868263 0.352500 0.870060 0.355833 0.869461 0.362500 0.871257 0.365000 0.870659 0.371667 0.872455 0.374167 0.871856 0.380833 0.873653 0.390000 0.873653 0.393333 0.874850 0.397500 0.874850 0.400833 0.873054 0.401667 0.873653 0.405833 0.869461 0.405833 0.865269 0.408333 0.860479 0.408333 0.857485 0.403333 0.853293 0.382500 0.849102 0.380000 0.849701 0.364167 0.846108 0.361667 0.846707 0.352500 0.844311 0.340000 0.843713 0.336667 0.842515 0.334167 0.843114 0.328333 0.836527 0.329167 0.835928 0.327500 0.833533 0.325833 0.833533 0.323333 0.831138 0.314167 0.829341 0.305000 0.832934 0.299167 0.830539 0.285000 0.829341
4 0.465833 0.169461 0.450833 0.170659 0.436667 0.179042 0.359167 0.285030 0.354167 0.295808 0.342500 0.300000 0.295833 0.297006 0.284167 0.306587 0.271667 0.326347 0.285000 0.349701 0.312500 0.367665 0.365000 0.388024 0.400833 0.398802 0.438333 0.404790 0.449167 0.403593 0.463333 0.397605 0.474167 0.381437 0.480833 0.376647 0.483333 0.367665 0.458333 0.341317 0.455000 0.329341 0.469167 0.301796 0.483333 0.284431 0.497500 0.259880 0.507500 0.251497 0.515000 0.236527 0.526667 0.222754 0.534167 0.205988 0.528333 0.195808 0.491667 0.176647
0 0.650000 0.606587 0.630833 0.603593 0.585833 0.626946 0.570833 0.642515 0.567500 0.654491 0.557500 0.662874 0.526667 0.711976 0.522500 0.714371 0.502500 0.711976 0.499167 0.725748 0.504167 0.739521 0.501667 0.741317 0.478333 0.741317 0.462500 0.736527 0.440833 0.738323 0.434167 0.745509 0.435000 0.756886 0.425000 0.765868 0.431667 0.776048 0.430833 0.785030 0.417500 0.788623 0.405833 0.796407 0.382500 0.822755 0.385000 0.832934 0.390833 0.837725 0.418333 0.848503 0.444167 0.864072 0.481667 0.877245 0.498333 0.888623 0.533333 0.889820 0.562500 0.832335 0.569167 0.829341 0.592500 0.829940 0.608333 0.825150 0.610000 0.813772 0.605000 0.805389 0.580000 0.782635 0.650833 0.699401 0.655833 0.685030 0.676667 0.667066 0.694167 0.644311 0.690833 0.626347
