3 0.441667 0.289820 0.372500 0.321557 0.315833 0.354491 0.269167 0.390419 0.257500 0.407784 0.294167 0.444311 0.308333 0.443713 0.352500 0.426347 0.370833 0.431138 0.417500 0.480838 0.610833 0.664072 0.652500 0.692814 0.670000 0.696407 0.686667 0.693413 0.747500 0.662874 0.751667 0.654491 0.740833 0.627545 0.470833 0.368263 0.472500 0.360479 0.486667 0.352096 0.507500 0.325749 0.485833 0.298204 0.468333 0.287425
2 0.300000 0.571856 0.243333 0.598204 0.121667 0.682635 0.104167 0.704790 0.105833 0.717365 0.125000 0.740120 0.152500 0.755090 0.176667 0.755090 0.204167 0.737126 0.216667 0.735928 0.234167 0.741916 0.294167 0.791018 0.385833 0.852096 0.408333 0.871257 0.425000 0.877844 0.436667 0.877844 0.454167 0.870060 0.526667 0.816168 0.531667 0.804192 0.512500 0.779641 0.483333 0.762874 0.345000 0.661078 0.338333 0.652096 0.339167 0.644910 0.365000 0.613772 0.360000 0.601198 0.332500 0.580240 0.315833 0.573054
2 0.363333 0.143114 0.339167 0.161677 0.312500 0.174850 0.298333 0.186826 0.290833 0.202994 0.315000 0.231737 0.433333 0.333533 0.415000 0.358683 0.415833 0.371856 0.427500 0.386826 0.450833 0.402395 0.473333 0.405389 0.518333 0.387425 0.625833 0.323353 0.645833 0.305988 0.649167 0.298802 0.648333 0.283234 0.640000 0.272455 0.606667 0.252096 0.590000 0.252096 0.562500 0.261677 0.543333 0.264072 0.519167 0.241916 0.508333 0.235928 0.504167 0.229341 0.493333 0.223353 0.490833 0.217365 0.480000 0.211377 0.475833 0.204192 0.401667 0.146707 0.382500 0.139521
0 0.463333 0.574850 0.430833 0.592814 0.428333 0.611377 0.445000 0.630539 0.470000 0.646108 0.558333 0.721557 0.597500 0.749102 0.596667 0.761677 0.580833 0.771856 0.571667 0.785629 0.585833 0.792216 0.623333 0.797006 0.630833 0.809581 0.633333 0.824551 0.658333 0.841916 0.678333 0.845509 0.702500 0.837725 0.725000 0.824551 0.777500 0.782635 0.786667 0.767665 0.785833 0.752695 0.762500 0.733533 0.740000 0.723353 0.738333 0.695210 0.710833 0.696407 0.672500 0.683234 0.663333 0.670060 0.650833 0.661677 0.644167 0.649701 0.624167 0.633533 0.539167 0.576048 0.511667 0.565269 0.485000 0.566467
3 0.419167 0.694611 0.405833 0.723952 0.408333 0.731138 0.420833 0.740719 0.443333 0.747305 0.455833 0.746707 0.484167 0.729341 0.497500 0.729341 0.525833 0.744910 0.560833 0.755090 0.647500 0.795210 0.681667 0.806587 0.755833 0.842515 0.784167 0.850299 0.801667 0.847904 0.824167 0.829341 0.835000 0.815569 0.835833 0.807186 0.829167 0.795808 0.785833 0.772455 0.750000 0.765269 0.681667 0.735928 0.663333 0.723353 0.625833 0.711976 0.591667 0.694012 0.568333 0.686228 0.547500 0.667066 0.555833 0.647904 0.555833 0.637725 0.551667 0.631737 0.534167 0.623353 0.515000 0.622755 0.493333 0.630539 0.474167 0.648503 0.445833 0.667665
2 0.296667 0.565868 0.265833 0.637725 0.264167 0.664671 0.274167 0.682635 0.335833 0.704790 0.370000 0.707784 0.510000 0.738323 0.567500 0.746108 0.578333 0.755689 0.575000 0.768862 0.580833 0.789820 0.599167 0.805988 0.627500 0.815569 0.667500 0.819162 0.703333 0.809581 0.736667 0.765269 0.773333 0.677245 0.790000 0.622755 0.790000 0.598204 0.775000 0.578443 0.744167 0.565868 0.689167 0.559880 0.662500 0.570060 0.633333 0.603593 0.614167 0.612575 0.586667 0.601198 0.347500 0.556886 0.310833 0.558084
1 0.520833 0.315569 0.494167 0.325749 0.488333 0.347305 0.618333 0.762874 0.638333 0.810778 0.630833 0.820359 0.596667 0.836527 0.600000 0.856287 0.606667 0.867665 0.634167 0.874251 0.735000 0.864072 0.772500 0.853293 0.785833 0.837126 0.784167 0.824551 0.772500 0.807784 0.743333 0.805988 0.729167 0.799401 0.695833 0.714371 0.575833 0.334731 0.556667 0.316766
4 0.903333 0.561677 0.887500 0.565868 0.883333 0.567665 0.879167 0.571257 0.881667 0.577844 0.884167 0.580838 0.884167 0.583234 0.890833 0.591617 0.890833 0.594012 0.901667 0.612575 0.896667 0.617365 0.892500 0.618563 0.889167 0.620958 0.889167 0.623952 0.891667 0.626347 0.893333 0.631138 0.895833 0.632934 0.910833 0.632335 0.917500 0.629940 0.927500 0.628144 0.945000 0.621557 0.955000 0.614371 0.954167 0.608982 0.949167 0.603593 0.940833 0.603593 0.935000 0.604790 0.930833 0.602395 0.929167 0.597006 0.922500 0.587425 0.920833 0.581437 0.916667 0.576048 0.916667 0.573653 0.911667 0.568263 0.910833 0.565868 0.905833 0.562275
3 0.716667 0.305389 0.689167 0.264671 0.660833 0.234132 0.616667 0.205988 0.592500 0.206587 0.552500 0.223353 0.535833 0.268862 0.521667 0.279042 0.327500 0.329341 0.126667 0.388623 0.090000 0.410180 0.085000 0.418563 0.089167 0.438922 0.110833 0.461078 0.140000 0.476048 0.171667 0.477844 0.273333 0.453293 0.322500 0.435928 0.539167 0.383832 0.590833 0.367066 0.621667 0.382635 0.641667 0.400599 0.690000 0.397605 0.710000 0.386228 0.722500 0.359281 0.727500 0.337126
0 0.541667 0.369461 0.530833 0.368263 0.517500 0.374251 0.508333 0.404192 0.495833 0.415569 0.480000 0.419760 0.474167 0.423952 0.472500 0.432335 0.480833 0.443114 0.491667 0.451497 0.491667 0.457485 0.472500 0.491617 0.457500 0.511976 0.451667 0.526946 0.439167 0.537725 0.429167 0.558084 0.428333 0.564671 0.433333 0.572455 0.472500 0.586826 0.481667 0.583832 0.505000 0.568862 0.513333 0.559880 0.527500 0.535329 0.540833 0.530539 0.535000 0.523353 0.550833 0.511377 0.559167 0.508383 0.557500 0.500000 0.561667 0.486228 0.569167 0.479641 0.598333 0.479641 0.606667 0.471856 0.603333 0.455689 0.605833 0.440120 0.624167 0.429940 0.635833 0.413772 0.636667 0.408383 0.632500 0.401198 0.581667 0.381437 0.565000 0.378443
0 0.172500 0.064072 0.166667 0.066467 0.167500 0.067066 0.165833 0.068263 0.165000 0.071257 0.165000 0.083832 0.163333 0.089820 0.164167 0.106587 0.161667 0.109581 0.158333 0.110180 0.158333 0.111377 0.153333 0.114970 0.154167 0.115569 0.151667 0.117964 0.152500 0.121557 0.155000 0.124551 0.155000 0.129341 0.152500 0.133533 0.152500 0.139521 0.155833 0.144910 0.164167 0.145509 0.165833 0.146707 0.168333 0.146108 0.170000 0.147305 0.189167 0.147305 0.196667 0.146108 0.202500 0.143713 0.204167 0.140120 0.204167 0.134132 0.200000 0.128144 0.201667 0.125150 0.200833 0.124551 0.207500 0.116766 0.205833 0.112575 0.199167 0.107784 0.195833 0.107784 0.192500 0.105988 0.192500 0.070659 0.190000 0.066467 0.189167 0.067066 0.185833 0.064671
3 0.430000 0.629341 0.354167 0.612575 0.322500 0.613174 0.308333 0.621557 0.300833 0.643713 0.326667 0.668263 0.326667 0.674251 0.265000 0.771257 0.215833 0.858084 0.211667 0.883234 0.225833 0.894012 0.245000 0.899401 0.266667 0.900599 0.278333 0.898802 0.290833 0.891018 0.315833 0.855689 0.335000 0.817365 0.395833 0.724551 0.409167 0.696407 0.419167 0.691617 0.455833 0.692814 0.466667 0.687425 0.472500 0.680239 0.477500 0.665269 0.456667 0.641317
3 0.410833 0.300000 0.400000 0.304192 0.392500 0.317365 0.401667 0.369461 0.429167 0.413772 0.447500 0.457485 0.454167 0.488623 0.479167 0.534132 0.493333 0.577844 0.489167 0.605988 0.460000 0.620359 0.445833 0.634132 0.450000 0.655689 0.469167 0.667066 0.496667 0.674850 0.539167 0.668862 0.576667 0.670659 0.648333 0.657485 0.670000 0.648503 0.683333 0.635928 0.683333 0.612575 0.658333 0.593413 0.622500 0.592814 0.605000 0.585629 0.569167 0.496407 0.570000 0.482036 0.560833 0.471257 0.547500 0.429341 0.531667 0.398204 0.504167 0.316168 0.493333 0.301796 0.477500 0.292814 0.460833 0.292216
2 0.740000 0.567665 0.727500 0.569461 0.694167 0.589820 0.643333 0.632335 0.601667 0.661677 0.594167 0.672455 0.574167 0.689820 0.563333 0.689222 0.542500 0.680239 0.521667 0.683234 0.505000 0.691617 0.482500 0.710778 0.480833 0.717964 0.485833 0.732335 0.547500 0.782036 0.602500 0.811377 0.620000 0.824551 0.644167 0.834731 0.661667 0.835329 0.671667 0.832934 0.704167 0.809581 0.710833 0.800599 0.710833 0.787425 0.687500 0.761677 0.687500 0.753892 0.697500 0.743713 0.711667 0.735928 0.731667 0.714371 0.765000 0.691617 0.805000 0.652096 0.825000 0.636527 0.830833 0.624551 0.821667 0.609581 0.800833 0.600599 0.776667 0.581437 0.760000 0.573054
3 0.589167 0.297605 0.510000 0.312575 0.407500 0.340719 0.371667 0.355689 0.357500 0.370060 0.368333 0.397605 0.380833 0.408982 0.422500 0.402994 0.447500 0.406587 0.575000 0.681437 0.590000 0.705988 0.620000 0.725150 0.655833 0.720958 0.698333 0.709581 0.705000 0.701796 0.706667 0.682036 0.594167 0.448503 0.569167 0.379641 0.569167 0.371257 0.576667 0.365868 0.590833 0.362874 0.624167 0.341916 0.608333 0.302994
0 0.673333 0.179042 0.667500 0.179042 0.665000 0.180838 0.660833 0.189820 0.661667 0.190419 0.654167 0.195808 0.655833 0.200599 0.661667 0.204192 0.662500 0.206587 0.656667 0.220359 0.657500 0.220958 0.655000 0.224551 0.655833 0.225150 0.653333 0.228743 0.651667 0.237126 0.656667 0.240719 0.664167 0.242515 0.668333 0.241916 0.670833 0.239521 0.675833 0.229940 0.675000 0.229341 0.679167 0.222754 0.684167 0.208383 0.690833 0.205988 0.691667 0.206587 0.695833 0.202994 0.696667 0.198802 0.695000 0.197605 0.695000 0.195210 0.696667 0.194012 0.697500 0.189820 0.699167 0.188024 0.697500 0.185030 0.694167 0.183234
4 0.393333 0.164072 0.372500 0.174251 0.359167 0.194012 0.339167 0.370060 0.266667 0.405389 0.261667 0.413772 0.255833 0.459281 0.272500 0.470659 0.301667 0.482635 0.346667 0.494611 0.427500 0.502395 0.523333 0.496407 0.545833 0.490419 0.575000 0.473653 0.583333 0.458084 0.585833 0.435928 0.580833 0.412575 0.525000 0.394012 0.510833 0.381437 0.514167 0.347904 0.510833 0.335329 0.527500 0.216766 0.525833 0.200000 0.515000 0.185629 0.471667 0.163473 0.430833 0.159880
2 0.577500 0.582635 0.574167 0.583832 0.568333 0.582036 0.564167 0.582635 0.563333 0.583832 0.557500 0.584431 0.550000 0.589820 0.543333 0.598204 0.543333 0.603593 0.547500 0.610778 0.551667 0.613174 0.550833 0.619760 0.533333 0.635928 0.530833 0.636527 0.527500 0.640719 0.515000 0.649701 0.508333 0.657485 0.500833 0.662275 0.490000 0.675449 0.500833 0.686826 0.519167 0.696407 0.532500 0.701198 0.540000 0.699401 0.549167 0.692216 0.552500 0.691617 0.602500 0.649701 0.609167 0.649102 0.622500 0.653892 0.634167 0.650898 0.640000 0.647305 0.648333 0.638323 0.648333 0.635329 0.650000 0.634132 0.650000 0.626347 0.619167 0.603593 0.607500 0.597605 0.606667 0.595808
3 0.057500 0.194012 0.055000 0.218563 0.062500 0.228144 0.075833 0.234731 0.133333 0.246108 0.176667 0.251497 0.292500 0.274850 0.315000 0.276048 0.329167 0.307784 0.335000 0.310778 0.355833 0.313772 0.368333 0.304790 0.386667 0.298204 0.390833 0.294012 0.400833 0.268263 0.404167 0.238323 0.396667 0.209581 0.388333 0.204790 0.365833 0.201796 0.359167 0.202994 0.343333 0.210180 0.331667 0.221557 0.323333 0.223353 0.289167 0.215569 0.114167 0.185030 0.078333 0.182635 0.067500 0.184431
1 0.090000 0.607186 0.051667 0.671856 0.053333 0.688623 0.045000 0.702994 0.056667 0.718563 0.090833 0.729341 0.128333 0.703593 0.141667 0.702395 0.766667 0.935329 0.864167 0.961677 0.882500 0.959281 0.901667 0.943713 0.912500 0.923353 0.907500 0.911377 0.853333 0.879042 0.199167 0.637126 0.186667 0.627545 0.192500 0.594012 0.167500 0.579042 0.130000 0.573653 0.110833 0.597006
