3 0.573333 0.666467 0.555000 0.661078 0.520833 0.684431 0.544167 0.720359 0.542500 0.727545 0.498333 0.752096 0.278333 0.895210 0.267500 0.908982 0.268333 0.922754 0.285000 0.942515 0.307500 0.958683 0.328333 0.962275 0.345000 0.957485 0.450833 0.891617 0.508333 0.849102 0.582500 0.804192 0.603333 0.785629 0.615833 0.783234 0.638333 0.798802 0.652500 0.802994 0.684167 0.788024 0.690000 0.782036 0.688333 0.765868 0.669167 0.741916
1 0.183333 0.467066 0.171667 0.488623 0.198333 0.513174 0.683333 0.714371 0.760000 0.741916 0.767500 0.752695 0.760833 0.782635 0.773333 0.792216 0.790000 0.796407 0.802500 0.794012 0.836667 0.767066 0.883333 0.698204 0.885833 0.684431 0.871667 0.674251 0.847500 0.667066 0.818333 0.688024 0.806667 0.689222 0.632500 0.615569 0.567500 0.592814 0.535833 0.575449 0.261667 0.461078 0.231667 0.452096 0.204167 0.450898
3 0.234167 0.374850 0.227500 0.416168 0.241667 0.510778 0.261667 0.551497 0.272500 0.556886 0.320833 0.555689 0.353333 0.508982 0.387500 0.511976 0.399167 0.507784 0.434167 0.512575 0.460833 0.507186 0.480833 0.514970 0.494167 0.509581 0.527500 0.513174 0.540000 0.505389 0.571667 0.511377 0.623333 0.504192 0.736667 0.505988 0.780000 0.499401 0.841667 0.473054 0.836667 0.462275 0.842500 0.433533 0.839167 0.415569 0.815833 0.399401 0.685000 0.400000 0.343333 0.412575 0.321667 0.404192 0.315000 0.374850 0.303333 0.361078 0.260000 0.359880 0.244167 0.364072
0 0.453333 0.091018 0.432500 0.095210 0.421667 0.110180 0.388333 0.261078 0.379167 0.270659 0.352500 0.270659 0.334167 0.277246 0.333333 0.287425 0.347500 0.295808 0.350833 0.301796 0.333333 0.335928 0.331667 0.346108 0.335833 0.359880 0.355000 0.367665 0.477500 0.380240 0.490000 0.368862 0.490833 0.335928 0.496667 0.323353 0.516667 0.305389 0.510833 0.297605 0.494167 0.287425 0.495833 0.272455 0.504167 0.262874 0.502500 0.252695 0.506667 0.246108 0.498333 0.237126 0.510833 0.214970 0.501667 0.206587 0.508333 0.197006 0.506667 0.177246 0.513333 0.162874 0.510000 0.143114 0.510000 0.120359 0.513333 0.113174 0.506667 0.101796 0.500000 0.097605
4 0.827500 0.287425 0.805833 0.282036 0.768333 0.289222 0.592500 0.350898 0.558333 0.366467 0.541667 0.359880 0.514167 0.336527 0.495833 0.328743 0.437500 0.347904 0.423333 0.359281 0.417500 0.373054 0.420000 0.413174 0.435833 0.447305 0.477500 0.496407 0.551667 0.550898 0.585000 0.552695 0.604167 0.547305 0.631667 0.531737 0.641667 0.505389 0.640833 0.467665 0.662500 0.462874 0.732500 0.434731 0.751667 0.430539 0.873333 0.382036 0.883333 0.361677 0.883333 0.350299 0.855000 0.307186
3 0.631667 0.590419 0.609167 0.590419 0.591667 0.603593 0.580833 0.617365 0.543333 0.701796 0.535000 0.734132 0.519167 0.771856 0.497500 0.811377 0.496667 0.824551 0.488333 0.827545 0.454167 0.826946 0.443333 0.830539 0.433333 0.852096 0.433333 0.858084 0.440833 0.865868 0.462500 0.878443 0.502500 0.892216 0.558333 0.903593 0.612500 0.900000 0.620000 0.892814 0.626667 0.873054 0.617500 0.862874 0.590833 0.849701 0.587500 0.839521 0.600833 0.813772 0.676667 0.623353 0.671667 0.604192 0.660000 0.596407 0.648333 0.596407
0 0.488333 0.554491 0.468333 0.562874 0.462500 0.571257 0.461667 0.588024 0.474167 0.621557 0.477500 0.642515 0.485833 0.659880 0.482500 0.666467 0.464167 0.678443 0.457500 0.690419 0.460833 0.705988 0.481667 0.726946 0.484167 0.751497 0.498333 0.770060 0.511667 0.775449 0.533333 0.777844 0.565833 0.775449 0.586667 0.770060 0.605000 0.760479 0.610000 0.754491 0.611667 0.735928 0.608333 0.724551 0.599167 0.711377 0.599167 0.707186 0.608333 0.692814 0.606667 0.678443 0.592500 0.662874 0.557500 0.649701 0.536667 0.588623 0.535833 0.579042 0.525000 0.561677 0.509167 0.553892
1 0.342500 0.438323 0.315833 0.456287 0.312500 0.474850 0.327500 0.489820 0.338333 0.494012 0.363333 0.485629 0.373333 0.488623 0.440833 0.543713 0.734167 0.825150 0.761667 0.839521 0.793333 0.831737 0.809167 0.820958 0.811667 0.811976 0.792500 0.782635 0.445000 0.454491 0.445833 0.446707 0.466667 0.425748 0.454167 0.408383 0.444167 0.401796 0.415000 0.404192
0 0.828333 0.491617 0.817500 0.502395 0.807500 0.508383 0.802500 0.513772 0.805000 0.516766 0.817500 0.523952 0.820000 0.530539 0.823333 0.532335 0.827500 0.532934 0.836667 0.530539 0.839167 0.528742 0.844167 0.531737 0.843333 0.532335 0.847500 0.534132 0.846667 0.534731 0.852500 0.537126 0.877500 0.553293 0.887500 0.557485 0.890833 0.557485 0.891667 0.556287 0.892500 0.556886 0.901667 0.550299 0.900833 0.549701 0.903333 0.547305 0.902500 0.544910 0.897500 0.541916 0.898333 0.541317 0.892500 0.538922 0.884167 0.532335 0.872500 0.526347 0.864167 0.519760 0.856667 0.515569 0.860833 0.508383 0.858333 0.503593 0.854167 0.502395 0.849167 0.502994 0.843333 0.500000 0.841667 0.497605 0.832500 0.491617
3 0.570833 0.317365 0.555833 0.307784 0.546667 0.307784 0.542500 0.313174 0.543333 0.319760 0.539167 0.324551 0.505833 0.323952 0.432500 0.327545 0.404167 0.326347 0.393333 0.329341 0.390000 0.332335 0.389167 0.345509 0.390833 0.350299 0.394167 0.352695 0.405833 0.355689 0.415000 0.354491 0.425833 0.355689 0.435000 0.354491 0.444167 0.355090 0.447500 0.353892 0.455833 0.355090 0.460000 0.353293 0.471667 0.353892 0.472500 0.352695 0.490833 0.353293 0.493333 0.352096 0.522500 0.352695 0.535833 0.351497 0.540833 0.354491 0.540000 0.356886 0.542500 0.365269 0.549167 0.367665 0.556667 0.367066 0.564167 0.362874 0.566667 0.356886 0.567500 0.340719 0.569167 0.338323 0.568333 0.329341 0.570833 0.321557 0.569167 0.318563
0 0.456667 0.147305 0.444167 0.143114 0.433333 0.143114 0.381667 0.164671 0.326667 0.198802 0.310833 0.212575 0.281667 0.231138 0.266667 0.231138 0.242500 0.222156 0.226667 0.225150 0.218333 0.231737 0.216667 0.249102 0.212500 0.253892 0.201667 0.257485 0.187500 0.255689 0.165000 0.266467 0.150000 0.281437 0.154167 0.295808 0.191667 0.329940 0.238333 0.362275 0.255000 0.368263 0.268333 0.365868 0.292500 0.351497 0.309167 0.330539 0.321667 0.329341 0.337500 0.332335 0.350833 0.325150 0.355833 0.315569 0.345000 0.288623 0.345833 0.280240 0.357500 0.276647 0.440000 0.220359 0.465000 0.207186 0.485000 0.188623 0.486667 0.180838 0.481667 0.169461
4 0.173333 0.500000 0.142500 0.510180 0.113333 0.528742 0.106667 0.537126 0.105000 0.553892 0.110000 0.566467 0.214167 0.705389 0.185000 0.752695 0.185000 0.767066 0.211667 0.804192 0.235833 0.806587 0.296667 0.801198 0.366667 0.779042 0.440000 0.739521 0.464167 0.711377 0.466667 0.697605 0.462500 0.686228 0.445000 0.663473 0.430000 0.652695 0.377500 0.658084 0.355000 0.653892 0.323333 0.619760 0.241667 0.509581 0.223333 0.501796
1 0.360833 0.055689 0.329167 0.068862 0.321667 0.083234 0.338333 0.140719 0.687500 0.712575 0.688333 0.728144 0.648333 0.755689 0.655833 0.782036 0.685833 0.807784 0.728333 0.795808 0.755833 0.798204 0.858333 0.759281 0.875833 0.742515 0.895833 0.735329 0.902500 0.713772 0.882500 0.686228 0.820833 0.689222 0.808333 0.683832 0.475000 0.134132 0.410833 0.056886 0.395833 0.051497
4 0.202500 0.666467 0.190833 0.687425 0.185833 0.711976 0.200833 0.733533 0.228333 0.749102 0.331667 0.790419 0.391667 0.821557 0.418333 0.841317 0.450000 0.899401 0.495833 0.922156 0.528333 0.927545 0.585000 0.905389 0.609167 0.890419 0.652500 0.849701 0.678333 0.814371 0.693333 0.767066 0.691667 0.746108 0.670833 0.716766 0.620833 0.694012 0.595000 0.691617 0.554167 0.711377 0.512500 0.724551 0.397500 0.673054 0.314167 0.641317 0.261667 0.637126 0.223333 0.650898
4 0.785000 0.713772 0.767500 0.702395 0.755000 0.700000 0.732500 0.700599 0.673333 0.722156 0.650833 0.732934 0.591667 0.752096 0.570833 0.753293 0.562500 0.750299 0.515000 0.746108 0.499167 0.747904 0.478333 0.757485 0.460833 0.770060 0.449167 0.797605 0.449167 0.814371 0.454167 0.829341 0.470000 0.854491 0.495833 0.882036 0.509167 0.889820 0.533333 0.898204 0.562500 0.902994 0.588333 0.901796 0.625000 0.889222 0.633333 0.880240 0.635833 0.858683 0.642500 0.850299 0.645000 0.835329 0.650000 0.830539 0.755833 0.788623 0.792500 0.770060 0.801667 0.757485 0.795000 0.728743
3 0.650000 0.400000 0.545833 0.404790 0.470833 0.423353 0.444167 0.440719 0.450833 0.469461 0.485833 0.496407 0.484167 0.517365 0.493333 0.523353 0.500000 0.539521 0.500000 0.561078 0.510000 0.569461 0.505833 0.589222 0.516667 0.596407 0.520833 0.643114 0.530000 0.662874 0.527500 0.705988 0.538333 0.726347 0.540833 0.749102 0.564167 0.788024 0.580000 0.801198 0.595000 0.807186 0.659167 0.790419 0.672500 0.770060 0.626667 0.482635 0.632500 0.471257 0.678333 0.456886 0.686667 0.440719 0.681667 0.417964 0.675000 0.410180
1 0.907500 0.381437 0.877500 0.352096 0.835000 0.342515 0.810000 0.348503 0.785833 0.361677 0.780000 0.395808 0.770833 0.406587 0.208333 0.578443 0.190000 0.592814 0.151667 0.597006 0.137500 0.608982 0.120000 0.607784 0.076667 0.621557 0.055833 0.633533 0.044167 0.650299 0.052500 0.682635 0.073333 0.696407 0.100000 0.697006 0.125833 0.687425 0.163333 0.686826 0.222500 0.673054 0.369167 0.625749 0.439167 0.595210 0.592500 0.555090 0.717500 0.514970 0.761667 0.494611 0.809167 0.483234 0.865000 0.502994 0.901667 0.498802 0.920000 0.490419 0.930833 0.453892 0.922500 0.410180
1 0.701667 0.097006 0.649167 0.101796 0.641667 0.116168 0.668333 0.583832 0.664167 0.617365 0.621667 0.631737 0.618333 0.643114 0.625833 0.668263 0.638333 0.675449 0.670000 0.681437 0.764167 0.675449 0.812500 0.658084 0.815833 0.649102 0.809167 0.621557 0.765833 0.608383 0.755833 0.546707 0.756667 0.481437 0.730833 0.126347 0.721667 0.102994
3 0.869167 0.502395 0.850000 0.475449 0.826667 0.470060 0.783333 0.476048 0.757500 0.497605 0.752500 0.517365 0.738333 0.523353 0.323333 0.541317 0.261667 0.550898 0.250833 0.555090 0.246667 0.565269 0.252500 0.611377 0.261667 0.629341 0.273333 0.635928 0.319167 0.644910 0.536667 0.634731 0.761667 0.630539 0.773333 0.637725 0.785833 0.665868 0.795833 0.673054 0.847500 0.673653 0.870000 0.662874 0.882500 0.644311 0.886667 0.625150 0.882500 0.546108
0 0.652500 0.399401 0.652500 0.430539 0.654167 0.435928 0.658333 0.438323 0.660833 0.438323 0.661667 0.437126 0.669167 0.437725 0.670000 0.436527 0.671667 0.436527 0.674167 0.434731 0.674167 0.430539 0.677500 0.427545 0.682500 0.427545 0.684167 0.431138 0.686667 0.432335 0.685833 0.432934 0.696667 0.434731 0.699167 0.432934 0.701667 0.427545 0.705833 0.424551 0.739167 0.422754 0.740000 0.421557 0.746667 0.422156 0.747500 0.420958 0.754167 0.421557 0.755000 0.420359 0.775833 0.418563 0.778333 0.416168 0.779167 0.403593 0.778333 0.401198 0.775000 0.399401 0.755000 0.399401 0.716667 0.402994 0.702500 0.402994 0.699167 0.399401 0.699167 0.392814 0.695833 0.392216 0.690000 0.397006 0.687500 0.396407 0.681667 0.400599 0.680833 0.402994 0.678333 0.404790 0.674167 0.403593 0.675000 0.402395 0.673333 0.401796 0.672500 0.399401 0.669167 0.396407 0.666667 0.395808 0.657500 0.396407 0.654167 0.397605
0 0.919167 0.270060 0.912500 0.270659 0.905833 0.274850 0.906667 0.275449 0.899167 0.281437 0.894167 0.288024 0.891667 0.288623 0.892500 0.289222 0.890000 0.290419 0.890833 0.291018 0.888333 0.292216 0.889167 0.292814 0.886667 0.293413 0.883333 0.297006 0.884167 0.297605 0.880833 0.298802 0.876667 0.304192 0.869167 0.310180 0.856667 0.311976 0.855833 0.313174 0.847500 0.314970 0.841667 0.319760 0.842500 0.324551 0.840833 0.328743 0.838333 0.330539 0.833333 0.331138 0.828333 0.334731 0.826667 0.334731 0.824167 0.337725 0.825000 0.338323 0.823333 0.338922 0.824167 0.345509 0.826667 0.347904 0.826667 0.349701 0.830833 0.352695 0.847500 0.361078 0.851667 0.362275 0.852500 0.361677 0.853333 0.362874 0.855000 0.362275 0.866667 0.367665 0.876667 0.367066 0.885000 0.359281 0.887500 0.355090 0.887500 0.351497 0.895833 0.348503 0.900833 0.343713 0.899167 0.338323 0.900000 0.335329 0.897500 0.329341 0.898333 0.326347 0.900833 0.325150 0.909167 0.315569 0.908333 0.314970 0.910000 0.314371 0.909167 0.313772 0.914167 0.311377 0.930833 0.294012 0.930000 0.293413 0.932500 0.292216 0.931667 0.291018 0.935833 0.288623 0.935000 0.288024 0.937500 0.285030 0.936667 0.280838 0.926667 0.274251 0.926667 0.273054 0.925000 0.273054 0.925000 0.271856 0.923333 0.272455
1 0.904167 0.567665 0.882500 0.538323 0.866667 0.528144 0.845833 0.522754 0.826667 0.525748 0.802500 0.540719 0.798333 0.561677 0.765833 0.575449 0.568333 0.614970 0.157500 0.707186 0.138333 0.723952 0.134167 0.746108 0.160833 0.762874 0.196667 0.761677 0.807500 0.631737 0.821667 0.634132 0.846667 0.653293 0.862500 0.655689 0.898333 0.643713 0.909167 0.629940 0.915000 0.605389
