0 0.901667 0.341916 0.879167 0.355090 0.875000 0.359281 0.875000 0.364671 0.881667 0.370659 0.888333 0.373054 0.888333 0.378443 0.892500 0.382036 0.900000 0.382635 0.905000 0.380838 0.910833 0.382036 0.919167 0.389820 0.939167 0.404192 0.944167 0.408982 0.950833 0.411976 0.957500 0.410180 0.966667 0.402994 0.965000 0.397605 0.961667 0.395808 0.951667 0.385629 0.938333 0.375449 0.935000 0.371257 0.929167 0.367665 0.928333 0.362874 0.930833 0.358683 0.927500 0.353293 0.925000 0.352096 0.920000 0.352096 0.911667 0.343713 0.907500 0.341317
3 0.267500 0.440120 0.236667 0.491018 0.239167 0.501796 0.261667 0.516766 0.343333 0.549102 0.434167 0.574251 0.675833 0.652695 0.688333 0.664671 0.680000 0.707186 0.706667 0.722156 0.725833 0.728144 0.752500 0.726946 0.782500 0.710180 0.804167 0.690419 0.829167 0.657485 0.850833 0.616168 0.860000 0.569461 0.845833 0.550898 0.799167 0.538323 0.758333 0.561677 0.739167 0.564671 0.688333 0.553293 0.565000 0.513174 0.497500 0.498204 0.410000 0.464671 0.320000 0.438922 0.283333 0.433533
4 0.288333 0.668862 0.258333 0.690419 0.188333 0.762874 0.170000 0.789820 0.162500 0.811976 0.160833 0.829940 0.167500 0.841916 0.213333 0.864671 0.230833 0.866467 0.268333 0.841317 0.280833 0.837126 0.290833 0.845509 0.316667 0.852695 0.335000 0.867066 0.382500 0.883832 0.486667 0.938922 0.510833 0.945509 0.521667 0.943114 0.564167 0.908383 0.590833 0.870659 0.589167 0.856287 0.580833 0.846108 0.552500 0.835329 0.494167 0.801796 0.456667 0.790419 0.408333 0.765868 0.397500 0.756287 0.382500 0.752695 0.375000 0.741317 0.375000 0.727545 0.385833 0.692814 0.375833 0.676647 0.335000 0.655689 0.324167 0.653293
0 0.443333 0.165269 0.432500 0.165269 0.424167 0.169461 0.415000 0.186228 0.415000 0.200000 0.403333 0.214371 0.384167 0.220359 0.377500 0.225150 0.376667 0.234132 0.398333 0.254491 0.397500 0.262275 0.389167 0.271856 0.380000 0.292814 0.362500 0.318563 0.358333 0.332934 0.343333 0.347305 0.341667 0.355689 0.335000 0.365868 0.335000 0.374251 0.343333 0.382635 0.383333 0.395210 0.414167 0.377246 0.421667 0.368263 0.421667 0.364072 0.434167 0.343713 0.440000 0.338323 0.445833 0.337126 0.443333 0.327545 0.458333 0.316168 0.469167 0.312575 0.467500 0.302994 0.470833 0.282036 0.476667 0.277844 0.492500 0.280838 0.510000 0.280240 0.516667 0.274251 0.515833 0.240120 0.535000 0.225749 0.546667 0.208982 0.545833 0.200000 0.531667 0.193413 0.513333 0.189820 0.486667 0.177844 0.463333 0.174251
2 0.458333 0.679042 0.440833 0.673054 0.380000 0.674251 0.358333 0.678443 0.328333 0.692216 0.313333 0.704790 0.305833 0.717964 0.303333 0.742515 0.297500 0.749102 0.150000 0.788024 0.073333 0.813772 0.063333 0.826347 0.057500 0.846108 0.058333 0.879042 0.071667 0.908982 0.085833 0.923353 0.110833 0.934132 0.141667 0.935329 0.241667 0.914371 0.356667 0.882036 0.400000 0.907186 0.421667 0.912575 0.471667 0.908383 0.507500 0.896407 0.525833 0.880240 0.535833 0.861677 0.533333 0.796407 0.508333 0.740120
4 0.373333 0.568263 0.355833 0.566467 0.329167 0.576647 0.269167 0.613174 0.247500 0.621557 0.238333 0.630539 0.220000 0.640120 0.211667 0.647904 0.199167 0.644311 0.175833 0.632335 0.160000 0.631138 0.141667 0.639521 0.121667 0.653892 0.119167 0.669461 0.125000 0.684431 0.135833 0.700000 0.174167 0.735928 0.201667 0.755090 0.224167 0.765868 0.252500 0.773054 0.279167 0.758084 0.290000 0.744311 0.288333 0.720958 0.282500 0.711377 0.284167 0.706587 0.316667 0.688024 0.325833 0.680239 0.331667 0.679042 0.375000 0.655090 0.384167 0.646707 0.411667 0.630539 0.423333 0.619760 0.425000 0.611976 0.415000 0.595210 0.390000 0.576048
2 0.755000 0.438922 0.734167 0.434731 0.684167 0.432934 0.628333 0.437126 0.615833 0.446108 0.598333 0.505389 0.595000 0.531737 0.598333 0.543713 0.590833 0.567665 0.590000 0.591018 0.583333 0.603593 0.583333 0.625749 0.568333 0.638323 0.540833 0.634731 0.509167 0.645509 0.500833 0.691018 0.515833 0.710778 0.599167 0.722754 0.716667 0.723353 0.760000 0.719760 0.787500 0.703593 0.796667 0.680838 0.790833 0.654491 0.780000 0.646707 0.754167 0.644910 0.747500 0.627545 0.748333 0.511976 0.760833 0.465868 0.760833 0.446108
3 0.305000 0.308383 0.270000 0.315569 0.233333 0.333533 0.224167 0.348503 0.232500 0.389820 0.290833 0.501198 0.345000 0.625749 0.350000 0.656886 0.335833 0.670060 0.311667 0.682635 0.319167 0.709581 0.330833 0.723952 0.370833 0.728144 0.419167 0.722156 0.500833 0.701796 0.551667 0.681437 0.573333 0.658084 0.547500 0.623952 0.510000 0.614371 0.492500 0.614970 0.480000 0.601198 0.447500 0.541317 0.446667 0.526347 0.435833 0.513772 0.434167 0.498802 0.422500 0.486826 0.395833 0.423952 0.355833 0.357485 0.354167 0.347305 0.332500 0.316766 0.318333 0.308982
1 0.731667 0.186228 0.683333 0.171856 0.648333 0.178443 0.632500 0.193413 0.623333 0.217365 0.650833 0.239521 0.655000 0.252695 0.577500 0.358683 0.208333 0.807784 0.202500 0.838922 0.235833 0.864072 0.275000 0.871856 0.310833 0.852695 0.760000 0.301198 0.832500 0.304790 0.862500 0.268263 0.842500 0.241916
3 0.148333 0.405988 0.122500 0.446707 0.115000 0.468263 0.105833 0.477246 0.097500 0.502994 0.103333 0.525748 0.113333 0.532934 0.138333 0.541317 0.158333 0.541916 0.193333 0.511976 0.208333 0.511377 0.233333 0.520958 0.313333 0.539521 0.395000 0.571257 0.554167 0.616168 0.582500 0.616168 0.609167 0.598204 0.621667 0.578443 0.625000 0.563473 0.620000 0.551497 0.606667 0.541317 0.520833 0.509581 0.426667 0.488623 0.291667 0.439521 0.275833 0.438922 0.252500 0.431737 0.244167 0.423952 0.249167 0.400000 0.230833 0.381437 0.202500 0.374251 0.185000 0.376647
0 0.382500 0.406587 0.378333 0.396407 0.369167 0.383234 0.365000 0.379641 0.355833 0.376048 0.330833 0.375449 0.315000 0.379641 0.304167 0.380240 0.290833 0.374251 0.274167 0.374251 0.254167 0.382036 0.245000 0.390419 0.241667 0.397006 0.235000 0.401796 0.220000 0.404192 0.205000 0.404192 0.168333 0.409581 0.151667 0.410180 0.134167 0.415569 0.125000 0.424551 0.125000 0.434731 0.134167 0.448503 0.147500 0.452695 0.165833 0.452695 0.195000 0.448503 0.245833 0.444910 0.249167 0.445509 0.259167 0.455090 0.266667 0.459281 0.278333 0.462275 0.295833 0.461078 0.315833 0.450898 0.330000 0.452096 0.339167 0.449701 0.351667 0.450898 0.369167 0.445509 0.375833 0.440719 0.382500 0.425150
0 0.902500 0.668862 0.890000 0.656886 0.874167 0.646707 0.860000 0.643114 0.807500 0.662275 0.774167 0.668263 0.760000 0.676647 0.741667 0.679641 0.722500 0.687425 0.710000 0.686228 0.685833 0.675449 0.659167 0.677844 0.650000 0.684431 0.640833 0.686826 0.635833 0.692814 0.625833 0.698204 0.595000 0.707186 0.581667 0.713772 0.576667 0.718563 0.580000 0.743713 0.600833 0.776647 0.625000 0.805988 0.642500 0.813772 0.661667 0.811976 0.680000 0.804790 0.685000 0.800599 0.688333 0.791617 0.697500 0.786826 0.709167 0.786228 0.734167 0.791617 0.752500 0.785030 0.757500 0.779641 0.760000 0.768263 0.758333 0.752096 0.765000 0.746108 0.782500 0.741317 0.797500 0.734132 0.829167 0.725748 0.853333 0.714970 0.866667 0.712575 0.876667 0.705988 0.885833 0.705389 0.902500 0.698204 0.912500 0.690419
3 0.310000 0.210778 0.269167 0.216168 0.233333 0.224551 0.210833 0.234132 0.180833 0.240120 0.145000 0.252096 0.132500 0.264072 0.150000 0.292814 0.205833 0.289820 0.213333 0.294012 0.228333 0.329940 0.327500 0.513772 0.348333 0.537126 0.366667 0.541317 0.392500 0.538323 0.424167 0.528742 0.435000 0.521557 0.439167 0.507186 0.390000 0.410778 0.356667 0.359880 0.321667 0.289820 0.307500 0.273054 0.310833 0.262874 0.335833 0.255090 0.346667 0.247305 0.335000 0.216766 0.327500 0.211976
0 0.521667 0.412575 0.498333 0.409581 0.480000 0.422754 0.460000 0.429940 0.446667 0.441317 0.425000 0.449701 0.413333 0.461078 0.380833 0.467665 0.370000 0.475449 0.339167 0.485030 0.316667 0.500000 0.276667 0.504192 0.259167 0.510778 0.249167 0.519760 0.221667 0.529341 0.202500 0.545509 0.179167 0.558683 0.169167 0.569461 0.168333 0.577844 0.178333 0.597605 0.222500 0.641916 0.246667 0.659281 0.265833 0.668263 0.288333 0.668862 0.309167 0.659880 0.325000 0.644910 0.325833 0.622755 0.343333 0.625749 0.384167 0.625150 0.398333 0.620359 0.405000 0.608982 0.398333 0.582036 0.406667 0.571856 0.454167 0.539521 0.510833 0.511377 0.555833 0.482036 0.570000 0.452695 0.568333 0.449102 0.533333 0.426347
2 0.663333 0.395808 0.597500 0.390419 0.396667 0.402994 0.360833 0.411976 0.336667 0.434731 0.334167 0.455090 0.349167 0.492814 0.366667 0.501796 0.432500 0.513174 0.446667 0.606587 0.443333 0.619162 0.451667 0.643114 0.460833 0.709581 0.466667 0.727545 0.477500 0.742515 0.505833 0.749102 0.550000 0.741916 0.586667 0.743114 0.625833 0.735928 0.647500 0.724551 0.652500 0.673653 0.630000 0.498204 0.674167 0.483234 0.690833 0.465868 0.694167 0.443713 0.685000 0.411377
