3 0.711667 0.349102 0.659167 0.340120 0.635000 0.346108 0.615833 0.357485 0.574167 0.422156 0.547500 0.478443 0.453333 0.643114 0.445000 0.647305 0.380833 0.649701 0.356667 0.676048 0.355000 0.686228 0.366667 0.713174 0.393333 0.735928 0.449167 0.753892 0.515000 0.764671 0.582500 0.763473 0.605833 0.753892 0.620000 0.728144 0.619167 0.714970 0.603333 0.688024 0.581667 0.674850 0.580000 0.664671 0.595000 0.646707 0.670000 0.517365 0.729167 0.402395 0.735833 0.369461 0.729167 0.359281
0 0.475000 0.188024 0.450000 0.216766 0.433333 0.229940 0.421667 0.252096 0.400833 0.271856 0.397500 0.282635 0.406667 0.296407 0.459167 0.307784 0.477500 0.319760 0.485833 0.339521 0.493333 0.344910 0.505000 0.346707 0.543333 0.331737 0.559167 0.332335 0.574167 0.341317 0.640833 0.367066 0.650833 0.374251 0.680833 0.383234 0.698333 0.395808 0.727500 0.406587 0.745833 0.409581 0.760833 0.403593 0.787500 0.370659 0.782500 0.358683 0.768333 0.345509 0.749167 0.334731 0.710833 0.320359 0.696667 0.307784 0.680000 0.305988 0.670833 0.295210 0.660000 0.289820 0.657500 0.284431 0.643333 0.282635 0.611667 0.271856 0.603333 0.263473 0.612500 0.234731 0.595000 0.225749 0.566667 0.226347 0.555833 0.221557 0.541667 0.220958 0.526667 0.204790 0.493333 0.187425
4 0.510000 0.377844 0.498333 0.377246 0.486667 0.380838 0.462500 0.407784 0.465000 0.413174 0.494167 0.432335 0.495833 0.437725 0.487500 0.443114 0.485000 0.449701 0.464167 0.468263 0.450833 0.488024 0.441667 0.494012 0.398333 0.540719 0.394167 0.550299 0.400000 0.558683 0.427500 0.573653 0.455833 0.584431 0.472500 0.587425 0.486667 0.583234 0.495000 0.570659 0.529167 0.540719 0.541667 0.520359 0.563333 0.496407 0.570833 0.492216 0.578333 0.481437 0.597500 0.480240 0.632500 0.484431 0.645833 0.480240 0.666667 0.457485 0.665833 0.450299 0.656667 0.438922 0.629167 0.420359 0.552500 0.386826
3 0.821667 0.529940 0.805833 0.511976 0.783333 0.474252 0.741667 0.446707 0.728333 0.441317 0.712500 0.440120 0.682500 0.451497 0.679167 0.467665 0.665000 0.481437 0.669167 0.498204 0.660833 0.504790 0.598333 0.521557 0.523333 0.549102 0.500000 0.553892 0.445833 0.576647 0.424167 0.583234 0.395000 0.586826 0.363333 0.598802 0.335833 0.619760 0.333333 0.634132 0.341667 0.650299 0.355000 0.662874 0.373333 0.670060 0.394167 0.670659 0.457500 0.654491 0.530000 0.625150 0.555000 0.617964 0.573333 0.617964 0.585000 0.610778 0.688333 0.577844 0.710833 0.567066 0.728333 0.567665 0.752500 0.584431 0.769167 0.589820 0.803333 0.584431 0.813333 0.579042 0.821667 0.563473
4 0.562500 0.433533 0.555000 0.436527 0.545833 0.447305 0.545833 0.463473 0.533333 0.502395 0.535000 0.525748 0.527500 0.556886 0.522500 0.563473 0.524167 0.572455 0.515000 0.580240 0.504167 0.583832 0.466667 0.590419 0.455000 0.600599 0.450000 0.632335 0.481667 0.646707 0.537500 0.656886 0.610833 0.662874 0.652500 0.658683 0.669167 0.653892 0.677500 0.646707 0.684167 0.617365 0.679167 0.607784 0.643333 0.598204 0.636667 0.592814 0.640833 0.586228 0.639167 0.570659 0.646667 0.557485 0.645833 0.530539 0.663333 0.462275 0.661667 0.446707 0.652500 0.441317 0.619167 0.434731
4 0.597500 0.444910 0.588333 0.447305 0.578333 0.460479 0.579167 0.461078 0.577500 0.461677 0.575000 0.470659 0.568333 0.482036 0.566667 0.488024 0.561667 0.495210 0.562500 0.496407 0.557500 0.502395 0.556667 0.506587 0.548333 0.510180 0.540000 0.510180 0.530833 0.512575 0.526667 0.514970 0.525000 0.518563 0.523333 0.519162 0.524167 0.521557 0.520833 0.525748 0.520833 0.530539 0.521667 0.529940 0.540000 0.544311 0.542500 0.544311 0.555833 0.550299 0.561667 0.550299 0.566667 0.552695 0.571667 0.552695 0.579167 0.555090 0.580833 0.554491 0.591667 0.556886 0.599167 0.556886 0.604167 0.555090 0.608333 0.555689 0.615833 0.553293 0.620833 0.550299 0.623333 0.542515 0.625833 0.540120 0.626667 0.537126 0.624167 0.533533 0.622500 0.533533 0.607500 0.523952 0.606667 0.518563 0.610000 0.514371 0.610000 0.510180 0.616667 0.501198 0.618333 0.495210 0.623333 0.488024 0.624167 0.482635 0.628333 0.477844 0.627500 0.475449 0.632500 0.462874 0.630833 0.457485 0.624167 0.451497 0.616667 0.448503 0.615833 0.449102 0.615000 0.447904 0.610000 0.447904 0.606667 0.446108 0.600833 0.446108
1 0.310833 0.382036 0.289167 0.395210 0.284167 0.414371 0.297500 0.428144 0.307500 0.432934 0.331667 0.425748 0.343333 0.429341 0.649167 0.740120 0.671667 0.749701 0.695833 0.744311 0.713333 0.729940 0.701667 0.703593 0.404167 0.401198 0.407500 0.391018 0.424167 0.374850 0.412500 0.357485 0.405833 0.353293 0.377500 0.354491
1 0.025833 0.289820 0.020833 0.307186 0.051667 0.328743 0.139167 0.360479 0.584167 0.543713 0.592500 0.550299 0.584167 0.577246 0.607500 0.591018 0.620833 0.592814 0.635833 0.585629 0.701667 0.512575 0.705833 0.484431 0.697500 0.476647 0.676667 0.468862 0.661667 0.470060 0.642500 0.487425 0.628333 0.488024 0.086667 0.267665 0.055833 0.266467 0.045833 0.270060
3 0.647500 0.154491 0.615000 0.154491 0.570833 0.167066 0.560000 0.174850 0.553333 0.193413 0.565833 0.311976 0.605000 0.534731 0.603333 0.544910 0.593333 0.553892 0.555000 0.562275 0.530000 0.574251 0.535833 0.615569 0.567500 0.629940 0.681667 0.626347 0.762500 0.613174 0.805000 0.598802 0.815833 0.583832 0.808333 0.549102 0.782500 0.532335 0.766667 0.501198 0.761667 0.460479 0.721667 0.313772 0.709167 0.212575 0.663333 0.158084
3 0.384167 0.425748 0.368333 0.440120 0.355833 0.444910 0.349167 0.455689 0.349167 0.467066 0.358333 0.484431 0.380000 0.506587 0.395833 0.532335 0.446667 0.583234 0.485000 0.630539 0.499167 0.641317 0.545000 0.694611 0.541667 0.707784 0.516667 0.731737 0.518333 0.744311 0.535833 0.765269 0.546667 0.768263 0.571667 0.769461 0.596667 0.762874 0.645833 0.741317 0.692500 0.713772 0.713333 0.692814 0.714167 0.675449 0.699167 0.658084 0.684167 0.652096 0.645833 0.656287 0.622500 0.646707 0.443333 0.448503 0.415000 0.425150 0.400000 0.422156
0 0.595000 0.561677 0.583333 0.554491 0.562500 0.552695 0.551667 0.556287 0.540833 0.556886 0.490000 0.573054 0.427500 0.588623 0.416667 0.585030 0.410000 0.579042 0.388333 0.571856 0.370000 0.574850 0.352500 0.589820 0.332500 0.594012 0.315833 0.601198 0.304167 0.610180 0.298333 0.619162 0.298333 0.635928 0.314167 0.672455 0.329167 0.685629 0.345833 0.690419 0.367500 0.687425 0.390833 0.676647 0.408333 0.682036 0.428333 0.679042 0.440833 0.666467 0.445000 0.645509 0.452500 0.640719 0.574167 0.607784 0.595833 0.599401 0.605000 0.589222 0.601667 0.573653
