0 0.803333 0.350898 0.797500 0.350898 0.794167 0.352096 0.788333 0.356287 0.783333 0.362874 0.780000 0.364671 0.770000 0.364671 0.765833 0.370060 0.768333 0.373653 0.767500 0.374850 0.770000 0.377844 0.770000 0.380838 0.752500 0.393413 0.751667 0.392814 0.740000 0.400000 0.732500 0.405988 0.730000 0.406587 0.723333 0.411976 0.722500 0.411377 0.721667 0.413174 0.720833 0.412575 0.719167 0.413772 0.716667 0.419162 0.726667 0.429341 0.732500 0.431737 0.739167 0.430539 0.743333 0.427545 0.744167 0.428144 0.748333 0.424551 0.750000 0.424551 0.753333 0.420958 0.760833 0.417365 0.772500 0.408982 0.773333 0.409581 0.777500 0.405988 0.791667 0.398204 0.796667 0.399401 0.803333 0.402994 0.808333 0.402994 0.811667 0.399401 0.810833 0.395808 0.811667 0.394012 0.813333 0.394012 0.814167 0.391617 0.819167 0.388623 0.825833 0.388623 0.830000 0.387425 0.835000 0.383832 0.836667 0.378443 0.828333 0.372455 0.827500 0.370060 0.807500 0.355689 0.807500 0.354491 0.802500 0.351497
2 0.645000 0.320359 0.593333 0.332934 0.472500 0.386228 0.391667 0.435928 0.382500 0.464072 0.401667 0.500000 0.425833 0.516766 0.450000 0.521557 0.487500 0.515569 0.508333 0.528144 0.534167 0.559281 0.549167 0.568862 0.591667 0.628743 0.610833 0.647305 0.618333 0.663473 0.640000 0.682635 0.646667 0.697605 0.668333 0.714970 0.684167 0.718563 0.731667 0.701796 0.785000 0.672455 0.798333 0.658084 0.803333 0.637725 0.798333 0.619162 0.753333 0.548503 0.713333 0.507784 0.666667 0.435329 0.673333 0.419760 0.700833 0.413174 0.720833 0.389222 0.719167 0.374251 0.692500 0.337126 0.667500 0.323353
1 0.184167 0.134132 0.179167 0.147305 0.207500 0.174251 0.710833 0.472455 0.695000 0.499401 0.717500 0.517365 0.732500 0.520359 0.750000 0.514970 0.832500 0.447904 0.842500 0.435329 0.845833 0.416766 0.819167 0.398204 0.804167 0.397605 0.775833 0.413772 0.764167 0.410778 0.260833 0.116168 0.245000 0.111377 0.217500 0.111976
3 0.232500 0.538323 0.220833 0.543114 0.210833 0.555689 0.207500 0.589222 0.199167 0.611976 0.186667 0.747904 0.188333 0.774252 0.180000 0.788024 0.154167 0.791018 0.140833 0.795808 0.137500 0.826347 0.156667 0.834132 0.210833 0.839521 0.313333 0.838323 0.330833 0.828743 0.333333 0.805389 0.323333 0.797605 0.281667 0.790419 0.288333 0.768263 0.285833 0.752096 0.297500 0.673653 0.295833 0.656287 0.303333 0.586228 0.301667 0.557485 0.293333 0.545509 0.283333 0.540719 0.265833 0.537725
2 0.630833 0.606587 0.540000 0.615569 0.470833 0.633533 0.450833 0.635928 0.422500 0.646707 0.412500 0.664671 0.415000 0.679641 0.430000 0.702994 0.451667 0.710180 0.489167 0.709581 0.495833 0.714970 0.502500 0.737725 0.516667 0.761078 0.522500 0.787425 0.548333 0.835928 0.555000 0.856287 0.567500 0.867066 0.587500 0.869461 0.606667 0.862275 0.651667 0.855689 0.674167 0.846707 0.683333 0.836527 0.679167 0.805988 0.657500 0.755090 0.645000 0.711976 0.627500 0.682635 0.634167 0.674850 0.655833 0.667066 0.656667 0.660479 0.663333 0.653293 0.662500 0.636527 0.652500 0.615569
0 0.134167 0.083832 0.131667 0.084431 0.132500 0.091018 0.135000 0.086228
2 0.608333 0.322755 0.585000 0.323353 0.566667 0.330539 0.506667 0.376647 0.452500 0.425150 0.438333 0.420958 0.410833 0.419760 0.395000 0.422156 0.365000 0.438323 0.347500 0.456886 0.345000 0.468263 0.347500 0.486228 0.380833 0.525748 0.430000 0.558683 0.495000 0.585030 0.502500 0.586228 0.549167 0.567066 0.560000 0.559281 0.573333 0.540719 0.576667 0.528144 0.563333 0.495808 0.640833 0.428743 0.676667 0.391617 0.675833 0.377844 0.652500 0.345509 0.625833 0.328144
3 0.748333 0.520958 0.730833 0.494012 0.715833 0.483832 0.675833 0.479042 0.654167 0.485030 0.640000 0.495808 0.634167 0.523952 0.620833 0.542515 0.470833 0.563473 0.445000 0.562275 0.424167 0.568862 0.359167 0.573653 0.319167 0.583832 0.188333 0.595210 0.145833 0.608383 0.130833 0.619162 0.129167 0.652695 0.137500 0.685030 0.164167 0.696407 0.245833 0.691617 0.322500 0.671856 0.412500 0.661677 0.449167 0.661677 0.510833 0.646707 0.548333 0.646108 0.594167 0.637725 0.639167 0.644910 0.670000 0.681437 0.687500 0.686228 0.713333 0.684431 0.744167 0.665269 0.759167 0.640719 0.753333 0.605389 0.760833 0.576048
3 0.425833 0.235329 0.407500 0.257485 0.405000 0.268862 0.383333 0.312575 0.380000 0.341916 0.385000 0.347305 0.412500 0.354491 0.420833 0.351497 0.446667 0.333533 0.465000 0.341916 0.473333 0.341317 0.490833 0.350299 0.509167 0.352096 0.519167 0.360479 0.530833 0.360479 0.545833 0.367665 0.557500 0.366467 0.573333 0.375449 0.607500 0.380838 0.668333 0.401796 0.692500 0.405389 0.730833 0.404192 0.740000 0.401796 0.742500 0.392814 0.755833 0.377844 0.760000 0.366467 0.751667 0.355090 0.666667 0.328743 0.478333 0.277844 0.465833 0.268263 0.472500 0.249701 0.470833 0.240120 0.445833 0.231138 0.435000 0.231138
3 0.405833 0.216766 0.403333 0.219760 0.402500 0.226347 0.406667 0.231138 0.432500 0.240719 0.433333 0.240120 0.445833 0.245509 0.446667 0.244910 0.454167 0.248503 0.460833 0.249701 0.472500 0.255090 0.473333 0.254491 0.475833 0.256287 0.487500 0.259880 0.492500 0.262874 0.490000 0.272455 0.495833 0.276048 0.503333 0.277246 0.507500 0.275449 0.514167 0.267665 0.518333 0.264671 0.517500 0.264072 0.525000 0.255689 0.525000 0.253892 0.527500 0.250898 0.529167 0.240719 0.520833 0.235928 0.516667 0.235329 0.505833 0.243114 0.503333 0.243713 0.479167 0.234731 0.473333 0.233533 0.470000 0.231737 0.469167 0.232335 0.466667 0.230539 0.417500 0.213174 0.412500 0.213174
0 0.541667 0.461677 0.515833 0.480838 0.498333 0.488024 0.475833 0.507784 0.458333 0.515569 0.452500 0.523353 0.458333 0.536527 0.495833 0.553892 0.505833 0.567066 0.505833 0.581437 0.509167 0.588024 0.520833 0.591617 0.555000 0.585030 0.565000 0.587425 0.574167 0.597006 0.605000 0.617365 0.626667 0.636527 0.645000 0.646707 0.661667 0.664671 0.686667 0.678443 0.705000 0.677245 0.738333 0.655689 0.735000 0.641317 0.727500 0.627545 0.720000 0.619162 0.686667 0.595210 0.685833 0.585030 0.672500 0.584431 0.661667 0.570060 0.661667 0.562275 0.649167 0.560479 0.621667 0.544910 0.620833 0.540719 0.637500 0.522156 0.629167 0.508383 0.605000 0.505988 0.597500 0.500599 0.585833 0.498204 0.580833 0.483832 0.565833 0.468263 0.555000 0.461677
0 0.525833 0.450299 0.521667 0.447305 0.513333 0.447904 0.509167 0.450898 0.510000 0.453293 0.506667 0.455090 0.498333 0.452096 0.490833 0.451497 0.488333 0.453293 0.488333 0.458683 0.485000 0.462275 0.469167 0.465868 0.463333 0.468263 0.458333 0.468263 0.456667 0.469461 0.439167 0.473054 0.437500 0.479042 0.440833 0.486826 0.444167 0.488024 0.449167 0.488024 0.457500 0.485629 0.458333 0.486228 0.460833 0.485030 0.461667 0.485629 0.466667 0.483832 0.472500 0.483234 0.476667 0.481437 0.494167 0.478443 0.500000 0.484431 0.502500 0.485629 0.505833 0.485030 0.508333 0.480838 0.510833 0.479042 0.514167 0.478443 0.518333 0.476048 0.522500 0.478443 0.528333 0.478443 0.533333 0.477246 0.535833 0.473054 0.534167 0.471856 0.535000 0.470659 0.532500 0.467066 0.530833 0.461078 0.529167 0.459880 0.530000 0.459281 0.528333 0.458084
3 0.647500 0.809581 0.635000 0.802994 0.603333 0.802395 0.346667 0.848503 0.301667 0.860479 0.293333 0.856886 0.285000 0.840719 0.273333 0.832335 0.231667 0.838323 0.225000 0.847305 0.224167 0.862275 0.235833 0.902994 0.260833 0.953293 0.271667 0.964671 0.280833 0.968862 0.315833 0.962874 0.325833 0.954491 0.320000 0.932934 0.324167 0.922156 0.410000 0.910180 0.500000 0.891617 0.592500 0.877844 0.639167 0.867066 0.656667 0.853892 0.655000 0.829940
4 0.540833 0.109581 0.508333 0.113772 0.470000 0.123952 0.375833 0.164072 0.335833 0.188623 0.315000 0.210778 0.311667 0.224551 0.331667 0.258683 0.350833 0.270659 0.420833 0.254491 0.430000 0.258084 0.445833 0.300599 0.480833 0.334132 0.484167 0.345509 0.523333 0.391018 0.528333 0.402395 0.556667 0.426946 0.570000 0.428144 0.624167 0.408383 0.664167 0.386228 0.677500 0.370659 0.677500 0.356287 0.670833 0.344910 0.631667 0.307784 0.627500 0.292814 0.588333 0.255689 0.565833 0.224551 0.554167 0.217964 0.554167 0.202994 0.580833 0.179042 0.592500 0.156886 0.592500 0.146707 0.567500 0.111976
3 0.436667 0.120958 0.383333 0.148503 0.333333 0.183832 0.313333 0.209581 0.315000 0.228144 0.335000 0.247305 0.355000 0.253293 0.390833 0.244910 0.419167 0.251497 0.650833 0.466467 0.684167 0.490419 0.697500 0.494012 0.711667 0.492216 0.751667 0.464072 0.756667 0.444910 0.750833 0.431138 0.691667 0.366467 0.505000 0.195808 0.506667 0.179042 0.531667 0.150898 0.527500 0.136527 0.504167 0.113772 0.493333 0.111377 0.463333 0.111976
4 0.425833 0.639521 0.405833 0.657485 0.358333 0.716766 0.345833 0.739521 0.342500 0.755090 0.342500 0.772455 0.349167 0.781437 0.389167 0.798204 0.401667 0.798204 0.430833 0.775449 0.440000 0.772455 0.448333 0.778443 0.471667 0.783832 0.486667 0.794012 0.524167 0.804192 0.616667 0.844910 0.635833 0.848503 0.646667 0.844311 0.672500 0.818563 0.690000 0.791018 0.693333 0.779641 0.690000 0.773054 0.680000 0.764072 0.666667 0.758683 0.660000 0.758683 0.608333 0.733533 0.580000 0.727545 0.553333 0.714371 0.534167 0.708383 0.525833 0.701198 0.514167 0.700000 0.505833 0.690419 0.510833 0.650898 0.500833 0.638323 0.465833 0.623353 0.457500 0.622156
2 0.732500 0.282036 0.724167 0.274850 0.696667 0.265269 0.630833 0.267066 0.603333 0.282036 0.587500 0.325749 0.572500 0.337126 0.539167 0.332335 0.446667 0.339521 0.424167 0.336527 0.331667 0.346707 0.288333 0.347305 0.261667 0.355090 0.247500 0.370659 0.246667 0.390419 0.254167 0.402994 0.250000 0.438323 0.263333 0.471856 0.275833 0.482635 0.310833 0.489222 0.525000 0.485030 0.595000 0.479641 0.605000 0.485629 0.618333 0.512575 0.635000 0.524551 0.676667 0.529940 0.719167 0.523952 0.749167 0.502395 0.759167 0.451497 0.760833 0.412575 0.752500 0.351497 0.745833 0.338323 0.745000 0.305988
0 0.286667 0.355090 0.272500 0.360479 0.263333 0.366467 0.262500 0.368263 0.270833 0.379042 0.270833 0.385629 0.276667 0.388623 0.286667 0.388623 0.294167 0.395808 0.307500 0.411377 0.308333 0.413772 0.315000 0.417964 0.320000 0.417365 0.329167 0.413174 0.330000 0.409581 0.317500 0.391617 0.315833 0.391018 0.312500 0.385629 0.305833 0.379042 0.307500 0.374850 0.310000 0.372455 0.309167 0.369461 0.305833 0.365269 0.301667 0.364671 0.300000 0.363473 0.299167 0.360479 0.294167 0.355090
2 0.542500 0.602994 0.526667 0.594611 0.489167 0.597006 0.463333 0.602395 0.442500 0.613174 0.426667 0.616766 0.416667 0.625150 0.426667 0.634132 0.423333 0.644910 0.427500 0.651497 0.423333 0.659281 0.409167 0.661078 0.397500 0.657485 0.357500 0.657485 0.357500 0.663473 0.368333 0.670060 0.300000 0.678443 0.273333 0.687425 0.244167 0.686826 0.234167 0.689222 0.220000 0.701198 0.200000 0.704790 0.185833 0.711377 0.180833 0.717365 0.183333 0.750299 0.200833 0.788024 0.222500 0.813174 0.238333 0.816766 0.276667 0.813174 0.412500 0.784431 0.445833 0.774252 0.487500 0.770659 0.526667 0.805389 0.539167 0.810778 0.572500 0.808383 0.595000 0.802994 0.612500 0.786228 0.606667 0.750299 0.589167 0.716766 0.583333 0.686826 0.564167 0.655689
