0 0.170833 0.372455 0.156667 0.386228 0.148333 0.400000 0.124167 0.420958 0.117500 0.438323 0.096667 0.454491 0.094167 0.467665 0.099167 0.476048 0.126667 0.487425 0.155000 0.491018 0.175000 0.502994 0.181667 0.520958 0.190000 0.528144 0.205000 0.529940 0.241667 0.514371 0.256667 0.514970 0.268333 0.522754 0.310000 0.537126 0.350000 0.556287 0.377500 0.563473 0.400000 0.579042 0.436667 0.589820 0.456667 0.586228 0.488333 0.550299 0.461667 0.519162 0.447500 0.510778 0.440000 0.510180 0.407500 0.496407 0.398333 0.489820 0.396667 0.483832 0.386667 0.486228 0.379167 0.484431 0.362500 0.469461 0.358333 0.459281 0.344167 0.459281 0.304167 0.452096 0.298333 0.442515 0.305833 0.432335 0.307500 0.416766 0.294167 0.407186 0.262500 0.407784 0.238333 0.404790 0.216667 0.385629 0.188333 0.371856
2 0.800000 0.573054 0.780833 0.574251 0.762500 0.578443 0.720833 0.594611 0.705833 0.605389 0.707500 0.617964 0.720833 0.647305 0.755000 0.704790 0.766667 0.719162 0.770833 0.735329 0.750833 0.749701 0.738333 0.765868 0.748333 0.789820 0.767500 0.799401 0.813333 0.791018 0.840000 0.780240 0.865833 0.775449 0.910833 0.758084 0.941667 0.749102 0.948333 0.740719 0.940833 0.714970 0.935000 0.705389 0.920000 0.692814 0.911667 0.689222 0.905000 0.693413 0.894167 0.693413 0.885000 0.697605 0.880000 0.697605 0.871667 0.689222 0.871667 0.675449 0.859167 0.662874 0.845000 0.631737 0.833333 0.616766 0.829167 0.600000 0.819167 0.591617 0.814167 0.583234
3 0.388333 0.641317 0.373333 0.637725 0.360833 0.639521 0.332500 0.652695 0.285833 0.691018 0.230833 0.741916 0.195833 0.768263 0.175833 0.788623 0.165833 0.790419 0.140833 0.784431 0.117500 0.801198 0.120833 0.814371 0.154167 0.845509 0.190000 0.866467 0.219167 0.877844 0.232500 0.878443 0.244167 0.872455 0.256667 0.861078 0.259167 0.855090 0.240833 0.837126 0.238333 0.832335 0.240000 0.826946 0.278333 0.795808 0.280833 0.791018 0.379167 0.705389 0.407500 0.688024 0.410000 0.680838 0.416667 0.676647 0.415833 0.666467 0.420833 0.662275 0.419167 0.659880 0.411667 0.657485
0 0.495833 0.214371 0.470000 0.238922 0.464167 0.254491 0.462500 0.277844 0.453333 0.285629 0.459167 0.294012 0.450000 0.306587 0.439167 0.314371 0.444167 0.323952 0.448333 0.345509 0.446667 0.350898 0.441667 0.353892 0.427500 0.353293 0.410000 0.356287 0.401667 0.366467 0.405833 0.376048 0.412500 0.380838 0.412500 0.390419 0.418333 0.400000 0.414167 0.405988 0.403333 0.411976 0.395833 0.437126 0.400000 0.445509 0.410000 0.447904 0.441667 0.449701 0.465833 0.455689 0.491667 0.453892 0.515833 0.461078 0.528333 0.459281 0.536667 0.454491 0.540000 0.442515 0.534167 0.418563 0.540833 0.410778 0.542500 0.401198 0.564167 0.389222 0.560000 0.376647 0.536667 0.367066 0.529167 0.360479 0.535000 0.340120 0.536667 0.316766 0.545833 0.287425 0.545000 0.270060 0.554167 0.256287 0.555833 0.230539 0.551667 0.223952 0.540833 0.219760
0 0.315833 0.476048 0.306667 0.494012 0.306667 0.514970 0.312500 0.520958 0.327500 0.528144 0.356667 0.533533 0.365000 0.543114 0.375000 0.547904 0.397500 0.549102 0.405833 0.547305 0.427500 0.538323 0.441667 0.541317 0.451667 0.545509 0.489167 0.553892 0.500833 0.558084 0.522500 0.559281 0.534167 0.555090 0.540833 0.546108 0.540833 0.531737 0.532500 0.524551 0.519167 0.519162 0.488333 0.511976 0.474167 0.506587 0.446667 0.499401 0.442500 0.495210 0.441667 0.486228 0.439167 0.482036 0.429167 0.473653 0.415833 0.470060 0.391667 0.471856 0.385000 0.469461 0.381667 0.466467 0.370000 0.464671 0.365833 0.461078 0.344167 0.459281 0.335000 0.461078
0 0.368333 0.361078 0.345000 0.397006 0.330000 0.433533 0.329167 0.459880 0.341667 0.473653 0.365833 0.479641 0.395000 0.472455 0.406667 0.473054 0.423333 0.485030 0.436667 0.502994 0.457500 0.502395 0.475000 0.484431 0.489167 0.475449 0.495833 0.479641 0.636667 0.509581 0.671667 0.519760 0.693333 0.523353 0.702500 0.520958 0.710833 0.513772 0.727500 0.478443 0.725833 0.469461 0.715000 0.461078 0.574167 0.428144 0.526667 0.414371 0.515000 0.407186 0.514167 0.379641 0.509167 0.373653 0.488333 0.369461 0.462500 0.381437 0.428333 0.358084 0.394167 0.350898 0.383333 0.352096
1 0.686667 0.549102 0.671667 0.540719 0.637500 0.544311 0.145833 0.762874 0.126667 0.765868 0.097500 0.751497 0.072500 0.755090 0.062500 0.762275 0.064167 0.773054 0.102500 0.825150 0.137500 0.858084 0.149167 0.862275 0.163333 0.858683 0.181667 0.847305 0.173333 0.828743 0.180833 0.813772 0.308333 0.756287 0.440000 0.703593 0.690833 0.589222 0.700000 0.580838 0.700833 0.568862
1 0.832500 0.426347 0.818333 0.428743 0.813333 0.434132 0.803333 0.461078 0.804167 0.858683 0.764167 0.868862 0.760833 0.894012 0.766667 0.899401 0.793333 0.905988 0.853333 0.908383 0.914167 0.902994 0.924167 0.895210 0.922500 0.869461 0.895833 0.859880 0.889167 0.461078 0.885833 0.448503 0.871667 0.434731 0.860000 0.429341
3 0.336667 0.365269 0.331667 0.374251 0.332500 0.390419 0.347500 0.398802 0.385000 0.434132 0.446667 0.461677 0.500000 0.497605 0.522500 0.518563 0.567500 0.540719 0.595000 0.565868 0.627500 0.585030 0.644167 0.613174 0.627500 0.655090 0.642500 0.672455 0.677500 0.678443 0.711667 0.674251 0.752500 0.649701 0.782500 0.638323 0.840000 0.592814 0.850833 0.577844 0.853333 0.559281 0.839167 0.543713 0.806667 0.529341 0.792500 0.529940 0.755833 0.545509 0.737500 0.544311 0.705833 0.518563 0.663333 0.496407 0.632500 0.474850 0.627500 0.465868 0.611667 0.459880 0.565833 0.426347 0.532500 0.408383 0.484167 0.369461 0.430000 0.336527 0.414167 0.329940 0.393333 0.329341
1 0.604167 0.378443 0.586667 0.378443 0.557500 0.402994 0.520000 0.465269 0.269167 0.819162 0.265833 0.831138 0.256667 0.836527 0.218333 0.831737 0.197500 0.849701 0.195000 0.861677 0.205000 0.871856 0.320000 0.919162 0.360000 0.920958 0.374167 0.913772 0.384167 0.898204 0.381667 0.885629 0.354167 0.871856 0.354167 0.858683 0.649167 0.428743 0.650833 0.404192 0.645833 0.397006
2 0.491667 0.212575 0.486667 0.213174 0.481667 0.215569 0.477500 0.219162 0.478333 0.219760 0.475000 0.222156 0.475000 0.223952 0.467500 0.232934 0.465833 0.237126 0.463333 0.239521 0.464167 0.240120 0.456667 0.249102 0.456667 0.250898 0.455000 0.252096 0.441667 0.254491 0.437500 0.258084 0.438333 0.258683 0.435000 0.261677 0.435833 0.262275 0.434167 0.264671 0.435000 0.271257 0.439167 0.274850 0.453333 0.280240 0.472500 0.285629 0.473333 0.285030 0.480833 0.288024 0.495833 0.289222 0.500000 0.288024 0.505833 0.282036 0.505000 0.280838 0.507500 0.278443 0.508333 0.275449 0.506667 0.270659 0.498333 0.264072 0.498333 0.259880 0.500833 0.258084 0.500000 0.257485 0.502500 0.254491 0.502500 0.251497 0.505833 0.247305 0.505833 0.245509 0.510000 0.241317 0.514167 0.232335 0.518333 0.227545 0.519167 0.223353 0.517500 0.220359 0.508333 0.215569
4 0.468333 0.085629 0.414167 0.107186 0.337500 0.147904 0.285833 0.184431 0.266667 0.210180 0.264167 0.229940 0.299167 0.271856 0.313333 0.279042 0.388333 0.253892 0.399167 0.253892 0.402500 0.274850 0.460000 0.329341 0.526667 0.402395 0.569167 0.435329 0.585000 0.436527 0.605000 0.424551 0.645000 0.410778 0.688333 0.381437 0.699167 0.367665 0.695833 0.346707 0.686667 0.332934 0.648333 0.305988 0.624167 0.275449 0.588333 0.249701 0.570000 0.225749 0.531667 0.189820 0.538333 0.174850 0.558333 0.162874 0.572500 0.134132 0.547500 0.094012 0.526667 0.077844
3 0.594167 0.346707 0.533333 0.334731 0.500833 0.334731 0.489167 0.338323 0.475833 0.349102 0.467500 0.364671 0.470000 0.376647 0.495833 0.394012 0.500833 0.409581 0.376667 0.632335 0.366667 0.661677 0.368333 0.668862 0.386667 0.679641 0.410000 0.680239 0.423333 0.685030 0.439167 0.682635 0.453333 0.674850 0.500000 0.609581 0.596667 0.432335 0.615000 0.426347 0.655833 0.427545 0.673333 0.411976 0.681667 0.394611 0.665833 0.373054
1 0.174167 0.427545 0.123333 0.477844 0.114167 0.502994 0.121667 0.514371 0.148333 0.525748 0.185000 0.513174 0.250833 0.546707 0.305833 0.583234 0.643333 0.779641 0.670000 0.787425 0.688333 0.778443 0.710833 0.754491 0.701667 0.742515 0.267500 0.484431 0.236667 0.460479 0.248333 0.435329 0.240833 0.424551 0.221667 0.414371 0.210833 0.413174
