4 0.304167 0.261677 0.272500 0.262874 0.257500 0.269461 0.235000 0.303593 0.237500 0.312575 0.286667 0.335928 0.293333 0.342515 0.278333 0.349102 0.270000 0.364072 0.255833 0.379042 0.246667 0.404192 0.228333 0.434731 0.220000 0.442515 0.199167 0.479042 0.197500 0.488623 0.201667 0.500599 0.218333 0.504790 0.231667 0.513174 0.295833 0.527545 0.315000 0.523952 0.328333 0.514970 0.333333 0.496407 0.360000 0.458683 0.366667 0.439521 0.397500 0.384431 0.412500 0.376048 0.425833 0.375449 0.437500 0.378443 0.468333 0.375449 0.485833 0.361078 0.500833 0.335329 0.500000 0.329341 0.485000 0.317365 0.451667 0.299401 0.360833 0.270659
2 0.619167 0.185030 0.595833 0.198204 0.585833 0.214371 0.581667 0.253293 0.574167 0.265269 0.575000 0.305389 0.566667 0.324551 0.566667 0.341916 0.561667 0.358683 0.550833 0.370060 0.536667 0.372455 0.519167 0.370060 0.508333 0.372455 0.497500 0.380240 0.490000 0.406587 0.498333 0.430539 0.512500 0.439521 0.568333 0.447305 0.649167 0.449701 0.720833 0.444910 0.747500 0.428144 0.753333 0.398204 0.749167 0.384431 0.740000 0.375449 0.711667 0.368862 0.708333 0.361078 0.709167 0.326347 0.705833 0.311377 0.713333 0.267066 0.710000 0.255090 0.715833 0.244311 0.714167 0.226347 0.720000 0.210778 0.715833 0.196407 0.705833 0.188623 0.693333 0.186826
3 0.256667 0.285629 0.245833 0.316168 0.239167 0.349701 0.239167 0.363473 0.243333 0.376647 0.252500 0.380838 0.275833 0.383832 0.280000 0.382635 0.286667 0.375449 0.293333 0.360479 0.298333 0.356886 0.365833 0.369461 0.551667 0.398204 0.565833 0.397605 0.574167 0.394611 0.584167 0.380240 0.589167 0.358683 0.569167 0.346707 0.440000 0.323353 0.320833 0.305389 0.310833 0.299401 0.314167 0.291617 0.309167 0.273653 0.289167 0.268263 0.270833 0.268862
0 0.175000 0.691617 0.169167 0.708383 0.156667 0.728144 0.152500 0.746108 0.154167 0.756886 0.164167 0.766467 0.180000 0.772455 0.194167 0.774850 0.208333 0.772455 0.223333 0.782036 0.230833 0.791018 0.246667 0.795808 0.264167 0.792216 0.284167 0.781437 0.298333 0.780240 0.431667 0.819761 0.449167 0.819761 0.463333 0.814970 0.467500 0.810778 0.478333 0.788623 0.475000 0.776647 0.468333 0.767665 0.429167 0.754491 0.407500 0.749701 0.395833 0.744311 0.382500 0.742515 0.359167 0.733533 0.327500 0.710778 0.320000 0.697006 0.310833 0.688024 0.290000 0.686826 0.258333 0.692814 0.242500 0.674251 0.227500 0.668263 0.212500 0.667066 0.200833 0.669461 0.193333 0.673653
0 0.382500 0.058084 0.371667 0.061078 0.346667 0.072455 0.340833 0.082036 0.340833 0.092814 0.410000 0.181437 0.405833 0.189222 0.394167 0.197006 0.394167 0.205389 0.401667 0.211976 0.416667 0.218563 0.427500 0.220958 0.418333 0.229940 0.417500 0.236527 0.429167 0.251497 0.435833 0.254491 0.441667 0.254491 0.455833 0.250898 0.523333 0.220359 0.531667 0.214371 0.533333 0.208383 0.529167 0.194012 0.530833 0.181437 0.526667 0.175449 0.517500 0.172455 0.501667 0.160479 0.475833 0.151497 0.414167 0.069461 0.394167 0.059281
2 0.522500 0.321557 0.481667 0.335329 0.465000 0.352096 0.423333 0.430539 0.411667 0.479042 0.371667 0.555689 0.351667 0.565269 0.322500 0.554491 0.283333 0.561677 0.269167 0.573653 0.250000 0.614371 0.259167 0.646108 0.282500 0.659281 0.318333 0.670659 0.460000 0.695808 0.571667 0.702994 0.608333 0.686228 0.630000 0.650898 0.627500 0.620359 0.617500 0.609581 0.587500 0.597605 0.580000 0.589222 0.580833 0.574251 0.595000 0.537725 0.593333 0.522754 0.618333 0.471856 0.629167 0.434731 0.641667 0.416168 0.644167 0.392814 0.655833 0.376048 0.658333 0.352695 0.651667 0.342515 0.620833 0.332934 0.570833 0.323952
3 0.630833 0.208982 0.610000 0.216168 0.590833 0.233533 0.550000 0.297006 0.450833 0.483832 0.445833 0.488024 0.428333 0.488024 0.390833 0.497605 0.369167 0.517964 0.368333 0.526347 0.377500 0.540120 0.395833 0.555689 0.459167 0.580838 0.509167 0.591617 0.545833 0.593413 0.580000 0.588623 0.598333 0.578443 0.606667 0.549701 0.573333 0.522156 0.569167 0.506587 0.692500 0.274251 0.700833 0.246108 0.700000 0.231737 0.692500 0.223952 0.671667 0.222754 0.658333 0.212575
3 0.665000 0.399401 0.620833 0.358683 0.599167 0.355689 0.570000 0.360479 0.558333 0.367066 0.540833 0.411377 0.159167 0.468263 0.135833 0.476647 0.115000 0.494012 0.115000 0.522156 0.123333 0.543114 0.156667 0.553293 0.185833 0.552695 0.556667 0.500599 0.585000 0.507784 0.607500 0.530539 0.620833 0.537126 0.649167 0.537126 0.665833 0.529940 0.670833 0.522156 0.682500 0.476647 0.679167 0.441916
3 0.767500 0.282635 0.748333 0.292216 0.734167 0.310180 0.720000 0.338323 0.694167 0.374850 0.616667 0.504192 0.605833 0.511377 0.599167 0.511976 0.568333 0.503593 0.555833 0.511976 0.544167 0.530539 0.547500 0.538922 0.559167 0.548503 0.603333 0.567665 0.684167 0.589820 0.710000 0.589820 0.720833 0.582635 0.729167 0.568263 0.730000 0.558084 0.702500 0.541317 0.700000 0.533533 0.730000 0.487425 0.748333 0.437126 0.810833 0.338323 0.823333 0.307784 0.823333 0.301198 0.807500 0.293413
2 0.684167 0.275449 0.641667 0.302994 0.550833 0.395808 0.540833 0.414371 0.544167 0.433533 0.561667 0.448503 0.601667 0.464072 0.630833 0.459880 0.661667 0.441317 0.675833 0.438922 0.696667 0.455090 0.755000 0.481437 0.761667 0.489222 0.831667 0.519760 0.856667 0.534132 0.880833 0.539521 0.899167 0.535928 0.948333 0.488623 0.960833 0.464671 0.959167 0.454491 0.920833 0.425150 0.897500 0.416766 0.808333 0.368263 0.762500 0.348503 0.758333 0.338922 0.765833 0.330539 0.770000 0.313772 0.762500 0.297605 0.740833 0.282635 0.708333 0.273054
0 0.730000 0.823353 0.730000 0.814970 0.725000 0.797605 0.715000 0.789222 0.696667 0.783832 0.661667 0.783234 0.649167 0.773653 0.635000 0.770060 0.619167 0.771257 0.606667 0.774850 0.582500 0.789820 0.566667 0.789820 0.547500 0.786228 0.510833 0.784431 0.493333 0.781437 0.474167 0.783234 0.460000 0.790419 0.455833 0.801198 0.459167 0.816168 0.470000 0.823353 0.491667 0.828144 0.525000 0.829940 0.574167 0.836527 0.580833 0.840120 0.585000 0.850299 0.590833 0.855689 0.604167 0.861677 0.612500 0.862874 0.624167 0.862275 0.644167 0.856886 0.652500 0.858084 0.658333 0.861078 0.670833 0.860479 0.678333 0.864072 0.700833 0.862275 0.710833 0.857485 0.725833 0.838323
4 0.337500 0.303593 0.288333 0.313174 0.245833 0.335329 0.235000 0.344311 0.230833 0.367066 0.234167 0.382635 0.240000 0.387425 0.281667 0.397605 0.296667 0.411377 0.314167 0.539521 0.322500 0.559880 0.326667 0.563473 0.346667 0.568862 0.386667 0.570060 0.422500 0.562874 0.435000 0.549102 0.437500 0.529940 0.420833 0.401796 0.474167 0.373653 0.477500 0.363473 0.474167 0.335928 0.469167 0.327545 0.438333 0.313772 0.395000 0.305389
1 0.566667 0.568263 0.562500 0.574251 0.569167 0.583234 0.577500 0.586228 0.595833 0.579042 0.601667 0.580838 0.613333 0.594012 0.636667 0.607186 0.660000 0.625749 0.682500 0.637725 0.695833 0.650898 0.835833 0.753892 0.847500 0.758084 0.868333 0.749102 0.873333 0.741916 0.872500 0.732934 0.857500 0.719760 0.743333 0.638922 0.634167 0.555689 0.645833 0.540719 0.636667 0.532335 0.627500 0.530539 0.616667 0.534132 0.605000 0.544311
0 0.481667 0.201198 0.453333 0.223353 0.446667 0.231737 0.449167 0.252695 0.455000 0.258683 0.485833 0.276048 0.485000 0.286228 0.490000 0.296407 0.501667 0.304192 0.516667 0.308982 0.557500 0.307784 0.594167 0.333533 0.616667 0.354491 0.661667 0.388623 0.675000 0.393413 0.686667 0.393413 0.698333 0.389222 0.722500 0.368263 0.722500 0.355090 0.664167 0.302994 0.641667 0.288024 0.621667 0.269461 0.620000 0.261078 0.627500 0.244311 0.627500 0.234731 0.622500 0.226347 0.608333 0.217964 0.578333 0.212575 0.569167 0.196407 0.560000 0.187425 0.545000 0.180240 0.520833 0.184431
0 0.319167 0.237725 0.318333 0.238323 0.313333 0.236527 0.310000 0.237725 0.306667 0.237126 0.294167 0.239521 0.291667 0.238323 0.290000 0.238922 0.285833 0.236527 0.280833 0.235928 0.277500 0.236527 0.273333 0.239521 0.273333 0.241317 0.270000 0.245509 0.270833 0.246108 0.269167 0.249701 0.261667 0.249701 0.257500 0.250898 0.254167 0.250299 0.246667 0.252096 0.235833 0.252096 0.225000 0.253892 0.221667 0.253293 0.210833 0.255689 0.207500 0.255090 0.200833 0.256287 0.197500 0.258084 0.193333 0.258683 0.190833 0.260479 0.190833 0.272455 0.193333 0.274850 0.193333 0.276647 0.197500 0.278443 0.206667 0.278443 0.214167 0.276647 0.229167 0.276647 0.233333 0.275449 0.236667 0.276048 0.236667 0.274850 0.240000 0.275449 0.246667 0.273653 0.254167 0.274251 0.258333 0.273054 0.261667 0.273653 0.265833 0.272455 0.272500 0.272455 0.278333 0.280838 0.280000 0.282036 0.285833 0.283234 0.289167 0.281437 0.291667 0.281437 0.290833 0.280838 0.295833 0.277246 0.302500 0.276048 0.320833 0.276048 0.325833 0.272455 0.325833 0.268263 0.320833 0.256287 0.322500 0.247305
0 0.862500 0.617365 0.815833 0.611976 0.771667 0.620958 0.764167 0.617964 0.760000 0.623353 0.751667 0.625749 0.734167 0.623952 0.725000 0.619760 0.715000 0.626347 0.687500 0.637126 0.678333 0.633533 0.675000 0.625150 0.664167 0.615569 0.651667 0.616168 0.639167 0.623353 0.635000 0.628743 0.625833 0.630539 0.618333 0.636527 0.610833 0.637126 0.591667 0.633533 0.565833 0.638323 0.556667 0.644910 0.558333 0.655090 0.565833 0.667665 0.568333 0.687425 0.579167 0.702994 0.577500 0.718563 0.585833 0.726946 0.595833 0.729940 0.617500 0.726347 0.636667 0.716766 0.655000 0.714371 0.662500 0.714970 0.676667 0.722156 0.685000 0.722754 0.695833 0.716766 0.699167 0.700000 0.705000 0.691617 0.795000 0.674850 0.811667 0.668862 0.831667 0.668862 0.860000 0.662275 0.869167 0.656886 0.873333 0.649102
3 0.681667 0.649102 0.678333 0.634731 0.662500 0.620359 0.646667 0.617365 0.626667 0.620359 0.615833 0.625150 0.604167 0.646108 0.591667 0.652695 0.489167 0.647305 0.471667 0.642515 0.452500 0.644311 0.413333 0.640120 0.371667 0.640120 0.271667 0.631737 0.256667 0.633533 0.242500 0.640719 0.233333 0.664072 0.232500 0.683832 0.246667 0.694012 0.301667 0.702994 0.358333 0.700599 0.409167 0.702994 0.441667 0.707784 0.502500 0.707186 0.558333 0.713174 0.582500 0.723353 0.589167 0.744311 0.599167 0.754491 0.623333 0.758084 0.641667 0.750299 0.658333 0.735928 0.662500 0.713772 0.675000 0.692814
3 0.591667 0.237126 0.553333 0.238323 0.530000 0.244311 0.516667 0.252096 0.507500 0.274251 0.516667 0.289820 0.560833 0.304192 0.566667 0.310778 0.558333 0.326347 0.553333 0.368263 0.513333 0.552695 0.519167 0.576048 0.532500 0.591617 0.570833 0.603593 0.595000 0.601198 0.604167 0.597006 0.618333 0.579641 0.639167 0.513772 0.646667 0.452096 0.670000 0.358084 0.680833 0.341916 0.682500 0.324551 0.693333 0.316168 0.724167 0.311976 0.735833 0.297006 0.739167 0.284431 0.734167 0.271257 0.696667 0.253293 0.658333 0.244910
0 0.223333 0.133533 0.204167 0.155689 0.195833 0.170060 0.195000 0.186228 0.200000 0.197006 0.212500 0.208982 0.261667 0.230539 0.265833 0.238323 0.261667 0.251497 0.266667 0.259880 0.288333 0.271856 0.312500 0.274251 0.338333 0.270659 0.355833 0.273054 0.417500 0.316766 0.450000 0.344311 0.473333 0.359281 0.493333 0.367066 0.503333 0.368263 0.523333 0.364671 0.545000 0.353293 0.559167 0.334731 0.554167 0.313772 0.431667 0.219760 0.430000 0.210180 0.436667 0.200000 0.439167 0.180838 0.434167 0.167066 0.415833 0.159281 0.384167 0.158683 0.352500 0.151497 0.347500 0.143114 0.348333 0.131138 0.337500 0.120958 0.335000 0.113174 0.315000 0.104192 0.285833 0.104192 0.261667 0.110180
0 0.517500 0.489820 0.477500 0.492814 0.401667 0.508383 0.381667 0.517964 0.375000 0.528742 0.381667 0.551497 0.400000 0.571856 0.399167 0.580240 0.388333 0.595210 0.390833 0.606587 0.399167 0.614371 0.417500 0.620958 0.436667 0.622755 0.445000 0.628743 0.466667 0.687425 0.482500 0.753892 0.491667 0.767066 0.510833 0.774850 0.532500 0.773054 0.557500 0.767066 0.569167 0.759281 0.575833 0.748503 0.560833 0.680838 0.551667 0.661677 0.551667 0.646108 0.557500 0.631737 0.559167 0.608982 0.573333 0.597605 0.580833 0.583832 0.571667 0.569461 0.533333 0.547305 0.545833 0.540120 0.552500 0.531138 0.553333 0.513772 0.539167 0.495210
3 0.288333 0.576048 0.255833 0.606587 0.240833 0.626347 0.223333 0.662874 0.222500 0.673653 0.226667 0.680838 0.250000 0.690419 0.289167 0.688623 0.305000 0.698802 0.314167 0.698204 0.330000 0.702994 0.347500 0.712575 0.357500 0.711976 0.372500 0.723353 0.385000 0.723353 0.423333 0.742515 0.446667 0.749701 0.475833 0.768862 0.490000 0.771257 0.518333 0.783832 0.553333 0.791617 0.577500 0.791617 0.590833 0.786826 0.605833 0.754491 0.596667 0.739521 0.581667 0.730539 0.560000 0.723353 0.484167 0.686228 0.344167 0.623952 0.337500 0.616168 0.347500 0.589222 0.338333 0.579641 0.313333 0.570659 0.300833 0.571257
