2 0.622500 0.139521 0.611667 0.122754 0.602500 0.115569 0.580000 0.106587 0.550000 0.101796 0.536667 0.101796 0.502500 0.110180 0.473333 0.130539 0.466667 0.132335 0.430000 0.127545 0.371667 0.125150 0.349167 0.120958 0.302500 0.118563 0.281667 0.129341 0.265833 0.152096 0.265000 0.188623 0.269167 0.195808 0.285833 0.209581 0.304167 0.214970 0.462500 0.232335 0.470000 0.237126 0.477500 0.252695 0.490000 0.265868 0.522500 0.276647 0.561667 0.277246 0.599167 0.258683 0.615833 0.244910 0.623333 0.229940 0.628333 0.186228
3 0.568333 0.111377 0.520833 0.122156 0.470833 0.139521 0.439167 0.159880 0.434167 0.170659 0.452500 0.193413 0.494167 0.188024 0.505000 0.192814 0.620000 0.364072 0.631667 0.386228 0.648333 0.400599 0.660833 0.405988 0.668333 0.405988 0.700000 0.396407 0.716667 0.386228 0.717500 0.364671 0.611667 0.200599 0.595000 0.179042 0.584167 0.171257 0.586667 0.158683 0.612500 0.143713 0.620000 0.135928 0.604167 0.112575 0.590833 0.109581
0 0.754167 0.415569 0.731667 0.411377 0.701667 0.423952 0.675000 0.443713 0.531667 0.530539 0.510833 0.531737 0.495833 0.520958 0.468333 0.516168 0.455833 0.537725 0.457500 0.558084 0.447500 0.561677 0.425833 0.559880 0.411667 0.562275 0.395000 0.571856 0.386667 0.583832 0.387500 0.594611 0.413333 0.623952 0.476667 0.665868 0.512500 0.676647 0.540833 0.664072 0.558333 0.644311 0.583333 0.641317 0.592500 0.636527 0.605000 0.616766 0.600000 0.600599 0.603333 0.591018 0.629167 0.572455 0.701667 0.543114 0.734167 0.524551 0.773333 0.496407 0.785000 0.482036 0.790833 0.456287 0.782500 0.443114
3 0.392500 0.215569 0.342500 0.227545 0.327500 0.251497 0.340000 0.301198 0.370000 0.378443 0.400833 0.481437 0.414167 0.509581 0.410833 0.522156 0.370000 0.546108 0.367500 0.561677 0.375833 0.580240 0.405000 0.588623 0.484167 0.588024 0.533333 0.577246 0.566667 0.565269 0.590833 0.546108 0.597500 0.531737 0.585000 0.507784 0.524167 0.497006 0.435000 0.245509 0.415833 0.221557
0 0.376667 0.379042 0.349167 0.369461 0.330000 0.368862 0.320000 0.372455 0.286667 0.397605 0.233333 0.447904 0.192500 0.479641 0.166667 0.472455 0.150833 0.473054 0.120000 0.490419 0.105833 0.521557 0.090000 0.529940 0.071667 0.546707 0.065000 0.556886 0.063333 0.571257 0.067500 0.581437 0.080000 0.595808 0.121667 0.626946 0.163333 0.640719 0.180833 0.641317 0.199167 0.637126 0.219167 0.628144 0.230833 0.619162 0.235833 0.603593 0.243333 0.597006 0.267500 0.591617 0.280833 0.583832 0.293333 0.564671 0.293333 0.544910 0.285833 0.529341 0.285833 0.516766 0.301667 0.498802 0.365000 0.446108 0.371667 0.435928 0.391667 0.419162 0.397500 0.402395 0.390000 0.388024
3 0.622500 0.235329 0.580833 0.227545 0.512500 0.223952 0.481667 0.227545 0.473333 0.231138 0.463333 0.243114 0.460833 0.268263 0.470833 0.291018 0.466667 0.323353 0.457500 0.341916 0.445833 0.394611 0.438333 0.404192 0.437500 0.425150 0.425000 0.445509 0.411667 0.492216 0.395833 0.520359 0.386667 0.549102 0.388333 0.583832 0.394167 0.595808 0.402500 0.600000 0.445833 0.607784 0.471667 0.608383 0.489167 0.599401 0.500833 0.583832 0.511667 0.551497 0.534167 0.508982 0.611667 0.320958 0.623333 0.310778 0.676667 0.311976 0.690833 0.297605 0.696667 0.275449 0.690000 0.259281
1 0.460000 0.150299 0.350833 0.180240 0.350833 0.214371 0.363333 0.232335 0.425833 0.235928 0.438333 0.257485 0.614167 0.929341 0.641667 0.961078 0.705833 0.961677 0.736667 0.948503 0.745000 0.923952 0.647500 0.526946 0.561667 0.237725 0.565000 0.217964 0.618333 0.189820 0.621667 0.154491 0.609167 0.146108 0.571667 0.140719
2 0.413333 0.419162 0.396667 0.415569 0.358333 0.428144 0.337500 0.441916 0.270000 0.474252 0.237500 0.494012 0.226667 0.494012 0.215833 0.486228 0.202500 0.481437 0.184167 0.481437 0.162500 0.489222 0.143333 0.505988 0.140833 0.517964 0.157500 0.546108 0.205833 0.596407 0.217500 0.604192 0.234167 0.621557 0.250833 0.630539 0.275000 0.632335 0.288333 0.628743 0.308333 0.617365 0.316667 0.610180 0.320000 0.600599 0.319167 0.591617 0.308333 0.573054 0.309167 0.564072 0.331667 0.556287 0.374167 0.531737 0.383333 0.530539 0.430833 0.501796 0.455000 0.490419 0.465000 0.480240 0.467500 0.470060 0.464167 0.464072 0.448333 0.451497 0.434167 0.433533
0 0.765000 0.127545 0.750833 0.127545 0.732500 0.134731 0.647500 0.232934 0.640000 0.235928 0.616667 0.230539 0.603333 0.232335 0.594167 0.244311 0.594167 0.262874 0.587500 0.266467 0.579167 0.265868 0.569167 0.269461 0.555833 0.282635 0.554167 0.294012 0.566667 0.304790 0.630000 0.331138 0.660000 0.340719 0.677500 0.340719 0.689167 0.333533 0.704167 0.332335 0.715000 0.328144 0.724167 0.313772 0.723333 0.304192 0.727500 0.295808 0.728333 0.279042 0.722500 0.268862 0.722500 0.262874 0.735000 0.253892 0.742500 0.242515 0.791667 0.195210 0.809167 0.173653 0.813333 0.162874 0.810000 0.147904
1 0.615000 0.138922 0.575833 0.135329 0.540833 0.168862 0.283333 0.758084 0.212500 0.773054 0.197500 0.793413 0.200833 0.807186 0.215833 0.816766 0.303333 0.844311 0.410833 0.858084 0.425000 0.856287 0.436667 0.844910 0.442500 0.814371 0.400833 0.795808 0.394167 0.780838 0.649167 0.215569 0.655833 0.158683
0 0.629167 0.797605 0.618333 0.817365 0.618333 0.830539 0.625000 0.836527 0.645000 0.843713 0.710833 0.855090 0.756667 0.867665 0.772500 0.868862 0.778333 0.888024 0.783333 0.893413 0.790000 0.895808 0.804167 0.895808 0.818333 0.889820 0.830833 0.890419 0.850000 0.901198 0.873333 0.902994 0.883333 0.897605 0.908333 0.854491 0.914167 0.831737 0.910000 0.816168 0.900833 0.810778 0.875000 0.802994 0.866667 0.804790 0.853333 0.804192 0.845833 0.797605 0.836667 0.793413 0.826667 0.792814 0.815833 0.796407 0.793333 0.813772 0.787500 0.814371 0.752500 0.805988 0.731667 0.804192 0.659167 0.791617 0.643333 0.791617
2 0.764167 0.690419 0.737500 0.691018 0.716667 0.701796 0.696667 0.726347 0.680833 0.738323 0.631667 0.798802 0.623333 0.801198 0.605833 0.799401 0.577500 0.801198 0.553333 0.814970 0.534167 0.841916 0.534167 0.856287 0.540000 0.870060 0.567500 0.895808 0.587500 0.908982 0.638333 0.932934 0.704167 0.950299 0.717500 0.946707 0.744167 0.928743 0.755000 0.917365 0.762500 0.904790 0.764167 0.890419 0.760000 0.879641 0.745000 0.862874 0.745000 0.856886 0.804167 0.792216 0.832500 0.750299 0.830000 0.737725 0.804167 0.708982
0 0.209167 0.520958 0.232500 0.600000 0.233333 0.614371 0.242500 0.628743 0.250000 0.632335 0.272500 0.631138 0.300000 0.625150 0.321667 0.631138 0.357500 0.630539 0.400000 0.608383 0.431667 0.608982 0.450000 0.602395 0.475833 0.602395 0.505833 0.595808 0.524167 0.597006 0.539167 0.592814 0.582500 0.588623 0.610000 0.577246 0.632500 0.561078 0.635000 0.549102 0.627500 0.508982 0.602500 0.499401 0.461667 0.513174 0.430833 0.511976 0.404167 0.516766 0.387500 0.515569 0.365833 0.519760 0.358333 0.517964 0.336667 0.491617 0.320000 0.488024 0.291667 0.506587 0.283333 0.507186 0.257500 0.500599 0.226667 0.504192 0.214167 0.509581
1 0.767500 0.297605 0.650000 0.234731 0.629167 0.235329 0.610000 0.255689 0.631667 0.280240 0.620833 0.301198 0.491667 0.415569 0.444167 0.444910 0.320000 0.561078 0.188333 0.671856 0.170833 0.697006 0.183333 0.715569 0.220000 0.734132 0.242500 0.729940 0.256667 0.721557 0.698333 0.338323 0.719167 0.332335 0.753333 0.347305 0.783333 0.328743 0.781667 0.310778
0 0.548333 0.302395 0.534167 0.300000 0.520833 0.302395 0.414167 0.349102 0.334167 0.380240 0.323333 0.377844 0.300833 0.363473 0.285000 0.361677 0.276667 0.368862 0.275833 0.379042 0.266667 0.385629 0.253333 0.388623 0.238333 0.388024 0.211667 0.400599 0.205000 0.409581 0.205833 0.415569 0.226667 0.444311 0.264167 0.481437 0.282500 0.492216 0.294167 0.493413 0.351667 0.473653 0.385000 0.470659 0.391667 0.463473 0.385000 0.443114 0.394167 0.430539 0.447500 0.412575 0.456667 0.405389 0.483333 0.397605 0.509167 0.384431 0.526667 0.382036 0.555000 0.373054 0.572500 0.353892 0.575833 0.344311 0.575000 0.336527
2 0.486667 0.647904 0.480000 0.655689 0.475833 0.666467 0.470833 0.673054 0.470833 0.679042 0.475000 0.681437 0.477500 0.681437 0.482500 0.683832 0.485000 0.683832 0.485833 0.685030 0.488333 0.685030 0.490000 0.686228 0.492500 0.686228 0.493333 0.687425 0.506667 0.691018 0.511667 0.694012 0.514167 0.694012 0.519167 0.696407 0.545833 0.704192 0.547500 0.705389 0.548333 0.709581 0.545000 0.717365 0.548333 0.722156 0.558333 0.726347 0.565833 0.727545 0.570833 0.727545 0.575833 0.725748 0.579167 0.720958 0.580833 0.720359 0.582500 0.715569 0.584167 0.714970 0.588333 0.705389 0.590000 0.704790 0.590833 0.700000 0.592500 0.699401 0.594167 0.692814 0.595833 0.691617 0.595833 0.689820 0.597500 0.689222 0.601667 0.676647 0.601667 0.667066 0.598333 0.664671 0.595833 0.664671 0.590833 0.662275 0.576667 0.659880 0.572500 0.662275 0.570000 0.667665 0.565833 0.669461 0.551667 0.665868 0.547500 0.663473 0.537500 0.661078 0.536667 0.659880 0.534167 0.659880 0.529167 0.657485 0.523333 0.656886 0.507500 0.651497 0.501667 0.650898 0.490000 0.647305
