4 0.476667 0.192814 0.462500 0.188623 0.443333 0.190419 0.300000 0.245509 0.271667 0.259281 0.255000 0.252096 0.235000 0.235928 0.224167 0.231737 0.183333 0.245509 0.168333 0.256287 0.164167 0.265868 0.166667 0.292814 0.179167 0.320958 0.215833 0.361078 0.235000 0.371856 0.245833 0.383234 0.273333 0.400599 0.280833 0.402994 0.300833 0.401796 0.315000 0.397006 0.336667 0.383832 0.342500 0.361677 0.337500 0.337126 0.341667 0.334132 0.355833 0.331138 0.404167 0.309581 0.420833 0.304790 0.515833 0.262874 0.521667 0.249102 0.520000 0.237126 0.496667 0.205389
2 0.710000 0.259281 0.675833 0.254491 0.643333 0.260479 0.578333 0.297006 0.520000 0.317365 0.470833 0.342515 0.389167 0.373054 0.363333 0.359281 0.352500 0.338323 0.325833 0.332335 0.259167 0.355090 0.242500 0.376647 0.240000 0.392216 0.260000 0.424551 0.324167 0.493413 0.411667 0.564671 0.455000 0.571856 0.495000 0.558683 0.515833 0.545509 0.526667 0.531138 0.528333 0.515569 0.515000 0.493413 0.519167 0.482635 0.572500 0.454491 0.583333 0.443713 0.671667 0.405988 0.685833 0.394012 0.707500 0.388024 0.734167 0.370060 0.758333 0.362275 0.784167 0.346108 0.783333 0.333533
3 0.810000 0.328743 0.807500 0.329940 0.802500 0.329341 0.796667 0.331138 0.795000 0.332335 0.792500 0.338323 0.792500 0.341317 0.795000 0.343114 0.808333 0.347305 0.808333 0.354491 0.805833 0.361078 0.806667 0.363473 0.805000 0.365269 0.805833 0.367665 0.803333 0.375449 0.804167 0.377844 0.802500 0.379641 0.803333 0.382036 0.800833 0.388623 0.801667 0.391018 0.800000 0.392814 0.800833 0.394012 0.799167 0.397006 0.799167 0.402395 0.796667 0.407784 0.797500 0.408383 0.795000 0.416168 0.795000 0.420359 0.800000 0.426347 0.805833 0.428144 0.815000 0.428144 0.822500 0.424551 0.825000 0.417964 0.824167 0.417365 0.827500 0.406587 0.826667 0.404192 0.828333 0.402395 0.827500 0.400000 0.830000 0.393413 0.829167 0.392814 0.832500 0.379042 0.831667 0.376647 0.834167 0.371856 0.834167 0.366467 0.837500 0.355689 0.836667 0.354491 0.838333 0.351497 0.841667 0.349102 0.845833 0.349701 0.854167 0.347904 0.856667 0.343114 0.856667 0.338323 0.849167 0.334132 0.847500 0.334731 0.834167 0.331138 0.829167 0.331138 0.821667 0.329341
0 0.790833 0.222754 0.782500 0.220958 0.780833 0.219162 0.775000 0.218563 0.767500 0.222754 0.761667 0.230539 0.755833 0.230539 0.753333 0.235928 0.756667 0.240120 0.756667 0.242515 0.735000 0.262275 0.732500 0.267066 0.735000 0.270659 0.745000 0.274251 0.749167 0.273054 0.753333 0.270659 0.770833 0.253892 0.775833 0.251497 0.782500 0.252695 0.787500 0.251497 0.789167 0.249701 0.787500 0.241317 0.796667 0.239521 0.802500 0.234132 0.801667 0.229341
1 0.795000 0.225749 0.750000 0.219162 0.720833 0.238323 0.378333 0.763473 0.354167 0.780838 0.306667 0.773054 0.285000 0.794611 0.283333 0.807186 0.294167 0.818563 0.330000 0.828144 0.406667 0.862874 0.469167 0.877245 0.490000 0.873653 0.499167 0.864671 0.504167 0.838922 0.471667 0.819761 0.470000 0.805389 0.818333 0.276647 0.824167 0.242515
0 0.265000 0.075449 0.264167 0.079641 0.266667 0.081437 0.265833 0.077844 0.267500 0.077246
0 0.461667 0.477246 0.445833 0.473054 0.421667 0.479641 0.411667 0.480240 0.389167 0.474252 0.375000 0.477844 0.369167 0.484431 0.359167 0.486228 0.354167 0.493413 0.345000 0.496407 0.345000 0.503593 0.334167 0.508383 0.317500 0.506587 0.296667 0.514371 0.267500 0.514371 0.250000 0.519760 0.235833 0.514970 0.211667 0.521557 0.200833 0.531138 0.197500 0.541317 0.205833 0.571257 0.220000 0.575449 0.235000 0.574850 0.260833 0.568862 0.339167 0.561677 0.385833 0.552695 0.390833 0.553892 0.405833 0.570659 0.420000 0.571257 0.424167 0.570060 0.431667 0.558084 0.453333 0.558683 0.482500 0.553892 0.490000 0.544910 0.481667 0.519162
0 0.679167 0.584431 0.652500 0.573054 0.596667 0.608982 0.573333 0.601198 0.557500 0.600599 0.549167 0.610778 0.555000 0.631138 0.554167 0.641317 0.450833 0.683832 0.442500 0.691617 0.428333 0.694611 0.386667 0.712575 0.379167 0.726946 0.396667 0.752695 0.410833 0.762275 0.460000 0.758084 0.480833 0.750299 0.491667 0.741317 0.504167 0.738323 0.555000 0.710778 0.560833 0.710778 0.572500 0.717964 0.585833 0.705988 0.589167 0.695808 0.606667 0.702395 0.620000 0.712575 0.634167 0.716766 0.645833 0.711976 0.652500 0.702994 0.663333 0.700599 0.665000 0.689820 0.670833 0.683832 0.682500 0.685030 0.695833 0.682635 0.729167 0.669461 0.733333 0.661078 0.731667 0.655689 0.719167 0.642515 0.701667 0.614371 0.684167 0.597006
3 0.895833 0.436527 0.889167 0.432335 0.882500 0.434132 0.879167 0.437725 0.880000 0.444910 0.878333 0.446108 0.870000 0.447904 0.868333 0.449701 0.863333 0.450898 0.855833 0.454491 0.851667 0.455090 0.850833 0.456287 0.797500 0.473054 0.792500 0.477844 0.792500 0.480240 0.796667 0.486228 0.802500 0.488024 0.806667 0.488024 0.820833 0.483832 0.828333 0.482635 0.846667 0.476048 0.849167 0.476048 0.857500 0.472455 0.860833 0.472455 0.862500 0.470659 0.865833 0.470659 0.876667 0.466467 0.882500 0.465868 0.884167 0.464072 0.887500 0.462874 0.891667 0.463473 0.895833 0.468263 0.900000 0.470060 0.905000 0.469461 0.909167 0.467665 0.910833 0.465269 0.910000 0.460479 0.906667 0.455689 0.907500 0.452096 0.905000 0.450299 0.901667 0.443713 0.895833 0.437725
2 0.611667 0.379641 0.572500 0.392216 0.529167 0.411976 0.495833 0.435928 0.452500 0.458683 0.413333 0.498204 0.406667 0.511976 0.405833 0.540120 0.430833 0.571856 0.468333 0.592216 0.494167 0.593413 0.534167 0.588024 0.551667 0.591018 0.590000 0.618563 0.643333 0.685629 0.667500 0.705389 0.700833 0.725748 0.725000 0.731737 0.738333 0.731138 0.771667 0.723353 0.803333 0.707186 0.840000 0.674850 0.851667 0.650898 0.830833 0.618563 0.775833 0.570060 0.754167 0.544910 0.695000 0.495808 0.718333 0.452096 0.717500 0.439521 0.707500 0.422156 0.664167 0.385629 0.635000 0.377246
0 0.213333 0.562874 0.202500 0.555090 0.199167 0.555090 0.196667 0.553892 0.190000 0.553892 0.185833 0.556886 0.184167 0.560479 0.180833 0.562874 0.173333 0.562874 0.165000 0.560479 0.160833 0.561677 0.156667 0.567665 0.159167 0.573054 0.157500 0.576647 0.155000 0.578443 0.151667 0.578443 0.149167 0.580240 0.147500 0.579641 0.142500 0.580838 0.135833 0.583832 0.133333 0.583234 0.130833 0.585030 0.128333 0.585030 0.123333 0.587425 0.122500 0.586826 0.119167 0.589222 0.115833 0.589222 0.094167 0.596407 0.091667 0.600599 0.091667 0.604192 0.094167 0.605988 0.096667 0.612575 0.098333 0.613174 0.097500 0.613772 0.102500 0.616168 0.109167 0.616766 0.115000 0.614371 0.116667 0.614970 0.120833 0.613174 0.121667 0.613772 0.125000 0.611377 0.125833 0.611976 0.127500 0.610778 0.128333 0.611377 0.130000 0.610180 0.140833 0.607784 0.143333 0.605988 0.147500 0.605988 0.152500 0.603593 0.156667 0.603593 0.161667 0.601198 0.170833 0.600000 0.172500 0.602395 0.178333 0.605988 0.182500 0.607186 0.188333 0.607186 0.191667 0.605389 0.195000 0.599401 0.201667 0.597006 0.211667 0.598204 0.214167 0.597006 0.218333 0.597006 0.223333 0.594012 0.225833 0.588024 0.220833 0.575449 0.219167 0.574850 0.217500 0.571257 0.215833 0.570659 0.216667 0.570060 0.214167 0.568263 0.215000 0.567665
0 0.244167 0.275449 0.226667 0.286826 0.206667 0.305389 0.202500 0.323952 0.220000 0.351497 0.243333 0.369461 0.242500 0.391617 0.253333 0.407784 0.273333 0.419162 0.288333 0.423353 0.330000 0.426946 0.345833 0.440719 0.403333 0.505988 0.423333 0.519162 0.449167 0.523952 0.474167 0.514970 0.490833 0.498204 0.490000 0.482635 0.478333 0.464671 0.450833 0.437126 0.410000 0.388024 0.409167 0.382635 0.418333 0.371856 0.424167 0.357485 0.421667 0.343114 0.415000 0.333533 0.404167 0.325150 0.374167 0.313174 0.368333 0.298802 0.355000 0.288623 0.352500 0.278443 0.329167 0.263473 0.313333 0.259880 0.283333 0.262874
2 0.199167 0.295210 0.173333 0.343713 0.164167 0.386228 0.164167 0.426347 0.177500 0.489820 0.188333 0.501796 0.211667 0.513772 0.261667 0.519760 0.279167 0.517365 0.305000 0.506587 0.331667 0.479641 0.340833 0.476048 0.550833 0.493413 0.591667 0.503593 0.636667 0.504192 0.648333 0.498204 0.670000 0.465269 0.675833 0.429341 0.671667 0.393413 0.655000 0.379641 0.617500 0.373054 0.491667 0.362874 0.438333 0.350898 0.363333 0.344311 0.354167 0.332335 0.345000 0.302994 0.328333 0.288623 0.303333 0.277246 0.246667 0.273054 0.218333 0.279042
3 0.802500 0.069461 0.788333 0.062275 0.767500 0.061078 0.739167 0.077246 0.731667 0.088024 0.750833 0.117964 0.749167 0.126347 0.735833 0.135928 0.474167 0.261677 0.391667 0.313174 0.380833 0.335928 0.424167 0.375449 0.435833 0.380838 0.461667 0.378443 0.497500 0.364671 0.816667 0.202994 0.833333 0.203593 0.861667 0.226946 0.875833 0.232335 0.890833 0.228743 0.921667 0.210778 0.922500 0.195210 0.905000 0.167665 0.875833 0.141317 0.835000 0.094012
2 0.693333 0.198802 0.660000 0.195808 0.636667 0.202994 0.625000 0.211377 0.610833 0.228743 0.555000 0.317964 0.536667 0.322755 0.528333 0.330539 0.509167 0.328144 0.490833 0.335928 0.477500 0.347305 0.465000 0.367066 0.462500 0.386826 0.465833 0.400000 0.476667 0.411976 0.516667 0.443713 0.579167 0.464072 0.624167 0.467066 0.660833 0.459281 0.683333 0.444910 0.701667 0.421557 0.705000 0.408383 0.702500 0.392216 0.681667 0.359880 0.740833 0.262874 0.745833 0.244311 0.741667 0.230539 0.733333 0.219760 0.719167 0.208383
2 0.292500 0.104790 0.285000 0.125150 0.281667 0.148503 0.282500 0.201198 0.287500 0.226946 0.300000 0.238922 0.306667 0.241916 0.330833 0.246108 0.349167 0.244311 0.363333 0.236527 0.367500 0.223952 0.375833 0.219162 0.413333 0.219162 0.429167 0.216766 0.467500 0.218563 0.478333 0.220958 0.493333 0.219162 0.515000 0.221557 0.533333 0.220958 0.544167 0.223353 0.563333 0.220359 0.568333 0.216766 0.570000 0.165269 0.553333 0.150299 0.540000 0.146707 0.498333 0.146707 0.481667 0.143114 0.460000 0.141916 0.440833 0.143114 0.371667 0.134731 0.363333 0.126347 0.366667 0.112575 0.365000 0.106587 0.357500 0.099401 0.348333 0.096407 0.317500 0.094611 0.296667 0.101198
1 0.682500 0.123353 0.543333 0.103593 0.512500 0.105988 0.499167 0.122754 0.496667 0.149102 0.543333 0.167066 0.549167 0.177844 0.334167 0.758683 0.327500 0.789222 0.334167 0.818563 0.370833 0.832934 0.415833 0.835329 0.450000 0.800000 0.639167 0.282036 0.660000 0.201796 0.677500 0.191617 0.735000 0.186826 0.746667 0.171856 0.740833 0.145509
4 0.407500 0.352096 0.392500 0.391018 0.392500 0.403593 0.404167 0.417365 0.436667 0.429341 0.634167 0.467066 0.654167 0.518563 0.672500 0.526347 0.717500 0.534731 0.747500 0.523952 0.785833 0.488623 0.814167 0.442515 0.819167 0.417365 0.815833 0.385030 0.795833 0.347904 0.765833 0.335329 0.736667 0.330539 0.724167 0.334132 0.695000 0.361677 0.668333 0.367665 0.530000 0.340719 0.445000 0.328743 0.428333 0.331737
4 0.749167 0.692814 0.725000 0.699401 0.714167 0.712575 0.670000 0.745509 0.655833 0.765269 0.611667 0.798204 0.605000 0.806587 0.582500 0.807784 0.540833 0.798802 0.522500 0.803593 0.497500 0.823952 0.493333 0.830539 0.510833 0.855090 0.565833 0.895210 0.611667 0.920359 0.635833 0.930539 0.660000 0.935928 0.677500 0.937725 0.690833 0.934731 0.721667 0.908383 0.721667 0.899401 0.696667 0.876048 0.694167 0.869461 0.704167 0.864671 0.714167 0.850299 0.731667 0.840719 0.750000 0.817964 0.822500 0.759281 0.831667 0.746108 0.827500 0.736527 0.795000 0.712575
0 0.885000 0.162874 0.835000 0.167665 0.787500 0.192814 0.775833 0.196407 0.766667 0.195210 0.765833 0.202395 0.760000 0.207186 0.745000 0.207784 0.736667 0.211377 0.720833 0.210180 0.715833 0.218563 0.688333 0.243114 0.676667 0.241916 0.665833 0.232934 0.647500 0.225749 0.630000 0.231737 0.619167 0.250898 0.603333 0.267066 0.575000 0.271257 0.544167 0.285030 0.538333 0.293413 0.543333 0.302395 0.565000 0.322156 0.577500 0.342515 0.600000 0.356886 0.612500 0.376647 0.626667 0.383234 0.643333 0.382036 0.659167 0.373653 0.680833 0.352695 0.690000 0.351497 0.702500 0.344910 0.727500 0.347904 0.739167 0.345509 0.747500 0.337126 0.743333 0.304790 0.749167 0.298204 0.837500 0.253892 0.858333 0.238922 0.884167 0.231737 0.910000 0.215569 0.917500 0.206587 0.914167 0.191018
2 0.667500 0.153892 0.655000 0.156886 0.630000 0.172455 0.619167 0.183234 0.612500 0.194012 0.610000 0.208383 0.612500 0.216168 0.625000 0.229940 0.626667 0.235329 0.614167 0.251497 0.567500 0.295808 0.565000 0.302395 0.541667 0.330539 0.541667 0.341916 0.555000 0.361078 0.571667 0.374850 0.599167 0.388024 0.622500 0.388623 0.645000 0.377844 0.661667 0.358683 0.683333 0.341317 0.725000 0.293413 0.730833 0.291617 0.749167 0.293413 0.775833 0.292216 0.798333 0.279641 0.815833 0.258084 0.817500 0.247305 0.813333 0.232335 0.788333 0.206587 0.776667 0.198204 0.732500 0.173653
1 0.146667 0.390419 0.137500 0.397605 0.139167 0.417964 0.341667 0.806587 0.340000 0.812575 0.310000 0.825150 0.306667 0.831737 0.320000 0.853293 0.352500 0.853892 0.456667 0.822755 0.470000 0.811976 0.469167 0.798204 0.459167 0.786228 0.431667 0.788024 0.421667 0.779641 0.389167 0.716168 0.385833 0.700599 0.372500 0.685030 0.361667 0.656886 0.232500 0.416766 0.200000 0.385030 0.186667 0.380838
3 0.575833 0.188623 0.542500 0.192814 0.516667 0.219162 0.490833 0.299401 0.492500 0.314970 0.451667 0.496407 0.439167 0.514970 0.437500 0.536527 0.422500 0.547904 0.384167 0.553293 0.370000 0.571257 0.365000 0.590419 0.374167 0.605988 0.418333 0.626347 0.462500 0.636527 0.546667 0.646707 0.595833 0.645509 0.629167 0.637126 0.645833 0.625749 0.655833 0.598204 0.643333 0.580838 0.588333 0.562874 0.581667 0.554491 0.591667 0.535928 0.598333 0.479641 0.635000 0.326946 0.647500 0.249701 0.640833 0.223353 0.625833 0.205389
2 0.643333 0.583234 0.613333 0.567665 0.577500 0.566467 0.530833 0.576048 0.515000 0.589820 0.505000 0.634731 0.495000 0.640120 0.448333 0.641317 0.435833 0.646707 0.418333 0.645509 0.399167 0.650299 0.345833 0.650898 0.257500 0.665269 0.210833 0.668263 0.185000 0.679042 0.175000 0.698802 0.184167 0.720359 0.187500 0.761078 0.200833 0.789820 0.213333 0.800599 0.252500 0.804790 0.385000 0.792216 0.463333 0.789222 0.528333 0.779641 0.538333 0.787425 0.551667 0.811377 0.577500 0.823353 0.614167 0.824551 0.659167 0.813772 0.675833 0.797006 0.680833 0.749701 0.655833 0.607784
