0 0.405000 0.282036 0.403333 0.281437 0.397500 0.283234 0.395833 0.285629 0.401667 0.283832 0.404167 0.284431 0.403333 0.283832 0.405000 0.283234
0 0.744167 0.494012 0.737500 0.487425 0.737500 0.485629 0.734167 0.483234 0.725000 0.483832 0.715833 0.488024 0.710000 0.485629 0.705833 0.487425 0.703333 0.491018 0.703333 0.494012 0.701667 0.495210 0.667500 0.503593 0.664167 0.505988 0.663333 0.508383 0.665000 0.511976 0.670833 0.516766 0.684167 0.514970 0.691667 0.512575 0.700000 0.511377 0.704167 0.509581 0.710000 0.509581 0.715833 0.514371 0.721667 0.513772 0.727500 0.505988 0.735833 0.508383 0.743333 0.506587 0.746667 0.504192 0.745833 0.498204 0.743333 0.494611
3 0.447500 0.396407 0.437500 0.397605 0.434167 0.399401 0.433333 0.401796 0.430000 0.404192 0.420000 0.419760 0.415833 0.423353 0.416667 0.423952 0.405833 0.438323 0.406667 0.438922 0.403333 0.441317 0.395833 0.453892 0.391667 0.457485 0.388333 0.462275 0.389167 0.462874 0.385833 0.465269 0.379167 0.477246 0.371667 0.477246 0.366667 0.475449 0.360000 0.476048 0.355833 0.478443 0.356667 0.479042 0.353333 0.483832 0.356667 0.488024 0.361667 0.490419 0.364167 0.494012 0.384167 0.502395 0.387500 0.502395 0.390000 0.504192 0.393333 0.504192 0.405000 0.508383 0.413333 0.508982 0.415833 0.506587 0.415833 0.504192 0.414167 0.502395 0.415000 0.493413 0.409167 0.488623 0.408333 0.485629 0.412500 0.482036 0.415833 0.476647 0.415000 0.476048 0.424167 0.465269 0.425833 0.461677 0.430000 0.458084 0.429167 0.457485 0.431667 0.451497 0.435833 0.448503 0.440833 0.437126 0.443333 0.435329 0.445833 0.429940 0.462500 0.411377 0.462500 0.404790 0.460833 0.402994 0.451667 0.397605
3 0.495000 0.368862 0.468333 0.367665 0.438333 0.388623 0.439167 0.402994 0.470000 0.434731 0.438333 0.450898 0.421667 0.467665 0.315000 0.540120 0.209167 0.619162 0.181667 0.644910 0.175000 0.661078 0.179167 0.671257 0.192500 0.685030 0.226667 0.705389 0.241667 0.707186 0.265833 0.701198 0.309167 0.670659 0.343333 0.653892 0.417500 0.596407 0.508333 0.534132 0.540833 0.505389 0.564167 0.497006 0.610833 0.513174 0.649167 0.486826 0.637500 0.463473 0.595000 0.429341
4 0.474167 0.405988 0.450833 0.398204 0.405000 0.420359 0.424167 0.452096 0.418333 0.463473 0.406667 0.473054 0.360000 0.489820 0.223333 0.550299 0.215000 0.559281 0.235000 0.585030 0.243333 0.603593 0.260833 0.621557 0.281667 0.620958 0.304167 0.614371 0.350833 0.594012 0.368333 0.583234 0.447500 0.552695 0.468333 0.541916 0.489167 0.541317 0.492500 0.544910 0.491667 0.554491 0.520000 0.567066 0.535000 0.565269 0.572500 0.549102 0.574167 0.533533 0.557500 0.500000 0.495833 0.423353
3 0.322500 0.560479 0.309167 0.562874 0.287500 0.571856 0.281667 0.577844 0.280833 0.590419 0.296667 0.616766 0.296667 0.623353 0.310833 0.650299 0.331667 0.679641 0.362500 0.734731 0.377500 0.753293 0.379167 0.765269 0.358333 0.777246 0.355000 0.783234 0.366667 0.803593 0.381667 0.805389 0.429167 0.794012 0.500000 0.766467 0.505833 0.761078 0.506667 0.749701 0.497500 0.737126 0.488333 0.734731 0.465000 0.739521 0.451667 0.739521 0.445833 0.721557 0.435833 0.711377 0.435000 0.705389 0.422500 0.688024 0.404167 0.652096 0.394167 0.640120 0.360000 0.582635 0.342500 0.564072 0.334167 0.560479
1 0.103333 0.468263 0.100833 0.489820 0.132500 0.504790 0.215833 0.521557 0.650000 0.631138 0.664167 0.631737 0.671667 0.637725 0.670833 0.661677 0.692500 0.670659 0.706667 0.671257 0.719167 0.662874 0.760833 0.589222 0.760000 0.569461 0.748333 0.557485 0.729167 0.553293 0.715833 0.555689 0.702500 0.573653 0.687500 0.576048 0.150000 0.446108 0.119167 0.450299
2 0.207500 0.522754 0.148333 0.556287 0.117500 0.583832 0.115000 0.595210 0.162500 0.649701 0.195000 0.676048 0.275000 0.753293 0.275000 0.761677 0.265833 0.768862 0.255000 0.787425 0.255833 0.798204 0.270000 0.818563 0.301667 0.839521 0.323333 0.841916 0.341667 0.838323 0.378333 0.823952 0.466667 0.777844 0.530833 0.737126 0.545000 0.719760 0.545000 0.705988 0.523333 0.678443 0.495833 0.662275 0.472500 0.660479 0.435000 0.673054 0.413333 0.670060 0.375833 0.631138 0.347500 0.610180 0.339167 0.598204 0.257500 0.531138 0.230000 0.518563
4 0.168333 0.292216 0.134167 0.324551 0.129167 0.349701 0.144167 0.371257 0.172500 0.394611 0.253333 0.437725 0.290000 0.465269 0.344167 0.497006 0.346667 0.506587 0.332500 0.538323 0.345833 0.573054 0.368333 0.591018 0.405000 0.609581 0.448333 0.599401 0.500833 0.574251 0.572500 0.520359 0.610833 0.479042 0.627500 0.442515 0.620000 0.414970 0.591667 0.393413 0.556667 0.376647 0.532500 0.379042 0.491667 0.402395 0.476667 0.404790 0.465833 0.401198 0.439167 0.380240 0.276667 0.282036 0.239167 0.270659 0.215833 0.273054
0 0.459167 0.541916 0.425833 0.549102 0.422500 0.553892 0.422500 0.558084 0.450000 0.635329 0.448333 0.644910 0.430833 0.653293 0.428333 0.657485 0.434167 0.667066 0.448333 0.670659 0.447500 0.680239 0.443333 0.690419 0.451667 0.707186 0.456667 0.708982 0.467500 0.710180 0.498333 0.706587 0.525833 0.700599 0.541667 0.694012 0.549167 0.683832 0.545833 0.674251 0.538333 0.668263 0.532500 0.666467 0.527500 0.661078 0.530000 0.652695 0.535000 0.647904 0.538333 0.640719 0.530833 0.634132 0.515000 0.634132 0.503333 0.631737 0.504167 0.628144 0.480000 0.570659 0.475833 0.554491 0.471667 0.546108 0.465000 0.542515
2 0.260000 0.414371 0.240833 0.423952 0.198333 0.470060 0.191667 0.492216 0.199167 0.504192 0.225000 0.523353 0.256667 0.535928 0.320833 0.574251 0.350833 0.583832 0.425833 0.628144 0.437500 0.641317 0.437500 0.648503 0.417500 0.673653 0.415000 0.684431 0.423333 0.695808 0.446667 0.713174 0.486667 0.723952 0.517500 0.720958 0.576667 0.679641 0.605833 0.647305 0.643333 0.594611 0.659167 0.564072 0.650000 0.526347 0.620833 0.505988 0.582500 0.497605 0.565000 0.498802 0.534167 0.515569 0.515000 0.516168 0.482500 0.504192 0.428333 0.475449 0.408333 0.471257 0.381667 0.455689 0.365833 0.452695 0.342500 0.434731 0.314167 0.427545 0.290833 0.413174 0.277500 0.411377
