3 0.505833 0.600000 0.479167 0.589222 0.450833 0.594012 0.372500 0.627545 0.302500 0.667066 0.198333 0.716766 0.168333 0.724551 0.150000 0.735928 0.135000 0.736527 0.108333 0.722754 0.086667 0.726347 0.065833 0.735928 0.060000 0.750898 0.067500 0.777844 0.083333 0.801198 0.125833 0.845509 0.150833 0.862874 0.175000 0.871257 0.190833 0.872455 0.219167 0.861677 0.228333 0.846707 0.212500 0.813772 0.215000 0.806587 0.236667 0.799401 0.286667 0.771257 0.495000 0.668263 0.516667 0.647904 0.522500 0.631737 0.520833 0.620958
0 0.321667 0.046707 0.295833 0.052695 0.289167 0.059880 0.292500 0.073054 0.302500 0.086826 0.310833 0.102395 0.310833 0.105988 0.320833 0.119760 0.322500 0.126347 0.328333 0.134731 0.329167 0.140120 0.339167 0.154491 0.336667 0.164072 0.325833 0.168263 0.318333 0.174850 0.318333 0.177246 0.330000 0.185030 0.346667 0.189222 0.347500 0.192814 0.340833 0.203593 0.343333 0.211976 0.348333 0.217365 0.355833 0.220958 0.370833 0.220359 0.390000 0.215569 0.433333 0.197605 0.441667 0.189222 0.440000 0.180838 0.435000 0.173054 0.426667 0.167066 0.428333 0.155090 0.425000 0.150299 0.414167 0.143713 0.402500 0.143114 0.396667 0.140719 0.391667 0.132335 0.387500 0.129341 0.378333 0.094012 0.374167 0.089222 0.370833 0.078443 0.358333 0.059880 0.345000 0.050299 0.333333 0.046707
3 0.300833 0.380838 0.289167 0.414371 0.292500 0.428144 0.320000 0.449701 0.342500 0.455689 0.364167 0.453293 0.395000 0.433533 0.420833 0.425150 0.561667 0.479042 0.579167 0.491617 0.599167 0.494611 0.658333 0.522156 0.699167 0.533533 0.814167 0.585030 0.855833 0.594012 0.881667 0.592814 0.910000 0.570659 0.935833 0.537126 0.925000 0.515569 0.856667 0.482036 0.762500 0.455689 0.665000 0.409581 0.607500 0.394611 0.570833 0.375449 0.528333 0.361677 0.499167 0.334731 0.507500 0.290419 0.496667 0.278443 0.474167 0.268263 0.435000 0.269461 0.400000 0.282036 0.375000 0.310778 0.341667 0.331138
3 0.739167 0.179641 0.731667 0.179042 0.724167 0.183832 0.705000 0.219760 0.700833 0.223952 0.700000 0.227545 0.691667 0.238922 0.690833 0.243114 0.685833 0.247305 0.685000 0.250898 0.681667 0.253892 0.680833 0.257485 0.676667 0.261677 0.672500 0.270060 0.665833 0.275449 0.651667 0.273054 0.645833 0.274251 0.640833 0.285629 0.643333 0.289222 0.665000 0.296407 0.668333 0.298802 0.704167 0.308383 0.715000 0.307784 0.720833 0.301796 0.722500 0.294012 0.710000 0.287425 0.708333 0.283234 0.710000 0.278443 0.716667 0.270060 0.724167 0.256886 0.725833 0.250898 0.734167 0.240120 0.740000 0.227545 0.741667 0.226946 0.750000 0.210778 0.754167 0.205988 0.760833 0.190419 0.756667 0.185030
0 0.481667 0.300000 0.439167 0.272455 0.414167 0.275449 0.258333 0.397605 0.249167 0.399401 0.207500 0.390419 0.196667 0.391617 0.191667 0.400000 0.194167 0.413772 0.180833 0.423353 0.160833 0.429341 0.142500 0.444910 0.137500 0.453293 0.141667 0.466467 0.186667 0.493413 0.255833 0.526347 0.276667 0.525748 0.302500 0.502994 0.325000 0.497006 0.332500 0.488024 0.347500 0.480838 0.350000 0.470060 0.335000 0.447904 0.345833 0.430539 0.356667 0.427545 0.386667 0.407186 0.392500 0.398204 0.406667 0.390419 0.434167 0.365868 0.479167 0.341317 0.488333 0.313174
3 0.185833 0.174850 0.151667 0.210778 0.137500 0.232335 0.128333 0.237725 0.114167 0.261677 0.113333 0.283832 0.123333 0.293413 0.143333 0.303593 0.163333 0.305988 0.202500 0.282036 0.216667 0.283234 0.235833 0.294611 0.310000 0.322755 0.380000 0.362874 0.519167 0.423952 0.548333 0.427545 0.576667 0.414371 0.594167 0.395808 0.600000 0.379641 0.595833 0.368263 0.577500 0.352096 0.509167 0.317365 0.429167 0.288024 0.314167 0.226347 0.279167 0.214371 0.270833 0.204790 0.281667 0.182635 0.266667 0.161677 0.243333 0.152695 0.228333 0.152695
0 0.556667 0.513174 0.539167 0.505988 0.513333 0.510180 0.478333 0.524551 0.359167 0.562275 0.325000 0.576048 0.305000 0.573653 0.294167 0.561078 0.274167 0.552695 0.254167 0.570060 0.248333 0.588024 0.239167 0.589222 0.213333 0.583234 0.190000 0.589222 0.180000 0.597006 0.175833 0.607784 0.190000 0.639521 0.230833 0.685629 0.257500 0.700599 0.287500 0.695210 0.309167 0.680838 0.338333 0.680838 0.348333 0.676048 0.360000 0.664072 0.360000 0.649701 0.367500 0.640719 0.380833 0.637725 0.394167 0.629940 0.467500 0.616168 0.480833 0.610180 0.501667 0.605988 0.546667 0.588024 0.562500 0.576647 0.575000 0.552096 0.573333 0.542515
4 0.794167 0.294012 0.790833 0.288623 0.778333 0.278443 0.763333 0.274251 0.753333 0.274850 0.750000 0.273653 0.740833 0.276048 0.735833 0.284431 0.732500 0.285629 0.727500 0.292814 0.713333 0.292216 0.700833 0.289820 0.696667 0.291018 0.670000 0.288024 0.666667 0.289222 0.662500 0.288024 0.637500 0.287425 0.630000 0.289222 0.620000 0.298204 0.616667 0.305988 0.615000 0.320359 0.619167 0.326946 0.632500 0.330539 0.655833 0.331138 0.661667 0.332934 0.675000 0.332934 0.678333 0.334132 0.689167 0.333533 0.701667 0.335928 0.717500 0.335329 0.720833 0.339521 0.720833 0.346108 0.729167 0.352695 0.747500 0.358084 0.765000 0.358683 0.773333 0.355090 0.778333 0.347305 0.781667 0.345509 0.789167 0.332335 0.790833 0.321557 0.793333 0.316766
3 0.261667 0.309581 0.260000 0.352695 0.268333 0.401198 0.289167 0.445509 0.317500 0.459880 0.366667 0.456287 0.378333 0.446707 0.389167 0.420958 0.406667 0.410180 0.460000 0.402395 0.490000 0.404192 0.525000 0.398204 0.601667 0.396407 0.669167 0.386826 0.776667 0.386826 0.883333 0.378443 0.914167 0.371257 0.925000 0.359281 0.916667 0.298802 0.908333 0.292814 0.879167 0.287425 0.783333 0.285629 0.677500 0.294611 0.404167 0.306587 0.384167 0.299401 0.363333 0.258084 0.334167 0.253293 0.310000 0.254491 0.286667 0.262874
1 0.050833 0.461078 0.053333 0.488623 0.092500 0.502395 0.782500 0.570659 0.807500 0.588024 0.815833 0.607186 0.840833 0.616168 0.852500 0.614371 0.866667 0.601796 0.875000 0.577844 0.885833 0.491018 0.879167 0.474850 0.863333 0.471257 0.829167 0.471257 0.815000 0.498204 0.798333 0.502994 0.609167 0.487425 0.447500 0.466467 0.109167 0.433533 0.070833 0.436527 0.057500 0.446108
4 0.756667 0.510778 0.726667 0.513174 0.690000 0.533533 0.550833 0.635928 0.521667 0.662275 0.500833 0.659880 0.455833 0.641317 0.437500 0.640120 0.387500 0.676048 0.380000 0.691018 0.381667 0.706587 0.403333 0.744910 0.439167 0.777844 0.505000 0.816168 0.608333 0.852695 0.629167 0.850299 0.656667 0.837725 0.682500 0.807186 0.675833 0.778443 0.656667 0.744910 0.751667 0.677245 0.851667 0.595808 0.851667 0.571856 0.843333 0.558683 0.795000 0.523952
3 0.491667 0.323353 0.482500 0.317964 0.469167 0.314970 0.428333 0.323353 0.356667 0.352695 0.346667 0.360479 0.335833 0.363473 0.325000 0.371257 0.316667 0.372455 0.309167 0.378443 0.285000 0.385030 0.251667 0.402994 0.228333 0.407784 0.210000 0.416766 0.174167 0.407784 0.159167 0.408383 0.142500 0.416168 0.131667 0.426347 0.128333 0.443114 0.132500 0.461078 0.148333 0.470060 0.152500 0.480838 0.161667 0.487425 0.173333 0.502395 0.193333 0.513174 0.220833 0.524551 0.240000 0.525748 0.264167 0.514970 0.268333 0.509581 0.272500 0.488024 0.265833 0.478443 0.266667 0.473653 0.276667 0.471856 0.288333 0.463473 0.303333 0.460479 0.316667 0.449701 0.389167 0.417964 0.445833 0.388024 0.456667 0.386228 0.469167 0.378443 0.482500 0.375449 0.500000 0.359281 0.506667 0.347904 0.504167 0.338323
3 0.310833 0.374850 0.289167 0.403593 0.289167 0.413772 0.309167 0.431737 0.358333 0.422754 0.371667 0.431138 0.395000 0.461677 0.442500 0.512575 0.475000 0.558084 0.485000 0.564072 0.525833 0.611377 0.536667 0.619162 0.560000 0.624551 0.583333 0.620359 0.602500 0.611377 0.611667 0.600599 0.610833 0.588623 0.603333 0.572455 0.575833 0.546108 0.481667 0.432934 0.446667 0.401198 0.439167 0.390419 0.460000 0.371856 0.469167 0.357485 0.455000 0.337126 0.440833 0.333533 0.410000 0.337126
0 0.373333 0.687425 0.362500 0.723353 0.361667 0.741317 0.363333 0.750299 0.375833 0.759880 0.394167 0.762874 0.406667 0.761677 0.423333 0.751497 0.430833 0.761078 0.440833 0.767066 0.446667 0.773653 0.458333 0.777844 0.469167 0.775449 0.485833 0.760479 0.494167 0.759281 0.544167 0.762275 0.579167 0.769461 0.626667 0.774252 0.657500 0.766467 0.661667 0.762275 0.660000 0.743114 0.665000 0.728743 0.658333 0.720359 0.638333 0.719162 0.625833 0.714970 0.612500 0.715569 0.594167 0.710778 0.580000 0.711377 0.562500 0.702395 0.550833 0.701796 0.530000 0.694611 0.508333 0.692814 0.487500 0.679641 0.474167 0.676048 0.464167 0.676647 0.442500 0.670060 0.424167 0.670659 0.403333 0.667665 0.391667 0.668862 0.382500 0.673653
3 0.454167 0.308982 0.442500 0.308383 0.424167 0.315569 0.395000 0.337725 0.166667 0.590419 0.153333 0.593413 0.140833 0.586228 0.095000 0.580838 0.065833 0.608383 0.062500 0.625150 0.088333 0.647305 0.165833 0.684431 0.234167 0.709581 0.289167 0.717365 0.301667 0.708383 0.320833 0.677844 0.280000 0.650898 0.275833 0.639521 0.340000 0.573653 0.515833 0.372455 0.519167 0.344910 0.490000 0.324551
