3 0.166667 0.450299 0.158333 0.481437 0.160833 0.488623 0.172500 0.495808 0.230833 0.508982 0.331667 0.525748 0.347500 0.531138 0.431667 0.543713 0.446667 0.550299 0.443333 0.568862 0.445833 0.579641 0.470000 0.585629 0.479167 0.585629 0.492500 0.576647 0.521667 0.506587 0.524167 0.480838 0.515833 0.469461 0.486667 0.466467 0.481667 0.468862 0.471667 0.486228 0.465833 0.489820 0.456667 0.490419 0.419167 0.482036 0.368333 0.474850 0.340000 0.467066 0.309167 0.462874 0.250833 0.450299 0.191667 0.444311 0.171667 0.446707
2 0.787500 0.749102 0.762500 0.747904 0.735000 0.759281 0.722500 0.770659 0.718333 0.778443 0.718333 0.783832 0.728333 0.797605 0.727500 0.804192 0.720833 0.811377 0.696667 0.825749 0.687500 0.835329 0.608333 0.878443 0.571667 0.904192 0.569167 0.911976 0.600000 0.940719 0.624167 0.955090 0.635833 0.958084 0.653333 0.958084 0.667500 0.954491 0.728333 0.925150 0.755833 0.904790 0.818333 0.874251 0.830833 0.874850 0.843333 0.889222 0.866667 0.894012 0.877500 0.891617 0.900000 0.880240 0.912500 0.868862 0.918333 0.857485 0.916667 0.851497 0.897500 0.827545 0.838333 0.779641
0 0.335833 0.521557 0.331667 0.519162 0.328333 0.519162 0.321667 0.521557 0.319167 0.521557 0.314167 0.523952 0.303333 0.523952 0.297500 0.527545 0.294167 0.535928 0.262500 0.547305 0.271667 0.559281 0.286667 0.555090 0.302500 0.549102 0.307500 0.549102 0.314167 0.552096 0.320833 0.551497 0.325000 0.549701 0.330000 0.544910 0.333333 0.544910 0.342500 0.541317 0.345833 0.536527 0.345000 0.532934
2 0.265833 0.435329 0.245000 0.444311 0.235000 0.462874 0.234167 0.475449 0.238333 0.485030 0.246667 0.491617 0.265000 0.496407 0.270833 0.502994 0.265833 0.524551 0.267500 0.538323 0.262500 0.546707 0.253333 0.581437 0.254167 0.591617 0.249167 0.599401 0.249167 0.613174 0.243333 0.626347 0.241667 0.640719 0.250000 0.646707 0.322500 0.655090 0.338333 0.649102 0.351667 0.634731 0.356667 0.599401 0.370000 0.570060 0.374167 0.546707 0.390000 0.508383 0.408333 0.505389 0.421667 0.510778 0.427500 0.510778 0.440000 0.505988 0.445833 0.500599 0.455000 0.474850 0.444167 0.456287 0.417500 0.447305 0.330833 0.436527
4 0.771667 0.486826 0.762500 0.487425 0.757500 0.489820 0.756667 0.489222 0.754167 0.491018 0.753333 0.494012 0.755833 0.500000 0.754167 0.504790 0.744167 0.506587 0.732500 0.510778 0.730833 0.510180 0.727500 0.511976 0.719167 0.513174 0.713333 0.515569 0.712500 0.514970 0.705000 0.516766 0.700000 0.519760 0.695833 0.520359 0.690000 0.523952 0.689167 0.525748 0.692500 0.534132 0.700833 0.544311 0.703333 0.545509 0.710833 0.544311 0.712500 0.543114 0.723333 0.541317 0.734167 0.537126 0.755000 0.532335 0.756667 0.531138 0.762500 0.530539 0.766667 0.528742 0.770000 0.529940 0.775833 0.535928 0.780833 0.538922 0.784167 0.538922 0.797500 0.534132 0.796667 0.531138 0.798333 0.525748 0.796667 0.524551 0.796667 0.521557 0.790000 0.506587 0.787500 0.504790 0.788333 0.504192 0.780833 0.494012
0 0.823333 0.500000 0.802500 0.462874 0.789167 0.450299 0.775833 0.446707 0.750833 0.451497 0.735000 0.458683 0.719167 0.455689 0.707500 0.450898 0.700000 0.464072 0.691667 0.470659 0.675000 0.478443 0.659167 0.478443 0.649167 0.481437 0.635833 0.480838 0.623333 0.485030 0.614167 0.485030 0.565000 0.500000 0.551667 0.501198 0.516667 0.515569 0.507500 0.531138 0.515000 0.564072 0.525833 0.570060 0.552500 0.569461 0.570000 0.563473 0.672500 0.544910 0.685833 0.540120 0.713333 0.534731 0.722500 0.538323 0.727500 0.549701 0.738333 0.558683 0.748333 0.553892 0.765000 0.537725 0.795833 0.541916 0.809167 0.538922 0.826667 0.528742 0.828333 0.522156
1 0.610000 0.294611 0.535000 0.289820 0.523333 0.295210 0.513333 0.312575 0.520000 0.328144 0.550000 0.336527 0.558333 0.343713 0.432500 0.674850 0.387500 0.810180 0.385833 0.832335 0.394167 0.845509 0.430000 0.854491 0.460000 0.852096 0.476667 0.832335 0.646667 0.356886 0.658333 0.353892 0.698333 0.358084 0.711667 0.334731 0.708333 0.322156 0.694167 0.313174
4 0.386667 0.234731 0.368333 0.238922 0.361667 0.251497 0.356667 0.270659 0.390833 0.281437 0.396667 0.292216 0.396667 0.299401 0.382500 0.323952 0.340000 0.417964 0.341667 0.426347 0.370833 0.434132 0.398333 0.444910 0.415833 0.447305 0.427500 0.438922 0.438333 0.423353 0.453333 0.382635 0.485000 0.319162 0.496667 0.311976 0.500833 0.312575 0.508333 0.319162 0.534167 0.316168 0.543333 0.307784 0.553333 0.285629 0.548333 0.278443 0.539167 0.273054 0.506667 0.260479 0.479167 0.255090 0.463333 0.248503 0.417500 0.237725
3 0.311667 0.185030 0.255000 0.211377 0.252500 0.219760 0.258333 0.248503 0.320000 0.260479 0.330000 0.277844 0.328333 0.333533 0.335000 0.403593 0.329167 0.437725 0.336667 0.479641 0.339167 0.551497 0.345833 0.565868 0.367500 0.582635 0.400000 0.588024 0.440000 0.583832 0.447500 0.577844 0.461667 0.547305 0.455000 0.503593 0.450833 0.329940 0.440833 0.279042 0.442500 0.261078 0.478333 0.252695 0.505000 0.239521 0.507500 0.209581 0.494167 0.198204 0.457500 0.189222
3 0.398333 0.525150 0.343333 0.519760 0.327500 0.534132 0.314167 0.558683 0.323333 0.568263 0.357500 0.585030 0.361667 0.596407 0.305833 0.661677 0.147500 0.868862 0.143333 0.882635 0.147500 0.898204 0.177500 0.916168 0.214167 0.929940 0.225000 0.929940 0.242500 0.921557 0.269167 0.898802 0.474167 0.639521 0.486667 0.635928 0.500000 0.643114 0.546667 0.646108 0.568333 0.624551 0.575833 0.609581 0.572500 0.600000 0.546667 0.580240 0.479167 0.551497
3 0.438333 0.168862 0.433333 0.160479 0.427500 0.159880 0.422500 0.161677 0.421667 0.161078 0.419167 0.168263 0.416667 0.170659 0.406667 0.170659 0.403333 0.171856 0.365833 0.174850 0.360833 0.174251 0.354167 0.175449 0.324167 0.176048 0.315833 0.180240 0.316667 0.188623 0.321667 0.192216 0.325833 0.193413 0.364167 0.192814 0.368333 0.191617 0.378333 0.192216 0.386667 0.191018 0.410000 0.191018 0.413333 0.189820 0.418333 0.189820 0.420833 0.191617 0.421667 0.197006 0.423333 0.197605 0.422500 0.198204 0.426667 0.200000 0.435000 0.199401 0.437500 0.197605 0.439167 0.193413 0.438333 0.187425 0.440000 0.182635 0.438333 0.177246
4 0.325833 0.188024 0.268333 0.203593 0.227500 0.222754 0.213333 0.236527 0.218333 0.258683 0.234167 0.274850 0.259167 0.317964 0.285000 0.340719 0.295833 0.361677 0.310833 0.378443 0.312500 0.388623 0.324167 0.398802 0.322500 0.410180 0.315000 0.419760 0.282500 0.446707 0.280833 0.461677 0.302500 0.496407 0.315833 0.501796 0.350833 0.500000 0.390000 0.491617 0.486667 0.456886 0.529167 0.435928 0.558333 0.410180 0.564167 0.391018 0.545833 0.364671 0.531667 0.352096 0.525000 0.350299 0.478333 0.359281 0.464167 0.357485 0.460833 0.346707 0.443333 0.332934 0.437500 0.314970 0.409167 0.287425 0.353333 0.202994 0.337500 0.189820
3 0.529167 0.542515 0.502500 0.540120 0.485000 0.527545 0.468333 0.524551 0.435833 0.510778 0.365833 0.507784 0.338333 0.515569 0.319167 0.540120 0.319167 0.548503 0.332500 0.575449 0.355000 0.590419 0.344167 0.598204 0.339167 0.611976 0.322500 0.623952 0.314167 0.646707 0.255000 0.719760 0.217500 0.778443 0.184167 0.812575 0.178333 0.851497 0.181667 0.860479 0.195000 0.869461 0.235000 0.882036 0.257500 0.879042 0.270833 0.871257 0.320000 0.826347 0.340833 0.795808 0.359167 0.778443 0.361667 0.766467 0.371667 0.758084 0.388333 0.729940 0.415833 0.705389 0.437500 0.670060 0.465000 0.649701 0.475833 0.632934 0.526667 0.626946 0.545833 0.617964 0.558333 0.599401 0.560833 0.582635 0.551667 0.564671
4 0.186667 0.576647 0.156667 0.586228 0.123333 0.602994 0.112500 0.611377 0.113333 0.626347 0.127500 0.639521 0.150833 0.673054 0.170000 0.687425 0.191667 0.714970 0.194167 0.722754 0.201667 0.726946 0.201667 0.736527 0.196667 0.743713 0.175000 0.764072 0.175000 0.777844 0.195833 0.801796 0.208333 0.802395 0.225833 0.800599 0.255000 0.792814 0.295000 0.777246 0.337500 0.756886 0.365833 0.735329 0.374167 0.724551 0.374167 0.714970 0.355000 0.691018 0.344167 0.686228 0.310000 0.694611 0.300000 0.694012 0.297500 0.686826 0.283333 0.676647 0.277500 0.663473 0.255000 0.643713 0.210833 0.586228 0.196667 0.576647
0 0.704167 0.668263 0.675000 0.661078 0.665833 0.660479 0.643333 0.667066 0.631667 0.675449 0.623333 0.694012 0.596667 0.705389 0.588333 0.721557 0.590000 0.733533 0.599167 0.753293 0.586667 0.771257 0.549167 0.808982 0.547500 0.814371 0.533333 0.828743 0.530833 0.837725 0.532500 0.844910 0.537500 0.851497 0.549167 0.858084 0.568333 0.862874 0.581667 0.862275 0.588333 0.859281 0.610000 0.839521 0.615000 0.831138 0.648333 0.795210 0.669167 0.776647 0.679167 0.777246 0.687500 0.780240 0.699167 0.779042 0.718333 0.766467 0.722500 0.757485 0.723333 0.746707 0.727500 0.740719 0.736667 0.735329 0.745833 0.725748 0.751667 0.714970 0.751667 0.707186 0.749167 0.700000 0.735833 0.687425
1 0.046667 0.252096 0.045833 0.266467 0.058333 0.300000 0.080833 0.313772 0.107500 0.316766 0.121667 0.313772 0.149167 0.287425 0.777500 0.319760 0.815000 0.313772 0.830833 0.294012 0.823333 0.270060 0.794167 0.260479 0.172500 0.225749 0.155833 0.217964 0.135833 0.191018 0.109167 0.187425 0.090833 0.189222 0.070833 0.203593
3 0.885833 0.514970 0.870000 0.504790 0.835833 0.497006 0.752500 0.501198 0.410833 0.546108 0.368333 0.507784 0.318333 0.510180 0.301667 0.522156 0.282500 0.554491 0.285833 0.595210 0.316667 0.662275 0.350833 0.690419 0.367500 0.696407 0.420000 0.685030 0.449167 0.639521 0.539167 0.622755 0.727500 0.599401 0.864167 0.574850 0.891667 0.557485 0.895000 0.544311
0 0.531667 0.704790 0.524167 0.714371 0.523333 0.718563 0.520833 0.720958 0.519167 0.725150 0.521667 0.729341 0.528333 0.732335 0.535833 0.732934 0.538333 0.734731 0.538333 0.735928 0.542500 0.738323 0.545000 0.738922 0.558333 0.735928 0.568333 0.740120 0.572500 0.740719 0.575833 0.743114 0.602500 0.752695 0.608333 0.750299 0.608333 0.748503 0.613333 0.745509 0.615000 0.743114 0.613333 0.738922 0.575000 0.722156 0.571667 0.719162 0.571667 0.716766 0.567500 0.710778 0.562500 0.708383 0.554167 0.708982 0.550000 0.704192 0.545000 0.701198 0.537500 0.701796
3 0.380833 0.768862 0.376667 0.768862 0.370000 0.771257 0.365000 0.777246 0.365833 0.782635 0.378333 0.788024 0.377500 0.794012 0.353333 0.831138 0.350000 0.834132 0.350833 0.835928 0.342500 0.846108 0.336667 0.856287 0.332500 0.859880 0.333333 0.860479 0.323333 0.873054 0.324167 0.874251 0.322500 0.876647 0.320000 0.877844 0.319167 0.886826 0.325833 0.891018 0.337500 0.892814 0.341667 0.895210 0.347500 0.894012 0.363333 0.875449 0.370000 0.863473 0.372500 0.862275 0.371667 0.861078 0.373333 0.860479 0.380833 0.847904 0.383333 0.846707 0.385833 0.841317 0.388333 0.840120 0.393333 0.831737 0.393333 0.828144 0.398333 0.824551 0.399167 0.819761 0.405000 0.814970 0.405833 0.810180 0.411667 0.804192 0.420000 0.804192 0.432500 0.807784 0.436667 0.804790 0.440833 0.798204 0.437500 0.792814 0.422500 0.783234 0.413333 0.779641 0.403333 0.777844 0.398333 0.774252
3 0.565000 0.163473 0.546667 0.158683 0.527500 0.168263 0.523333 0.172455 0.525000 0.180838 0.533333 0.194012 0.531667 0.201198 0.518333 0.207186 0.514167 0.212575 0.500833 0.217365 0.488333 0.228743 0.476667 0.230539 0.471667 0.237725 0.458333 0.243114 0.456667 0.249701 0.440833 0.255090 0.435000 0.262275 0.418333 0.274251 0.372500 0.301198 0.360000 0.313772 0.347500 0.340719 0.356667 0.345509 0.367500 0.358084 0.379167 0.365269 0.391667 0.365269 0.405000 0.359880 0.586667 0.237126 0.599167 0.235329 0.616667 0.246108 0.628333 0.248503 0.649167 0.235329 0.650000 0.225150 0.634167 0.207784
3 0.370000 0.129341 0.335833 0.160479 0.333333 0.177246 0.339167 0.192216 0.361667 0.216168 0.458333 0.291018 0.551667 0.374850 0.621667 0.425748 0.595000 0.471856 0.615000 0.500000 0.636667 0.507784 0.692500 0.505389 0.728333 0.488024 0.771667 0.456886 0.803333 0.426347 0.823333 0.396407 0.820000 0.376048 0.797500 0.358683 0.784167 0.353892 0.744167 0.352695 0.719167 0.360479 0.703333 0.355689 0.552500 0.226347 0.440000 0.137725 0.401667 0.121557
