0 0.793333 0.658084 0.737500 0.574850 0.725000 0.564671 0.706667 0.560479 0.672500 0.574251 0.649167 0.573054 0.635000 0.578443 0.615000 0.580240 0.604167 0.588623 0.604167 0.600599 0.593333 0.617964 0.574167 0.616168 0.561667 0.621557 0.550000 0.616766 0.545833 0.627545 0.532500 0.628743 0.519167 0.637126 0.510000 0.637126 0.483333 0.646108 0.470833 0.645509 0.461667 0.652695 0.417500 0.662874 0.387500 0.688024 0.384167 0.701198 0.405000 0.738922 0.413333 0.743713 0.432500 0.745509 0.650833 0.682635 0.660000 0.686826 0.680833 0.702994 0.699167 0.707186 0.716667 0.686228 0.726667 0.682036 0.750000 0.684431 0.768333 0.679641 0.786667 0.670659
3 0.095833 0.274850 0.084167 0.288623 0.070833 0.317964 0.086667 0.332934 0.415000 0.429341 0.423333 0.436527 0.424167 0.443114 0.413333 0.466467 0.425833 0.476048 0.455833 0.484431 0.467500 0.481437 0.481667 0.471257 0.510000 0.434132 0.539167 0.373653 0.539167 0.352695 0.529167 0.344910 0.506667 0.338323 0.491667 0.337725 0.465833 0.359880 0.455000 0.362275 0.382500 0.340120 0.302500 0.326946 0.142500 0.279042 0.106667 0.273054
4 0.160833 0.447305 0.127500 0.495210 0.112500 0.542515 0.115000 0.564671 0.128333 0.580838 0.157500 0.591018 0.181667 0.594012 0.210833 0.570659 0.222500 0.565269 0.229167 0.565269 0.260833 0.574251 0.272500 0.574850 0.403333 0.613772 0.421667 0.611377 0.453333 0.594611 0.465000 0.577246 0.470000 0.549102 0.460000 0.536527 0.445000 0.528742 0.375000 0.510180 0.335000 0.495210 0.279167 0.480240 0.263333 0.438922 0.253333 0.430539 0.209167 0.416766 0.195000 0.422754
0 0.595000 0.525748 0.561667 0.543114 0.562500 0.558084 0.620000 0.614371 0.630000 0.629341 0.639167 0.635928 0.647500 0.647305 0.659167 0.657485 0.644167 0.677245 0.646667 0.686826 0.665833 0.690419 0.672500 0.694012 0.675833 0.698204 0.677500 0.709581 0.691667 0.722754 0.700000 0.726347 0.710000 0.725150 0.785000 0.682036 0.794167 0.672455 0.793333 0.668862 0.770833 0.649701 0.769167 0.638922 0.758333 0.624551 0.751667 0.619760 0.723333 0.610778 0.717500 0.605389 0.714167 0.597605 0.702500 0.591617 0.693333 0.580240 0.676667 0.567665 0.671667 0.559281 0.662500 0.553293 0.645833 0.536527 0.625000 0.527545 0.605000 0.523353
4 0.620000 0.558084 0.611667 0.559281 0.610000 0.558683 0.604167 0.560479 0.600833 0.562874 0.600000 0.567066 0.598333 0.568263 0.598333 0.571856 0.605833 0.577246 0.608333 0.577844 0.610000 0.579641 0.610000 0.582036 0.606667 0.589222 0.602500 0.594012 0.602500 0.596407 0.600833 0.597006 0.600833 0.599401 0.599167 0.600000 0.599167 0.601796 0.597500 0.602994 0.597500 0.605389 0.594167 0.608982 0.590833 0.619760 0.591667 0.622156 0.595833 0.626347 0.601667 0.628743 0.605000 0.628743 0.606667 0.629940 0.610833 0.630539 0.618333 0.629940 0.622500 0.626347 0.626667 0.620359 0.629167 0.612575 0.630833 0.611976 0.630833 0.609581 0.632500 0.608982 0.641667 0.591617 0.647500 0.589222 0.652500 0.589820 0.660833 0.587425 0.663333 0.585030 0.666667 0.577246 0.654167 0.567665 0.652500 0.567665 0.647500 0.564671
3 0.374167 0.486228 0.341667 0.480838 0.317500 0.482635 0.301667 0.496407 0.290833 0.515569 0.290833 0.531737 0.329167 0.549102 0.347500 0.568862 0.295000 0.641317 0.244167 0.728144 0.150833 0.868263 0.154167 0.902994 0.184167 0.919162 0.203333 0.936527 0.236667 0.930539 0.272500 0.895808 0.350000 0.768263 0.420833 0.665269 0.475000 0.612575 0.488333 0.609581 0.516667 0.617365 0.535000 0.614970 0.554167 0.585030 0.550833 0.569461 0.523333 0.545509 0.436667 0.507186
2 0.199167 0.221557 0.188333 0.229341 0.160833 0.261677 0.152500 0.281437 0.154167 0.288623 0.170000 0.299401 0.203333 0.316168 0.231667 0.326946 0.307500 0.362874 0.310833 0.368263 0.306667 0.377844 0.307500 0.391018 0.325000 0.405389 0.343333 0.412575 0.366667 0.412575 0.394167 0.394012 0.438333 0.347305 0.467500 0.308383 0.470000 0.296407 0.466667 0.289820 0.448333 0.276647 0.421667 0.268862 0.404167 0.271257 0.384167 0.285629 0.369167 0.287425 0.332500 0.268263 0.309167 0.260479 0.297500 0.252695 0.269167 0.243114 0.224167 0.223952
2 0.697500 0.388623 0.645833 0.387425 0.589167 0.398204 0.560833 0.407784 0.550833 0.420359 0.550833 0.446108 0.581667 0.570659 0.600000 0.610778 0.594167 0.624551 0.544167 0.648503 0.541667 0.673653 0.549167 0.695808 0.560833 0.711976 0.586667 0.711976 0.668333 0.700000 0.713333 0.698802 0.817500 0.684431 0.841667 0.674251 0.852500 0.656886 0.846667 0.619760 0.831667 0.603593 0.811667 0.597605 0.772500 0.597006 0.760000 0.592216 0.760833 0.555090 0.734167 0.454491 0.715000 0.400599
3 0.913333 0.368263 0.885833 0.335928 0.855833 0.310778 0.831667 0.298204 0.811667 0.297006 0.783333 0.311377 0.774167 0.332934 0.777500 0.348503 0.768333 0.356886 0.605000 0.414970 0.493333 0.459281 0.469167 0.477844 0.473333 0.497605 0.499167 0.519760 0.515000 0.523952 0.531667 0.523353 0.561667 0.515569 0.657500 0.476647 0.775833 0.436527 0.827500 0.413174 0.871667 0.435928 0.903333 0.430539 0.915000 0.422754 0.922500 0.406587 0.924167 0.389820
4 0.552500 0.544311 0.495833 0.582635 0.484167 0.595808 0.483333 0.604192 0.495833 0.617964 0.530833 0.640120 0.540833 0.655689 0.561667 0.670659 0.567500 0.678443 0.626667 0.722156 0.628333 0.727545 0.603333 0.752096 0.602500 0.765868 0.630833 0.788623 0.642500 0.792814 0.651667 0.792216 0.670000 0.785629 0.725833 0.750898 0.766667 0.720359 0.791667 0.694611 0.800000 0.671856 0.795000 0.662275 0.763333 0.640120 0.755833 0.641317 0.724167 0.656287 0.716667 0.656287 0.703333 0.643114 0.690833 0.643114 0.675000 0.625749 0.641667 0.607784 0.635000 0.598204 0.571667 0.551497
0 0.380833 0.292814 0.365833 0.298204 0.355000 0.306587 0.337500 0.310180 0.290833 0.337126 0.278333 0.348503 0.273333 0.359880 0.275000 0.371257 0.295000 0.389222 0.307500 0.394012 0.320000 0.393413 0.326667 0.397605 0.330000 0.413772 0.324167 0.431737 0.337500 0.444910 0.352500 0.444910 0.385833 0.437725 0.394167 0.440719 0.516667 0.561677 0.529167 0.564671 0.546667 0.561677 0.586667 0.539521 0.590000 0.523353 0.577500 0.506587 0.494167 0.424551 0.472500 0.398204 0.475833 0.386826 0.494167 0.369461 0.494167 0.359880 0.475833 0.347305 0.448333 0.346108 0.440833 0.313174 0.420833 0.294611 0.408333 0.289222
