3 0.621667 0.676048 0.609167 0.670060 0.595833 0.667665 0.576667 0.679641 0.570833 0.691617 0.587500 0.706587 0.587500 0.713174 0.582500 0.719760 0.560000 0.731737 0.515000 0.763473 0.452500 0.798204 0.433333 0.812575 0.408333 0.826347 0.370000 0.855689 0.367500 0.864072 0.370000 0.873653 0.395833 0.898204 0.409167 0.900599 0.430000 0.892216 0.528333 0.831737 0.572500 0.800599 0.585000 0.796407 0.592500 0.789820 0.638333 0.765868 0.648333 0.764072 0.675833 0.776048 0.690000 0.770060 0.704167 0.759281 0.693333 0.738323
3 0.347500 0.394611 0.292500 0.397006 0.279167 0.400599 0.262500 0.426347 0.264167 0.434731 0.300833 0.465868 0.170000 0.696407 0.168333 0.720958 0.175000 0.732335 0.200000 0.744910 0.228333 0.752096 0.242500 0.748503 0.253333 0.741317 0.270000 0.723353 0.341667 0.603593 0.352500 0.578443 0.401667 0.500599 0.421667 0.490419 0.456667 0.489820 0.468333 0.486228 0.482500 0.471257 0.483333 0.458683 0.475000 0.449102 0.440833 0.425748 0.402500 0.408982
3 0.490833 0.205389 0.431667 0.213174 0.357500 0.236527 0.321667 0.257485 0.315000 0.272455 0.329167 0.302395 0.359167 0.315569 0.386667 0.321557 0.397500 0.331737 0.436667 0.464671 0.485000 0.602395 0.507500 0.628743 0.530833 0.634132 0.549167 0.631737 0.575000 0.621557 0.598333 0.602994 0.603333 0.585629 0.591667 0.535928 0.566667 0.470659 0.529167 0.325749 0.517500 0.298204 0.541667 0.279641 0.568333 0.267066 0.568333 0.238323 0.556667 0.223353 0.515833 0.209581
1 0.900000 0.280838 0.806667 0.252096 0.760833 0.246707 0.737500 0.255689 0.722500 0.280838 0.758333 0.307784 0.760833 0.319760 0.421667 0.783832 0.379167 0.862874 0.383333 0.876048 0.405833 0.890419 0.435000 0.898204 0.454167 0.894012 0.497500 0.857485 0.855833 0.362874 0.871667 0.353293 0.919167 0.358084 0.940833 0.338922 0.948333 0.310180 0.915000 0.296407
2 0.285833 0.710778 0.262500 0.710778 0.236667 0.723952 0.226667 0.738323 0.226667 0.745509 0.236667 0.756886 0.237500 0.763473 0.210833 0.785629 0.206667 0.792216 0.169167 0.816168 0.153333 0.829940 0.142500 0.834731 0.110000 0.861677 0.109167 0.869461 0.121667 0.880838 0.140000 0.893413 0.165000 0.904790 0.184167 0.905988 0.202500 0.900599 0.252500 0.871257 0.258333 0.864072 0.279167 0.848503 0.321667 0.822156 0.339167 0.820359 0.349167 0.831138 0.371667 0.835329 0.381667 0.832335 0.408333 0.813174 0.414167 0.799401 0.410833 0.792216 0.396667 0.777246 0.333333 0.734132
3 0.241667 0.323952 0.182500 0.347904 0.177500 0.352096 0.176667 0.371257 0.206667 0.426347 0.270833 0.521557 0.278333 0.541317 0.339167 0.631138 0.332500 0.641317 0.294167 0.659880 0.293333 0.673054 0.311667 0.695808 0.340833 0.698204 0.475000 0.658084 0.519167 0.634731 0.525000 0.620359 0.507500 0.597605 0.498333 0.592814 0.456667 0.600599 0.446667 0.598204 0.435833 0.588024 0.420833 0.556886 0.384167 0.507186 0.367500 0.471257 0.350000 0.449102 0.320000 0.395808 0.270833 0.335928 0.251667 0.325150
3 0.398333 0.291018 0.394167 0.371257 0.400000 0.416766 0.405000 0.427545 0.415000 0.435928 0.449167 0.435928 0.460833 0.432934 0.465000 0.422754 0.464167 0.405988 0.474167 0.394012 0.517500 0.397006 0.785000 0.395808 0.827500 0.394012 0.842500 0.389820 0.850000 0.384431 0.855000 0.361078 0.854167 0.338922 0.849167 0.332934 0.827500 0.326347 0.792500 0.323952 0.655000 0.326347 0.470833 0.323952 0.452500 0.285030 0.410000 0.283832
3 0.170833 0.337725 0.141667 0.359281 0.118333 0.386228 0.118333 0.394611 0.138333 0.417365 0.314167 0.507784 0.528333 0.609581 0.532500 0.619760 0.520833 0.629940 0.512500 0.664072 0.540000 0.682036 0.565000 0.690419 0.575833 0.689820 0.610000 0.670659 0.665000 0.614371 0.700833 0.567665 0.714167 0.540719 0.715000 0.516766 0.663333 0.493413 0.647500 0.500000 0.622500 0.522754 0.610000 0.528144 0.601667 0.526946 0.244167 0.352096 0.202500 0.337126
0 0.214167 0.604790 0.212500 0.605988 0.210833 0.605389 0.195000 0.613174 0.193333 0.612575 0.191667 0.613772 0.190833 0.613174 0.181667 0.615569 0.174167 0.619162 0.174167 0.623353 0.182500 0.633533 0.183333 0.638323 0.181667 0.642515 0.183333 0.644910 0.186667 0.647305 0.187500 0.646707 0.190833 0.647904 0.199167 0.647904 0.202500 0.646707 0.207500 0.656287 0.210833 0.659281 0.228333 0.686228 0.235833 0.692814 0.240833 0.693413 0.254167 0.689820 0.257500 0.687425 0.259167 0.684431 0.257500 0.683234 0.255000 0.677245 0.251667 0.674251 0.250000 0.670659 0.250833 0.670060 0.247500 0.667066 0.247500 0.665269 0.244167 0.661677 0.245000 0.661078 0.241667 0.659281 0.236667 0.649102 0.229167 0.638922 0.238333 0.632335 0.238333 0.626347 0.229167 0.622755 0.225000 0.617964 0.225000 0.614970 0.223333 0.613772 0.224167 0.613174 0.221667 0.610778 0.220833 0.607784 0.219167 0.605988
3 0.631667 0.390419 0.605833 0.386228 0.551667 0.401198 0.498333 0.429341 0.444167 0.452096 0.405000 0.463473 0.352500 0.489820 0.296667 0.509581 0.262500 0.511976 0.236667 0.494611 0.220000 0.489820 0.191667 0.497006 0.181667 0.511377 0.177500 0.531737 0.194167 0.558683 0.199167 0.582036 0.235833 0.630539 0.249167 0.640120 0.265833 0.645509 0.295833 0.641317 0.315833 0.620958 0.309167 0.594012 0.316667 0.582635 0.419167 0.541317 0.437500 0.538323 0.455833 0.527545 0.500833 0.511976 0.536667 0.494611 0.624167 0.464671 0.651667 0.448503 0.659167 0.436527 0.647500 0.409581
2 0.443333 0.489820 0.412500 0.501198 0.396667 0.521557 0.395000 0.548503 0.403333 0.557485 0.429167 0.563473 0.429167 0.582635 0.419167 0.622755 0.395833 0.683234 0.396667 0.691018 0.370833 0.735329 0.366667 0.755090 0.370000 0.762275 0.390000 0.769461 0.431667 0.777246 0.491667 0.782036 0.505833 0.775449 0.517500 0.760479 0.520000 0.749102 0.541667 0.715569 0.550000 0.695210 0.550000 0.683234 0.590833 0.602994 0.605833 0.595808 0.630833 0.603593 0.663333 0.598204 0.675833 0.580240 0.685000 0.554491 0.675000 0.532934 0.623333 0.515569 0.509167 0.495808
3 0.213333 0.378443 0.193333 0.416766 0.192500 0.438323 0.165000 0.510778 0.165000 0.530539 0.174167 0.551497 0.227500 0.559281 0.241667 0.548503 0.257500 0.520359 0.279167 0.509581 0.324167 0.519760 0.625000 0.562275 0.717500 0.568263 0.733333 0.566467 0.754167 0.555090 0.761667 0.538323 0.763333 0.508982 0.744167 0.491018 0.720833 0.483234 0.428333 0.444311 0.380833 0.433533 0.341667 0.416168 0.293333 0.410180 0.288333 0.399401 0.290000 0.377246 0.277500 0.368263 0.235833 0.364072 0.225000 0.367066
3 0.104167 0.159880 0.100833 0.168862 0.078333 0.189820 0.069167 0.207186 0.083333 0.228743 0.126667 0.255689 0.381667 0.371257 0.390833 0.377844 0.386667 0.401796 0.391667 0.411377 0.425000 0.426347 0.443333 0.423353 0.465833 0.412575 0.518333 0.370060 0.545000 0.336527 0.550000 0.319162 0.545000 0.302395 0.524167 0.288623 0.500000 0.282036 0.465000 0.303593 0.448333 0.304790 0.409167 0.287425 0.401667 0.280240 0.280000 0.231138 0.194167 0.189820 0.157500 0.165868 0.143333 0.165868 0.132500 0.160479 0.117500 0.162275 0.108333 0.158084
4 0.725000 0.078443 0.719167 0.078443 0.712500 0.083234 0.710000 0.087425 0.698333 0.099401 0.697500 0.101796 0.689167 0.110180 0.688333 0.113174 0.686667 0.114371 0.678333 0.112575 0.671667 0.114371 0.663333 0.119162 0.663333 0.120359 0.658333 0.125150 0.658333 0.129940 0.665833 0.138323 0.681667 0.147904 0.698333 0.153892 0.704167 0.153892 0.714167 0.152096 0.719167 0.149102 0.725000 0.142515 0.725000 0.137725 0.720833 0.134132 0.716667 0.128144 0.725833 0.119162 0.725833 0.117365 0.735000 0.107784 0.744167 0.094611 0.744167 0.092216 0.740833 0.086228
2 0.469167 0.452096 0.448333 0.452695 0.335000 0.476048 0.224167 0.506587 0.211667 0.519162 0.217500 0.552096 0.237500 0.579042 0.255833 0.583832 0.282500 0.582036 0.297500 0.588024 0.300000 0.597006 0.310000 0.604192 0.330000 0.653892 0.346667 0.671856 0.379167 0.746707 0.390833 0.760479 0.412500 0.765269 0.464167 0.756287 0.504167 0.741916 0.516667 0.731737 0.521667 0.714371 0.508333 0.670060 0.494167 0.637725 0.483333 0.626347 0.477500 0.607784 0.470000 0.600000 0.465833 0.576048 0.458333 0.568862 0.460833 0.560479 0.455000 0.552695 0.463333 0.541317 0.497500 0.529341 0.512500 0.513772 0.511667 0.496407 0.500833 0.469461 0.487500 0.458084
0 0.555000 0.302395 0.527500 0.308982 0.490833 0.323353 0.485000 0.323952 0.470833 0.332934 0.468333 0.340120 0.481667 0.370659 0.480833 0.387425 0.488333 0.391617 0.505833 0.389820 0.519167 0.396407 0.520833 0.405389 0.526667 0.413174 0.530000 0.424551 0.536667 0.431737 0.539167 0.441916 0.550833 0.459880 0.556667 0.484431 0.579167 0.498204 0.590833 0.498802 0.627500 0.489222 0.630833 0.476647 0.575833 0.375449 0.575000 0.369461 0.596667 0.355689 0.599167 0.349102 0.592500 0.343713 0.583333 0.342515 0.577500 0.337126 0.578333 0.321557 0.566667 0.304790
0 0.813333 0.148503 0.794167 0.145509 0.783333 0.149102 0.775833 0.155090 0.761667 0.186228 0.750833 0.191018 0.741667 0.201198 0.720833 0.202395 0.710000 0.205988 0.705833 0.218563 0.723333 0.237725 0.726667 0.248503 0.710000 0.262874 0.685833 0.292216 0.657500 0.317365 0.645833 0.335928 0.626667 0.346707 0.609167 0.368862 0.606667 0.380838 0.615833 0.390419 0.655833 0.411377 0.702500 0.395210 0.715000 0.385629 0.735833 0.359281 0.752500 0.353293 0.750833 0.344311 0.771667 0.332934 0.787500 0.328743 0.789167 0.316766 0.803333 0.289820 0.811667 0.286826 0.827500 0.292814 0.847500 0.295808 0.864167 0.288024 0.865833 0.276647 0.862500 0.268862 0.869167 0.259880 0.870000 0.247305 0.898333 0.238323 0.919167 0.218563 0.920833 0.207186 0.902500 0.195210 0.880833 0.187425 0.864167 0.174251 0.833333 0.164671
3 0.672500 0.560479 0.651667 0.553293 0.630000 0.553293 0.573333 0.577246 0.481667 0.640719 0.475000 0.652096 0.460000 0.659880 0.426667 0.689820 0.395833 0.705389 0.355000 0.740719 0.315833 0.758683 0.298333 0.773653 0.237500 0.770060 0.217500 0.775449 0.196667 0.792814 0.187500 0.808982 0.190000 0.831737 0.205833 0.859880 0.232500 0.867665 0.246667 0.885030 0.261667 0.890419 0.293333 0.913174 0.326667 0.922754 0.373333 0.931138 0.398333 0.928743 0.415833 0.917964 0.434167 0.897006 0.430000 0.864072 0.410833 0.844910 0.426667 0.837725 0.439167 0.822755 0.462500 0.812575 0.479167 0.791018 0.535000 0.752695 0.634167 0.669461 0.683333 0.639521 0.700833 0.610778 0.705000 0.591018 0.698333 0.580240
0 0.839167 0.617964 0.830000 0.594611 0.821667 0.588024 0.799167 0.584431 0.779167 0.586826 0.750000 0.585629 0.740833 0.583234 0.730000 0.574850 0.717500 0.571856 0.702500 0.574850 0.694167 0.579641 0.680000 0.595210 0.663333 0.598802 0.621667 0.599401 0.553333 0.595808 0.529167 0.598802 0.520833 0.602395 0.515000 0.608982 0.510833 0.635329 0.519167 0.648503 0.525833 0.650898 0.555000 0.654491 0.629167 0.655689 0.670000 0.661677 0.678333 0.666467 0.691667 0.683832 0.700000 0.687425 0.715833 0.688623 0.728333 0.680838 0.743333 0.676048 0.760833 0.680838 0.784167 0.679641 0.807500 0.682036 0.814167 0.680239 0.821667 0.674251 0.834167 0.651497
2 0.749167 0.711976 0.735000 0.698204 0.720833 0.693413 0.688333 0.690419 0.674167 0.695210 0.665833 0.701198 0.653333 0.719162 0.644167 0.723952 0.625000 0.717365 0.580000 0.710180 0.572500 0.710778 0.562500 0.705988 0.500833 0.698802 0.475000 0.693413 0.457500 0.694611 0.445833 0.701198 0.441667 0.708383 0.440833 0.721557 0.435833 0.726946 0.430000 0.744910 0.430000 0.762275 0.437500 0.772455 0.475000 0.784431 0.495833 0.785629 0.585000 0.802994 0.617500 0.805988 0.625000 0.812575 0.623333 0.820958 0.626667 0.832335 0.640000 0.843114 0.661667 0.849102 0.687500 0.849102 0.702500 0.843114 0.722500 0.814371 0.727500 0.794611 0.742500 0.759281 0.743333 0.746108 0.750833 0.726946
