0 0.116667 0.564072 0.107500 0.583234 0.105833 0.598802 0.115000 0.615569 0.123333 0.622755 0.200000 0.637126 0.220833 0.643713 0.241667 0.644910 0.270833 0.653892 0.315833 0.679641 0.326667 0.694611 0.339167 0.704192 0.365833 0.703593 0.405000 0.692216 0.429167 0.713772 0.462500 0.720359 0.483333 0.714371 0.506667 0.689820 0.514167 0.673653 0.514167 0.660479 0.520833 0.652096 0.526667 0.616168 0.521667 0.598802 0.506667 0.588024 0.485000 0.582036 0.465833 0.580838 0.449167 0.585629 0.430000 0.576048 0.417500 0.565269 0.402500 0.561078 0.386667 0.562275 0.351667 0.583234 0.340000 0.586228 0.249167 0.571856 0.155833 0.552096 0.138333 0.553293
0 0.682500 0.313174 0.657500 0.307186 0.640000 0.307186 0.627500 0.311976 0.596667 0.340120 0.548333 0.395808 0.510000 0.430539 0.482500 0.425150 0.468333 0.426347 0.439167 0.443713 0.431667 0.459281 0.430000 0.473653 0.397500 0.502994 0.388333 0.518563 0.390833 0.538323 0.406667 0.555090 0.455833 0.586826 0.509167 0.598204 0.540000 0.591018 0.566667 0.571257 0.570000 0.555090 0.575833 0.548503 0.596667 0.542515 0.612500 0.534132 0.620833 0.522156 0.624167 0.504790 0.622500 0.491018 0.614167 0.479641 0.610000 0.464671 0.625000 0.443114 0.683333 0.385030 0.686667 0.377246 0.707500 0.355689 0.710000 0.335928 0.703333 0.325150
3 0.321667 0.291018 0.284167 0.295210 0.261667 0.302994 0.249167 0.311976 0.244167 0.337126 0.254167 0.348503 0.299167 0.359281 0.307500 0.365868 0.302500 0.380838 0.303333 0.429341 0.291667 0.609581 0.300833 0.632934 0.313333 0.644910 0.323333 0.650299 0.357500 0.656287 0.380833 0.651497 0.390000 0.644910 0.400000 0.626347 0.410000 0.564072 0.410000 0.470659 0.416667 0.407784 0.425833 0.388024 0.424167 0.371257 0.433333 0.361677 0.464167 0.355090 0.473333 0.340120 0.475000 0.324551 0.465833 0.312575 0.427500 0.298802 0.388333 0.293413
0 0.517500 0.346707 0.512500 0.365269 0.512500 0.374850 0.523333 0.394611 0.522500 0.403593 0.530000 0.408383 0.530000 0.419760 0.526667 0.426347 0.547500 0.446707 0.544167 0.451497 0.526667 0.460479 0.526667 0.467665 0.533333 0.473653 0.539167 0.474850 0.542500 0.480240 0.550000 0.484431 0.551667 0.492814 0.549167 0.500000 0.554167 0.514970 0.560000 0.519760 0.574167 0.518563 0.588333 0.513772 0.611667 0.510778 0.630833 0.503593 0.638333 0.504192 0.645000 0.508383 0.653333 0.497605 0.653333 0.489820 0.648333 0.480838 0.638333 0.471257 0.634167 0.459880 0.635833 0.454491 0.642500 0.446707 0.641667 0.443713 0.635833 0.438323 0.609167 0.435329 0.603333 0.429940 0.585833 0.388623 0.575000 0.371856 0.574167 0.360479 0.567500 0.352695 0.565833 0.346707 0.560000 0.341317 0.549167 0.340120
2 0.702500 0.415569 0.691667 0.396407 0.684167 0.389820 0.660833 0.379042 0.631667 0.373054 0.613333 0.372455 0.580833 0.378443 0.540833 0.400599 0.503333 0.394012 0.445000 0.388623 0.395000 0.379641 0.366667 0.378443 0.344167 0.390419 0.327500 0.413174 0.323333 0.436527 0.325000 0.452695 0.345000 0.472455 0.365833 0.479641 0.526667 0.504790 0.535000 0.511976 0.543333 0.531737 0.555000 0.542515 0.585000 0.553892 0.627500 0.556287 0.666667 0.538922 0.685000 0.525748 0.693333 0.512575 0.703333 0.475449
0 0.363333 0.256886 0.346667 0.264072 0.334167 0.274251 0.332500 0.291617 0.338333 0.307186 0.365833 0.346707 0.390000 0.391018 0.367500 0.418563 0.366667 0.429940 0.377500 0.447904 0.410000 0.471257 0.413333 0.481437 0.421667 0.490419 0.423333 0.502994 0.441667 0.518563 0.458333 0.523353 0.464167 0.521557 0.488333 0.522754 0.523333 0.516766 0.540833 0.509581 0.568333 0.491018 0.575000 0.478443 0.567500 0.452096 0.546667 0.427545 0.550000 0.400599 0.545833 0.391617 0.535833 0.380838 0.520833 0.371856 0.474167 0.360479 0.461667 0.346108 0.455000 0.330539 0.430000 0.295808 0.424167 0.282635 0.407500 0.264072 0.388333 0.255090
3 0.731667 0.308982 0.698333 0.291617 0.673333 0.285030 0.664167 0.285629 0.648333 0.295808 0.634167 0.310778 0.642500 0.329940 0.655833 0.341916 0.645833 0.356886 0.623333 0.366467 0.580000 0.405988 0.460833 0.488024 0.399167 0.537126 0.385833 0.556287 0.385833 0.564671 0.400833 0.582635 0.414167 0.591617 0.442500 0.600000 0.463333 0.600000 0.495000 0.587425 0.608333 0.506587 0.730833 0.410180 0.748333 0.408383 0.778333 0.424551 0.791667 0.424551 0.821667 0.403593 0.824167 0.394611 0.819167 0.380240
3 0.640833 0.458683 0.623333 0.467665 0.618333 0.491018 0.625833 0.498802 0.658333 0.505988 0.668333 0.512575 0.658333 0.532335 0.658333 0.549102 0.634167 0.631138 0.612500 0.744910 0.617500 0.758683 0.626667 0.765269 0.646667 0.770659 0.680000 0.773054 0.693333 0.768862 0.705833 0.756287 0.713333 0.725748 0.726667 0.699401 0.739167 0.634132 0.760000 0.559880 0.761667 0.534731 0.772500 0.520359 0.813333 0.516168 0.822500 0.486228 0.807500 0.476048 0.757500 0.466467
1 0.449167 0.414371 0.425833 0.431737 0.430000 0.453892 0.775000 0.807186 0.775000 0.817365 0.755000 0.837126 0.767500 0.854491 0.779167 0.861078 0.820000 0.857485 0.833333 0.852695 0.894167 0.815569 0.910833 0.795210 0.905833 0.783234 0.886667 0.767665 0.854167 0.773054 0.838333 0.768263 0.505833 0.428743 0.474167 0.409581
0 0.540000 0.317964 0.531667 0.315569 0.516667 0.321557 0.510833 0.325150 0.504167 0.324551 0.495833 0.326946 0.490000 0.331737 0.490833 0.332934 0.489167 0.334132 0.489167 0.343114 0.478333 0.349701 0.475000 0.350299 0.464167 0.356886 0.460833 0.357485 0.449167 0.364072 0.449167 0.365269 0.465000 0.379641 0.469167 0.378443 0.472500 0.376048 0.475833 0.375449 0.505833 0.360479 0.510000 0.359880 0.513333 0.362275 0.515000 0.361677 0.517500 0.362874 0.523333 0.362874 0.528333 0.361677 0.534167 0.358084 0.539167 0.351497 0.543333 0.350898 0.555833 0.343713 0.558333 0.340120 0.558333 0.335928 0.555833 0.332934 0.556667 0.332335
