4 0.571667 0.347305 0.535000 0.342515 0.507500 0.347305 0.464167 0.386826 0.465000 0.399401 0.517500 0.438922 0.525000 0.450898 0.500000 0.456287 0.456667 0.490419 0.432500 0.521557 0.345000 0.599401 0.331667 0.620958 0.335000 0.633533 0.386667 0.667066 0.458333 0.691617 0.481667 0.685629 0.501667 0.673054 0.516667 0.650299 0.543333 0.623353 0.559167 0.615569 0.620000 0.544910 0.633333 0.537725 0.639167 0.525748 0.655833 0.520359 0.672500 0.520958 0.700000 0.528742 0.735833 0.531138 0.764167 0.519760 0.792500 0.495210 0.799167 0.483832 0.776667 0.453892 0.737500 0.423952 0.646667 0.374850
0 0.307500 0.796407 0.314167 0.824551 0.329167 0.845509 0.340833 0.852695 0.376667 0.856886 0.424167 0.849102 0.443333 0.857485 0.464167 0.858683 0.485000 0.852695 0.499167 0.844910 0.523333 0.818563 0.545000 0.814371 0.569167 0.814371 0.616667 0.807186 0.647500 0.805389 0.670000 0.798802 0.685833 0.785629 0.685833 0.768263 0.672500 0.749102 0.653333 0.743114 0.626667 0.743114 0.576667 0.749701 0.506667 0.753892 0.481667 0.734731 0.459167 0.728743 0.449167 0.728743 0.429167 0.733533 0.405833 0.746108 0.383333 0.744311 0.368333 0.747904 0.360000 0.744910 0.329167 0.753293 0.317500 0.761677
3 0.261667 0.096407 0.231667 0.119760 0.216667 0.144311 0.218333 0.165269 0.230000 0.177844 0.257500 0.197605 0.403333 0.274251 0.535833 0.352695 0.565000 0.377844 0.551667 0.413772 0.578333 0.433533 0.601667 0.440719 0.630833 0.432335 0.673333 0.404192 0.726667 0.354491 0.754167 0.316168 0.755000 0.288623 0.709167 0.270060 0.667500 0.276647 0.651667 0.284431 0.633333 0.278443 0.558333 0.240120 0.512500 0.208982 0.495000 0.204192 0.422500 0.161078 0.289167 0.096407
4 0.621667 0.466467 0.602500 0.462275 0.580000 0.464072 0.562500 0.472455 0.520000 0.484431 0.501667 0.485030 0.414167 0.513772 0.400833 0.514371 0.390000 0.520359 0.374167 0.518563 0.364167 0.513174 0.349167 0.498204 0.326667 0.485030 0.303333 0.482635 0.253333 0.495210 0.248333 0.525748 0.255000 0.556287 0.287500 0.622156 0.321667 0.665868 0.348333 0.683832 0.365000 0.686826 0.419167 0.674850 0.428333 0.665269 0.417500 0.621557 0.420833 0.609581 0.440833 0.614371 0.488333 0.605988 0.528333 0.591617 0.639167 0.567066 0.662500 0.556287 0.668333 0.546707 0.654167 0.506587
0 0.491667 0.510778 0.476667 0.482635 0.467500 0.473653 0.453333 0.467665 0.418333 0.470659 0.384167 0.486228 0.353333 0.473054 0.342500 0.472455 0.324167 0.480240 0.305833 0.510180 0.291667 0.518563 0.259167 0.519760 0.213333 0.528742 0.138333 0.534731 0.100833 0.543114 0.087500 0.557485 0.088333 0.577844 0.095000 0.594611 0.121667 0.608383 0.220833 0.600000 0.244167 0.594012 0.272500 0.593413 0.289167 0.598204 0.327500 0.601796 0.337500 0.610778 0.365000 0.619760 0.380833 0.614371 0.416667 0.588623 0.424167 0.594611 0.452500 0.602395 0.475833 0.600000 0.494167 0.590419 0.501667 0.574850 0.503333 0.557485 0.494167 0.531737
1 0.586667 0.377246 0.551667 0.379042 0.530000 0.385030 0.518333 0.405988 0.519167 0.423952 0.550000 0.434731 0.557500 0.449102 0.523333 0.752695 0.516667 0.764072 0.504167 0.865269 0.503333 0.926347 0.514167 0.938922 0.559167 0.944311 0.577500 0.942515 0.588333 0.930539 0.597500 0.888623 0.650833 0.459281 0.656667 0.451497 0.698333 0.440120 0.705000 0.414371 0.695833 0.401198 0.677500 0.393413
2 0.385833 0.502994 0.345833 0.494611 0.315000 0.492216 0.250833 0.493413 0.230833 0.495808 0.210000 0.502994 0.192500 0.521557 0.185000 0.539521 0.185000 0.559281 0.195000 0.574850 0.225833 0.598802 0.218333 0.629341 0.205833 0.716766 0.212500 0.728144 0.229167 0.738922 0.258333 0.746707 0.299167 0.747305 0.324167 0.738323 0.335000 0.725748 0.345000 0.695210 0.355000 0.631737 0.364167 0.601796 0.402500 0.589222 0.415833 0.576647 0.423333 0.561677 0.422500 0.535928 0.410833 0.525150 0.409167 0.519760
0 0.661667 0.167665 0.628333 0.188024 0.631667 0.202395 0.639167 0.216766 0.648333 0.225749 0.670000 0.238922 0.674167 0.244311 0.674167 0.249701 0.685833 0.251497 0.693333 0.264072 0.695000 0.272455 0.706667 0.274850 0.732500 0.286228 0.735000 0.291617 0.725833 0.299401 0.719167 0.310180 0.725000 0.319760 0.735000 0.322755 0.745000 0.322156 0.752500 0.326946 0.765833 0.329341 0.770000 0.334132 0.770000 0.343713 0.789167 0.361078 0.803333 0.362874 0.828333 0.344910 0.846667 0.336527 0.860000 0.322156 0.879167 0.314371 0.885000 0.305988 0.884167 0.299401 0.878333 0.293413 0.846667 0.280240 0.845000 0.274850 0.835833 0.268263 0.837500 0.257485 0.833333 0.248503 0.823333 0.245509 0.800000 0.252096 0.788333 0.252096 0.775833 0.240719 0.747500 0.222156 0.726667 0.203593 0.708333 0.193413 0.696667 0.179641 0.675833 0.167066 0.668333 0.165868
3 0.665000 0.148503 0.600000 0.134132 0.560833 0.135928 0.519167 0.146108 0.508333 0.156886 0.505000 0.178443 0.523333 0.216168 0.525000 0.229940 0.421667 0.428743 0.420000 0.457485 0.428333 0.470060 0.442500 0.478443 0.476667 0.480240 0.497500 0.474850 0.509167 0.466467 0.525833 0.447305 0.531667 0.428144 0.568333 0.364671 0.600833 0.299401 0.610000 0.290419 0.630000 0.248503 0.638333 0.243713 0.667500 0.240719 0.694167 0.233533 0.708333 0.219162 0.713333 0.201198 0.708333 0.186826 0.675833 0.153293
3 0.641667 0.558084 0.598333 0.504192 0.546667 0.459880 0.516667 0.443713 0.494167 0.444311 0.462500 0.462275 0.456667 0.481437 0.430000 0.502395 0.390833 0.520958 0.255000 0.600000 0.156667 0.646108 0.130000 0.673054 0.119167 0.691617 0.120833 0.700599 0.133333 0.718563 0.170000 0.739521 0.195000 0.737126 0.315000 0.682635 0.360833 0.656886 0.512500 0.585629 0.531667 0.573054 0.552500 0.573054 0.575833 0.589820 0.597500 0.598802 0.640833 0.577844
2 0.280000 0.399401 0.267500 0.404790 0.255833 0.422156 0.254167 0.431737 0.230833 0.479042 0.211667 0.504790 0.196667 0.537725 0.181667 0.541317 0.154167 0.541916 0.140833 0.547305 0.128333 0.556886 0.120833 0.567665 0.116667 0.589820 0.118333 0.598802 0.130833 0.609581 0.170833 0.627545 0.195000 0.632335 0.208333 0.637725 0.215833 0.637126 0.242500 0.642515 0.300000 0.645509 0.315000 0.642515 0.331667 0.631138 0.344167 0.607186 0.336667 0.586826 0.314167 0.569461 0.314167 0.564671 0.356667 0.469461 0.371667 0.452096 0.378333 0.430539 0.374167 0.423952 0.347500 0.409581 0.310833 0.401198
3 0.101667 0.401796 0.049167 0.457485 0.037500 0.477844 0.035000 0.492814 0.039167 0.498204 0.070000 0.508383 0.088333 0.500000 0.098333 0.491018 0.115000 0.494012 0.128333 0.504192 0.177500 0.520359 0.281667 0.568263 0.343333 0.592216 0.370000 0.596407 0.390833 0.585030 0.400000 0.573054 0.402500 0.558084 0.398333 0.546707 0.383333 0.534731 0.271667 0.485030 0.155000 0.439521 0.149167 0.429341 0.160000 0.408982 0.153333 0.401796 0.130000 0.391617 0.119167 0.392814
0 0.505833 0.116168 0.499167 0.119162 0.498333 0.123952 0.501667 0.132934 0.505833 0.138323 0.506667 0.142515 0.508333 0.143114 0.510000 0.149102 0.511667 0.149701 0.515833 0.161078 0.511667 0.168263 0.512500 0.171257 0.515833 0.175449 0.516667 0.174850 0.521667 0.177246 0.522500 0.183234 0.525000 0.187425 0.530000 0.189820 0.535833 0.189820 0.540000 0.188024 0.542500 0.188024 0.543333 0.186826 0.555833 0.183832 0.556667 0.182635 0.559167 0.182635 0.565833 0.179042 0.568333 0.174251 0.566667 0.169461 0.559167 0.164072 0.558333 0.161078 0.560000 0.158683 0.560000 0.155689 0.557500 0.152695 0.552500 0.150299 0.551667 0.150898 0.549167 0.149701 0.542500 0.149701 0.539167 0.146707 0.539167 0.144910 0.537500 0.144311 0.537500 0.142515 0.520833 0.117365 0.515833 0.114970
4 0.364167 0.169461 0.325833 0.180240 0.315000 0.191018 0.306667 0.207784 0.310000 0.225150 0.336667 0.289222 0.346667 0.324551 0.312500 0.388623 0.312500 0.414371 0.322500 0.433533 0.341667 0.446707 0.408333 0.466467 0.457500 0.463473 0.513333 0.449701 0.531667 0.441916 0.559167 0.422156 0.576667 0.386826 0.575833 0.363473 0.567500 0.344311 0.545000 0.328144 0.515833 0.322755 0.483333 0.305988 0.468333 0.260479 0.458333 0.244910 0.445000 0.207186 0.426667 0.180240 0.405000 0.169461
0 0.818333 0.761677 0.807500 0.754491 0.785833 0.745509 0.768333 0.744910 0.750833 0.751497 0.725833 0.770659 0.710833 0.770659 0.695000 0.776048 0.680833 0.791617 0.678333 0.805389 0.680833 0.814371 0.677500 0.820958 0.609167 0.863473 0.597500 0.875449 0.595833 0.886228 0.605000 0.897605 0.624167 0.905988 0.639167 0.904790 0.656667 0.897006 0.680833 0.880240 0.725833 0.855090 0.731667 0.854491 0.745833 0.859281 0.757500 0.859281 0.776667 0.853892 0.783333 0.849102 0.793333 0.831138 0.806667 0.826347 0.816667 0.817964 0.825833 0.816168 0.838333 0.802994 0.840000 0.794012 0.835833 0.788024 0.835000 0.781437 0.830833 0.774252
3 0.678333 0.731737 0.674167 0.727545 0.660833 0.723952 0.628333 0.725150 0.480000 0.759281 0.415833 0.770659 0.386667 0.779641 0.370000 0.779042 0.363333 0.783234 0.358333 0.783234 0.333333 0.762275 0.305833 0.765868 0.292500 0.773653 0.292500 0.791018 0.327500 0.873653 0.345000 0.888623 0.355833 0.889820 0.375833 0.886228 0.386667 0.881437 0.390833 0.875449 0.385833 0.850299 0.390000 0.846707 0.428333 0.843114 0.463333 0.835928 0.541667 0.812575 0.646667 0.791018 0.672500 0.782635 0.684167 0.774252 0.690000 0.764072 0.689167 0.757485 0.681667 0.749102
4 0.818333 0.672455 0.816667 0.681437 0.815000 0.682635 0.812500 0.700599 0.812500 0.722156 0.814167 0.730539 0.816667 0.735329 0.820000 0.737725 0.844167 0.737725 0.846667 0.736527 0.850000 0.731737 0.850000 0.729341 0.854167 0.722754 0.859167 0.720359 0.874167 0.721557 0.891667 0.720958 0.900833 0.722156 0.909167 0.721557 0.918333 0.722754 0.940833 0.722754 0.945833 0.722156 0.947500 0.720958 0.950000 0.721557 0.953333 0.718563 0.955833 0.707784 0.955833 0.692814 0.950833 0.687425 0.935000 0.685629 0.909167 0.685629 0.891667 0.683832 0.859167 0.684431 0.856667 0.680838 0.857500 0.679641 0.854167 0.671856 0.855000 0.670060 0.850000 0.664671 0.830833 0.664072 0.825000 0.665868
4 0.310000 0.126946 0.264167 0.166467 0.252500 0.189820 0.259167 0.210180 0.337500 0.262275 0.460000 0.331737 0.459167 0.346707 0.437500 0.381437 0.440000 0.390419 0.486667 0.417964 0.506667 0.422754 0.526667 0.420958 0.577500 0.402395 0.611667 0.379641 0.658333 0.331138 0.667500 0.308383 0.680000 0.295808 0.696667 0.261677 0.685000 0.239521 0.669167 0.228743 0.633333 0.216766 0.598333 0.222754 0.557500 0.238323 0.540833 0.225150 0.352500 0.120359 0.331667 0.121557
2 0.575000 0.485030 0.505000 0.526347 0.499167 0.532335 0.498333 0.553293 0.505000 0.565269 0.546667 0.597605 0.574167 0.629940 0.601667 0.652695 0.640833 0.696407 0.628333 0.710778 0.606667 0.718563 0.602500 0.731737 0.604167 0.739521 0.630000 0.767665 0.655833 0.775449 0.670833 0.775449 0.700000 0.764072 0.746667 0.738323 0.816667 0.691018 0.840000 0.670659 0.845000 0.652695 0.843333 0.644910 0.830000 0.628743 0.801667 0.612575 0.783333 0.611377 0.758333 0.620359 0.746667 0.618563 0.717500 0.594611 0.701667 0.586228 0.659167 0.544311 0.642500 0.534132 0.635833 0.523952 0.615000 0.510180 0.605000 0.497605 0.585833 0.484431
4 0.275000 0.225749 0.219167 0.237725 0.186667 0.251497 0.173333 0.261078 0.170833 0.265868 0.170000 0.286826 0.180000 0.305389 0.196667 0.311377 0.229167 0.312575 0.234167 0.316168 0.236667 0.330539 0.246667 0.348503 0.255833 0.377246 0.263333 0.389820 0.271667 0.413174 0.281667 0.425748 0.299167 0.434731 0.329167 0.435928 0.355833 0.429341 0.370833 0.418563 0.371667 0.405988 0.369167 0.398802 0.372500 0.391617 0.372500 0.381437 0.352500 0.343114 0.348333 0.323353 0.339167 0.302994 0.341667 0.292814 0.355000 0.286228 0.365000 0.273054 0.370000 0.258683 0.360833 0.234132 0.354167 0.228743 0.319167 0.223353
