4 0.366667 0.623353 0.320000 0.668862 0.287500 0.734731 0.265833 0.807784 0.269167 0.834731 0.277500 0.852096 0.300833 0.864671 0.365833 0.879641 0.398333 0.855090 0.410833 0.839521 0.423333 0.841317 0.440833 0.834132 0.472500 0.844311 0.533333 0.853892 0.678333 0.889222 0.710833 0.891018 0.725833 0.886826 0.750000 0.850898 0.765833 0.808982 0.765000 0.782635 0.755833 0.771257 0.728333 0.758084 0.696667 0.754491 0.650000 0.738922 0.513333 0.719162 0.485833 0.711377 0.472500 0.701796 0.470833 0.664072 0.457500 0.647904 0.396667 0.623353
1 0.706667 0.331138 0.669167 0.319162 0.624167 0.321557 0.605000 0.340120 0.598333 0.356886 0.623333 0.382635 0.626667 0.394611 0.539167 0.502994 0.536667 0.515569 0.522500 0.525150 0.523333 0.536527 0.503333 0.549102 0.501667 0.558084 0.456667 0.604192 0.311667 0.789222 0.299167 0.815569 0.270833 0.844311 0.269167 0.874251 0.298333 0.897605 0.332500 0.895210 0.355833 0.885030 0.713333 0.434132 0.722500 0.429940 0.742500 0.432934 0.775000 0.428144 0.795000 0.408383 0.793333 0.388024 0.770000 0.364072
4 0.855833 0.195808 0.850833 0.197605 0.846667 0.202994 0.845833 0.206587 0.840000 0.214970 0.839167 0.218563 0.830833 0.232335 0.825833 0.244910 0.824167 0.246108 0.812500 0.244311 0.804167 0.244910 0.799167 0.251497 0.798333 0.259281 0.805833 0.265269 0.835833 0.275449 0.855833 0.279641 0.857500 0.279042 0.860000 0.280240 0.867500 0.280240 0.870833 0.279042 0.873333 0.275449 0.874167 0.271856 0.876667 0.268862 0.876667 0.264671 0.862500 0.256287 0.862500 0.253293 0.867500 0.246108 0.870833 0.237126 0.875000 0.231138 0.874167 0.230539 0.880833 0.220958 0.880000 0.219760 0.885833 0.208982 0.885833 0.204790 0.870833 0.198802 0.870000 0.199401 0.861667 0.196407
0 0.370000 0.243713 0.365833 0.246108 0.364167 0.251497 0.364167 0.256886 0.366667 0.260479 0.365000 0.264671 0.360000 0.267066 0.359167 0.270659 0.360833 0.271257 0.360833 0.273054 0.363333 0.275449 0.368333 0.276647 0.373333 0.280240 0.373333 0.291018 0.371667 0.297006 0.372500 0.304192 0.370833 0.312575 0.371667 0.320958 0.370000 0.321557 0.370833 0.328144 0.373333 0.331737 0.394167 0.331737 0.396667 0.331138 0.399167 0.326946 0.400833 0.316168 0.400000 0.310778 0.401667 0.310180 0.400833 0.305389 0.404167 0.288024 0.403333 0.283832 0.405000 0.283234 0.405000 0.281437 0.413333 0.277844 0.419167 0.276647 0.420833 0.274251 0.420833 0.270659 0.417500 0.268263 0.415833 0.264072 0.419167 0.256287 0.418333 0.251497 0.420000 0.250299 0.418333 0.249701 0.418333 0.247904 0.414167 0.246108 0.392500 0.243713
1 0.116667 0.450898 0.095833 0.464671 0.100833 0.492216 0.278333 0.725150 0.335833 0.791617 0.374167 0.851497 0.411667 0.896407 0.414167 0.908982 0.389167 0.932335 0.400833 0.959281 0.420833 0.959281 0.456667 0.949102 0.547500 0.908982 0.560833 0.896407 0.557500 0.885030 0.535833 0.867665 0.500000 0.874850 0.488333 0.867665 0.390000 0.743114 0.375833 0.713772 0.334167 0.658084 0.266667 0.579641 0.180000 0.462874 0.153333 0.444311
3 0.240833 0.510180 0.229167 0.513174 0.200833 0.529341 0.190833 0.546108 0.194167 0.563473 0.324167 0.766467 0.348333 0.792814 0.330833 0.811377 0.308333 0.826347 0.311667 0.846707 0.329167 0.862275 0.350833 0.861677 0.370000 0.868263 0.385833 0.868862 0.425000 0.858084 0.496667 0.824551 0.521667 0.802994 0.524167 0.786228 0.505833 0.764072 0.476667 0.757485 0.449167 0.758084 0.440000 0.753892 0.365000 0.633533 0.293333 0.531737 0.264167 0.509581
3 0.682500 0.308383 0.679167 0.307784 0.676667 0.305988 0.674167 0.305988 0.672500 0.307784 0.672500 0.310778 0.665833 0.317964 0.668333 0.323353 0.667500 0.325749 0.660833 0.328144 0.651667 0.334132 0.632500 0.342515 0.629167 0.346108 0.623333 0.347904 0.619167 0.351497 0.605000 0.358683 0.603333 0.360479 0.600000 0.361078 0.595833 0.364072 0.589167 0.366467 0.586667 0.366467 0.581667 0.368862 0.578333 0.371856 0.577500 0.377246 0.581667 0.384431 0.584167 0.386228 0.592500 0.388024 0.602500 0.385030 0.607500 0.381437 0.610000 0.381437 0.610833 0.380240 0.615000 0.379042 0.629167 0.370659 0.635833 0.368263 0.640833 0.364671 0.647500 0.362275 0.657500 0.356287 0.665833 0.353293 0.670000 0.349701 0.673333 0.349102 0.686667 0.341317 0.694167 0.346707 0.698333 0.347904 0.705000 0.347305 0.710000 0.343713 0.710000 0.338922 0.707500 0.337126 0.707500 0.333533 0.705000 0.329940 0.703333 0.329341 0.700000 0.323952 0.697500 0.322755 0.697500 0.321557
2 0.064167 0.734132 0.060833 0.741916 0.064167 0.803593 0.060000 0.812575 0.062500 0.892814 0.070833 0.910180 0.090000 0.919760 0.134167 0.921557 0.155833 0.914970 0.166667 0.901796 0.171667 0.879641 0.179167 0.871856 0.219167 0.877245 0.345833 0.874251 0.412500 0.869461 0.428333 0.859281 0.435833 0.832335 0.430833 0.793413 0.424167 0.776048 0.407500 0.766467 0.380833 0.763473 0.237500 0.765868 0.178333 0.771856 0.161667 0.765868 0.140833 0.732934 0.099167 0.728743
0 0.906667 0.522156 0.891667 0.513174 0.881667 0.511976 0.859167 0.516766 0.827500 0.531138 0.807500 0.530539 0.790833 0.535329 0.782500 0.543114 0.778333 0.550898 0.780000 0.562874 0.772500 0.572455 0.707500 0.597006 0.669167 0.613174 0.660833 0.618563 0.656667 0.623952 0.656667 0.629940 0.667500 0.651497 0.682500 0.659880 0.696667 0.658683 0.812500 0.614371 0.821667 0.614371 0.846667 0.623353 0.862500 0.622755 0.876667 0.617365 0.894167 0.598802 0.910000 0.594611 0.931667 0.585629 0.938333 0.575449 0.930833 0.555090
3 0.482500 0.422754 0.444167 0.428144 0.424167 0.438323 0.415000 0.457485 0.416667 0.473054 0.426667 0.484431 0.458333 0.494012 0.477500 0.505988 0.470000 0.604192 0.463333 0.618563 0.466667 0.632934 0.458333 0.673054 0.461667 0.696407 0.452500 0.771257 0.446667 0.783832 0.451667 0.810180 0.462500 0.823952 0.498333 0.832335 0.540833 0.834731 0.561667 0.820359 0.573333 0.771257 0.567500 0.713772 0.582500 0.637725 0.578333 0.589222 0.585833 0.572455 0.585000 0.543114 0.605833 0.516168 0.656667 0.504192 0.664167 0.495210 0.666667 0.477246 0.650833 0.456886 0.624167 0.442515 0.585000 0.439521 0.550000 0.427545
3 0.175000 0.639521 0.162500 0.655689 0.170000 0.678443 0.208333 0.722156 0.231667 0.756886 0.245000 0.769461 0.250000 0.783832 0.278333 0.822156 0.281667 0.835928 0.278333 0.850898 0.290833 0.876048 0.278333 0.885629 0.277500 0.894611 0.290000 0.915569 0.306667 0.922156 0.341667 0.919162 0.391667 0.905389 0.410000 0.904790 0.415833 0.898802 0.425833 0.896407 0.461667 0.877245 0.465000 0.870060 0.463333 0.861078 0.448333 0.842515 0.433333 0.835928 0.401667 0.840120 0.389167 0.833533 0.381667 0.816168 0.360000 0.797006 0.340833 0.768862 0.329167 0.759880 0.311667 0.729341 0.293333 0.709581 0.285833 0.692814 0.274167 0.684431 0.244167 0.642515 0.234167 0.634731 0.220000 0.630539 0.185833 0.635329
0 0.331667 0.860479 0.326667 0.859281 0.324167 0.857485 0.318333 0.856886 0.307500 0.863473 0.306667 0.865269 0.295833 0.873054 0.293333 0.876048 0.291667 0.876048 0.289167 0.879641 0.285000 0.882036 0.285000 0.883234 0.277500 0.889222 0.266667 0.889820 0.260000 0.888623 0.257500 0.890419 0.256667 0.889820 0.253333 0.892216 0.251667 0.897006 0.249167 0.898802 0.247500 0.898802 0.244167 0.902994 0.240000 0.904192 0.237500 0.906587 0.235000 0.910778 0.235833 0.917365 0.245000 0.923952 0.244167 0.924551 0.260833 0.934731 0.270000 0.937725 0.276667 0.937126 0.280000 0.934731 0.281667 0.934731 0.287500 0.927545 0.289167 0.923353 0.292500 0.920958 0.300000 0.920958 0.305000 0.917964 0.305000 0.914970 0.301667 0.910180 0.302500 0.909581 0.300000 0.907784 0.300833 0.903593 0.304167 0.901796 0.309167 0.897006 0.309167 0.895808 0.311667 0.894611 0.311667 0.893413 0.313333 0.893413 0.313333 0.892216 0.319167 0.888623 0.320000 0.886228 0.330833 0.879042 0.337500 0.871856 0.338333 0.868263 0.335000 0.865868
0 0.219167 0.508383 0.200833 0.533533 0.200833 0.544910 0.205000 0.550898 0.256667 0.575449 0.279167 0.580240 0.297500 0.592216 0.316667 0.595210 0.335833 0.605988 0.356667 0.610778 0.371667 0.620359 0.392500 0.626946 0.405000 0.637725 0.400833 0.657485 0.405000 0.666467 0.411667 0.671257 0.449167 0.671257 0.480000 0.690419 0.504167 0.697006 0.518333 0.692814 0.529167 0.685030 0.556667 0.649701 0.564167 0.632335 0.580833 0.611377 0.583333 0.602994 0.574167 0.589820 0.555000 0.582635 0.521667 0.579042 0.492500 0.556287 0.465000 0.561677 0.424167 0.561078 0.410000 0.550299 0.395000 0.543713 0.381667 0.543114 0.373333 0.537725 0.341667 0.529341 0.330833 0.522754 0.269167 0.510778 0.241667 0.501198 0.230000 0.502994
3 0.085000 0.564671 0.088333 0.583234 0.115000 0.598204 0.197500 0.614970 0.286667 0.624551 0.393333 0.641916 0.425000 0.652695 0.448333 0.654491 0.458333 0.661677 0.462500 0.683832 0.480833 0.692216 0.500833 0.695808 0.515833 0.692814 0.541667 0.667665 0.555833 0.638323 0.568333 0.594611 0.568333 0.570060 0.561667 0.554491 0.551667 0.544910 0.520833 0.537725 0.502500 0.543114 0.482500 0.571257 0.472500 0.576048 0.452500 0.570060 0.397500 0.564671 0.157500 0.528144 0.124167 0.530539 0.103333 0.538922
3 0.872500 0.865868 0.866667 0.868263 0.860000 0.878443 0.859167 0.882036 0.857500 0.882635 0.856667 0.885629 0.855000 0.886228 0.855000 0.888024 0.849167 0.896407 0.846667 0.898204 0.843333 0.904192 0.838333 0.908982 0.837500 0.911976 0.835833 0.912575 0.825000 0.929341 0.825000 0.931138 0.821667 0.933533 0.810833 0.931737 0.807500 0.932335 0.802500 0.938922 0.802500 0.941916 0.810833 0.946108 0.813333 0.946108 0.828333 0.952096 0.836667 0.953293 0.845833 0.956287 0.855000 0.956287 0.859167 0.950898 0.860000 0.947904 0.850000 0.942515 0.850000 0.940719 0.870833 0.908383 0.872500 0.902395 0.889167 0.876647 0.889167 0.872455 0.885000 0.869461
2 0.595833 0.471856 0.577500 0.458683 0.547500 0.443114 0.516667 0.448503 0.481667 0.458084 0.464167 0.459880 0.432500 0.468862 0.423333 0.468263 0.418333 0.463473 0.389167 0.455689 0.341667 0.456287 0.325833 0.462874 0.312500 0.472455 0.300000 0.487425 0.290000 0.511976 0.291667 0.544910 0.316667 0.577246 0.343333 0.594611 0.374167 0.602395 0.396667 0.600000 0.423333 0.591617 0.438333 0.582635 0.445833 0.574850 0.457500 0.552695 0.465833 0.546108 0.485000 0.545509 0.500000 0.540719 0.539167 0.533533 0.570000 0.525150 0.590833 0.514371 0.597500 0.506587 0.600000 0.498802
2 0.521667 0.523353 0.476667 0.540719 0.461667 0.554491 0.454167 0.570659 0.459167 0.603593 0.524167 0.731138 0.512500 0.747904 0.515000 0.759880 0.495000 0.769461 0.489167 0.781437 0.487500 0.797605 0.493333 0.816168 0.505833 0.837725 0.525833 0.854491 0.548333 0.865868 0.652500 0.871257 0.685833 0.864072 0.745833 0.843114 0.787500 0.813174 0.802500 0.789222 0.800000 0.747305 0.780000 0.718563 0.757500 0.703593 0.694167 0.685629 0.642500 0.585629 0.610000 0.538922 0.585000 0.526946 0.566667 0.522754
