2 0.699167 0.080240 0.663333 0.093413 0.626667 0.123952 0.625000 0.134132 0.654167 0.170659 0.652500 0.180240 0.586667 0.220958 0.561667 0.241317 0.547500 0.246707 0.520000 0.268862 0.507500 0.273054 0.500000 0.282036 0.466667 0.299401 0.429167 0.331737 0.428333 0.337725 0.440000 0.353293 0.478333 0.386826 0.506667 0.406587 0.538333 0.421557 0.550000 0.422156 0.558333 0.414371 0.621667 0.395210 0.683333 0.356886 0.700000 0.340719 0.777500 0.294611 0.793333 0.289820 0.818333 0.304192 0.841667 0.302994 0.871667 0.287425 0.894167 0.264671 0.897500 0.251497 0.888333 0.235928 0.849167 0.204192 0.830000 0.182635 0.750833 0.122754 0.721667 0.089820
3 0.748333 0.217365 0.728333 0.215569 0.705833 0.223353 0.531667 0.408982 0.520000 0.413174 0.489167 0.407784 0.476667 0.408383 0.458333 0.420958 0.451667 0.432934 0.462500 0.450898 0.493333 0.475449 0.535000 0.495808 0.580000 0.507784 0.607500 0.505988 0.619167 0.501796 0.632500 0.481437 0.608333 0.453293 0.609167 0.446707 0.755000 0.289222 0.783333 0.251497 0.784167 0.238922 0.777500 0.231138
0 0.590833 0.786826 0.590000 0.787425 0.585833 0.785629 0.584167 0.786826 0.583333 0.786228 0.576667 0.791018 0.574167 0.795210 0.571667 0.796407 0.562500 0.806587 0.560833 0.807186 0.560833 0.808982 0.557500 0.811377 0.555833 0.814371 0.550833 0.817964 0.549167 0.820958 0.546667 0.822156 0.545000 0.825150 0.543333 0.825150 0.540833 0.828144 0.528333 0.825749 0.522500 0.828144 0.520833 0.831737 0.522500 0.835928 0.518333 0.841317 0.515000 0.842515 0.513333 0.844910 0.512500 0.844311 0.506667 0.850898 0.506667 0.853892 0.509167 0.856287 0.525833 0.862275 0.534167 0.868862 0.545000 0.873054 0.549167 0.870659 0.550000 0.871257 0.559167 0.859880 0.564167 0.857485 0.565000 0.858084 0.566667 0.856886 0.570000 0.856886 0.573333 0.850898 0.571667 0.849701 0.572500 0.849102 0.570000 0.845509 0.565000 0.840719 0.573333 0.833533 0.577500 0.827545 0.587500 0.818563 0.589167 0.815569 0.591667 0.814371 0.602500 0.801198 0.601667 0.800000 0.604167 0.797605 0.602500 0.793413
3 0.295000 0.534132 0.252500 0.567066 0.238333 0.594611 0.214167 0.617964 0.205833 0.637725 0.213333 0.664072 0.232500 0.674850 0.255000 0.680239 0.286667 0.668263 0.310000 0.670659 0.338333 0.687425 0.377500 0.696407 0.488333 0.767066 0.525833 0.786228 0.550833 0.805988 0.573333 0.813772 0.654167 0.864671 0.688333 0.876647 0.713333 0.874251 0.725000 0.868862 0.750000 0.835329 0.752500 0.825749 0.745000 0.811377 0.675000 0.764671 0.644167 0.750299 0.628333 0.734731 0.592500 0.713174 0.590833 0.705389 0.575833 0.706587 0.523333 0.667066 0.488333 0.652695 0.459167 0.613174 0.426667 0.610778 0.398333 0.591617 0.391667 0.576647 0.415833 0.547305 0.413333 0.532335 0.379167 0.511377 0.361667 0.507186 0.336667 0.510180
3 0.294167 0.332335 0.248333 0.392814 0.226667 0.438922 0.225000 0.464072 0.240000 0.477246 0.278333 0.486826 0.314167 0.477844 0.330833 0.463473 0.345833 0.464671 0.685833 0.587425 0.743333 0.600599 0.762500 0.592814 0.780833 0.568263 0.790833 0.536527 0.781667 0.523353 0.761667 0.509581 0.395833 0.371856 0.390000 0.362275 0.397500 0.334132 0.387500 0.320958 0.355000 0.308982 0.330833 0.309581 0.310833 0.318563
1 0.855833 0.420958 0.842500 0.413772 0.807500 0.420359 0.737500 0.452695 0.330000 0.618563 0.321667 0.619162 0.295833 0.602395 0.271667 0.608383 0.262500 0.615569 0.263333 0.627545 0.311667 0.697006 0.339167 0.711976 0.365000 0.705389 0.375000 0.695210 0.365000 0.671856 0.855000 0.468263 0.870833 0.449701
3 0.278333 0.273054 0.232500 0.280240 0.208333 0.294611 0.194167 0.314371 0.195000 0.328144 0.230000 0.404192 0.252500 0.440719 0.327500 0.605988 0.328333 0.615569 0.289167 0.632934 0.277500 0.645509 0.288333 0.670659 0.296667 0.678443 0.310000 0.681437 0.341667 0.679042 0.467500 0.646707 0.503333 0.641317 0.529167 0.628743 0.535833 0.614371 0.518333 0.586826 0.485833 0.582635 0.461667 0.586826 0.451667 0.579641 0.440833 0.559880 0.438333 0.539521 0.412500 0.494012 0.407500 0.475449 0.391667 0.455689 0.378333 0.409581 0.335833 0.322755 0.310000 0.288024 0.292500 0.274850
3 0.191667 0.511976 0.170000 0.515569 0.154167 0.522754 0.135833 0.537126 0.131667 0.552695 0.143333 0.601796 0.157500 0.637126 0.188333 0.765868 0.198333 0.789222 0.180000 0.802395 0.156667 0.812575 0.155000 0.838323 0.164167 0.850299 0.179167 0.853293 0.190833 0.859880 0.217500 0.865269 0.267500 0.859281 0.326667 0.841317 0.359167 0.822755 0.363333 0.807784 0.350000 0.784431 0.330000 0.776048 0.306667 0.771257 0.298333 0.764671 0.270833 0.665868 0.229167 0.538922 0.212500 0.517964
0 0.115000 0.767665 0.110000 0.766467 0.096667 0.768263 0.090833 0.765868 0.087500 0.765868 0.084167 0.767066 0.082500 0.768862 0.083333 0.769461 0.081667 0.770659 0.080000 0.775449 0.070833 0.775449 0.063333 0.777246 0.051667 0.777246 0.032500 0.779641 0.030833 0.780838 0.028333 0.780838 0.025833 0.783234 0.025833 0.790419 0.027500 0.792814 0.030833 0.794611 0.038333 0.794611 0.045000 0.793413 0.047500 0.794012 0.054167 0.792814 0.056667 0.793413 0.058333 0.792216 0.060000 0.792814 0.064167 0.791617 0.066667 0.792216 0.073333 0.791018 0.081667 0.791018 0.084167 0.792216 0.086667 0.797006 0.090000 0.798204 0.092500 0.798204 0.100000 0.794012 0.116667 0.793413 0.119167 0.791018 0.119167 0.788623 0.115833 0.780240 0.116667 0.772455
3 0.275833 0.092814 0.253333 0.095808 0.231667 0.107186 0.223333 0.120359 0.225000 0.150898 0.254167 0.212575 0.270833 0.237126 0.270833 0.249701 0.282500 0.270659 0.290833 0.298802 0.305833 0.331138 0.310000 0.334132 0.297500 0.342515 0.292500 0.350898 0.296667 0.367066 0.305833 0.376048 0.328333 0.379042 0.383333 0.368862 0.435833 0.352096 0.463333 0.340120 0.471667 0.328144 0.462500 0.311976 0.455000 0.307784 0.427500 0.305988 0.415000 0.308383 0.400000 0.289222 0.381667 0.249102 0.372500 0.237725 0.365000 0.218563 0.305833 0.110778 0.289167 0.095210
3 0.677500 0.341317 0.615833 0.310180 0.585000 0.311976 0.475833 0.391617 0.264167 0.564072 0.247500 0.568862 0.192500 0.549102 0.165833 0.560479 0.141667 0.591018 0.154167 0.613772 0.222500 0.664671 0.284167 0.691617 0.335000 0.706587 0.351667 0.705988 0.365833 0.699401 0.387500 0.675449 0.395833 0.641916 0.418333 0.614371 0.475833 0.563473 0.490833 0.544311 0.506667 0.534731 0.521667 0.513772 0.546667 0.498204 0.595833 0.450299 0.655833 0.404790 0.681667 0.363473 0.683333 0.348503
4 0.277500 0.244311 0.240833 0.259281 0.219167 0.279641 0.211667 0.299401 0.222500 0.318563 0.250000 0.341916 0.310833 0.375449 0.342500 0.400000 0.380833 0.423353 0.383333 0.430539 0.371667 0.448503 0.370833 0.458084 0.377500 0.481437 0.396667 0.498204 0.426667 0.514371 0.455833 0.508982 0.481667 0.499401 0.539167 0.464671 0.595000 0.412575 0.610000 0.381437 0.604167 0.361078 0.581667 0.343114 0.555833 0.329940 0.535000 0.331138 0.501667 0.349701 0.488333 0.350898 0.476667 0.346108 0.460000 0.331138 0.332500 0.250299 0.299167 0.240120
3 0.572500 0.244311 0.571667 0.199401 0.559167 0.179042 0.550833 0.173054 0.528333 0.171257 0.518333 0.173054 0.490833 0.195210 0.439167 0.194611 0.335000 0.185629 0.239167 0.182635 0.221667 0.188024 0.215000 0.195808 0.215000 0.217365 0.238333 0.230539 0.292500 0.238323 0.363333 0.241916 0.436667 0.249701 0.490000 0.252695 0.505000 0.279042 0.527500 0.283832 0.542500 0.282635 0.558333 0.271856 0.566667 0.262275
3 0.448333 0.257485 0.382500 0.250898 0.312500 0.252096 0.266667 0.259281 0.260000 0.262275 0.248333 0.280240 0.250000 0.300599 0.280000 0.320958 0.295833 0.321557 0.304167 0.331737 0.290000 0.510778 0.290000 0.594012 0.295833 0.623353 0.310833 0.631737 0.343333 0.633533 0.381667 0.628743 0.397500 0.614371 0.405833 0.583832 0.408333 0.486826 0.419167 0.383234 0.414167 0.325150 0.427500 0.320359 0.475000 0.315569 0.482500 0.300599 0.482500 0.278443 0.472500 0.267665
3 0.300833 0.690419 0.291667 0.705988 0.286667 0.731737 0.292500 0.741916 0.310000 0.752695 0.365833 0.762874 0.375833 0.768263 0.435000 0.780838 0.496667 0.788024 0.521667 0.795210 0.617500 0.811377 0.652500 0.814371 0.673333 0.822755 0.673333 0.846707 0.678333 0.857485 0.725000 0.866467 0.740000 0.855689 0.763333 0.803593 0.780000 0.726347 0.777500 0.716766 0.768333 0.708383 0.740833 0.702395 0.727500 0.702994 0.716667 0.708982 0.706667 0.729940 0.695000 0.740719 0.664167 0.731138 0.637500 0.729940 0.515000 0.704790 0.489167 0.702994 0.372500 0.682036 0.323333 0.679042 0.309167 0.683234
0 0.205000 0.467665 0.173333 0.531737 0.164167 0.559281 0.175833 0.571856 0.220833 0.581437 0.241667 0.601796 0.263333 0.605389 0.275000 0.601198 0.287500 0.604790 0.301667 0.599401 0.313333 0.601796 0.323333 0.592216 0.337500 0.594012 0.355000 0.604790 0.390000 0.608982 0.420833 0.624551 0.443333 0.626946 0.454167 0.640120 0.483333 0.645509 0.506667 0.642515 0.525000 0.631737 0.546667 0.594611 0.534167 0.580240 0.469167 0.562275 0.387500 0.531737 0.330000 0.517365 0.324167 0.514371 0.325000 0.486826 0.306667 0.476647 0.283333 0.485629 0.258333 0.473054 0.230833 0.464072 0.221667 0.462874
3 0.389167 0.111377 0.382500 0.128144 0.389167 0.159281 0.408333 0.169461 0.680000 0.201198 0.785000 0.208982 0.800833 0.219162 0.808333 0.256886 0.855833 0.262275 0.876667 0.246707 0.894167 0.186826 0.895833 0.135329 0.890000 0.113174 0.874167 0.102994 0.835833 0.101198 0.813333 0.111976 0.778333 0.114371 0.737500 0.108982 0.714167 0.110180 0.570000 0.101796 0.460833 0.089222 0.395833 0.103593
0 0.477500 0.331138 0.454167 0.358084 0.456667 0.369461 0.492500 0.391018 0.522500 0.402395 0.576667 0.430539 0.635833 0.456886 0.640833 0.468263 0.630833 0.485030 0.635000 0.497605 0.651667 0.503593 0.682500 0.504790 0.691667 0.508982 0.703333 0.519760 0.734167 0.534731 0.745833 0.536527 0.759167 0.530539 0.778333 0.514371 0.797500 0.492814 0.806667 0.476048 0.824167 0.459880 0.829167 0.452096 0.824167 0.437725 0.803333 0.427545 0.773333 0.420359 0.761667 0.404790 0.758333 0.394611 0.748333 0.388623 0.737500 0.386826 0.705833 0.402994 0.694167 0.403593 0.635833 0.382036 0.511667 0.324551 0.501667 0.323353
1 0.740833 0.286228 0.728333 0.267665 0.713333 0.260479 0.689167 0.262874 0.679167 0.269461 0.678333 0.289222 0.665833 0.295808 0.100000 0.335329 0.073333 0.345509 0.067500 0.352695 0.068333 0.381437 0.077500 0.391018 0.117500 0.394611 0.197500 0.385629 0.675000 0.354491 0.686667 0.356886 0.700000 0.379641 0.725833 0.381437 0.739167 0.377246 0.745000 0.367066
0 0.186667 0.240120 0.187500 0.247904 0.184167 0.254491 0.183333 0.272455 0.179167 0.285629 0.179167 0.301796 0.175833 0.308383 0.178333 0.320958 0.184167 0.323952 0.220000 0.326347 0.235833 0.334731 0.254167 0.338323 0.264167 0.338323 0.293333 0.329940 0.307500 0.331737 0.315833 0.335329 0.330000 0.333533 0.346667 0.337126 0.373333 0.337725 0.383333 0.341317 0.396667 0.340719 0.415833 0.344311 0.432500 0.344311 0.450000 0.340719 0.470000 0.332934 0.480833 0.307186 0.481667 0.295210 0.467500 0.285629 0.367500 0.273653 0.344167 0.267665 0.296667 0.262874 0.291667 0.260479 0.285000 0.239521 0.275000 0.234132 0.268333 0.234731 0.255833 0.241317 0.245833 0.241916 0.226667 0.232934 0.204167 0.230539 0.194167 0.232335
