3 0.481667 0.303593 0.434167 0.332335 0.391667 0.370659 0.368333 0.405389 0.368333 0.423952 0.402500 0.446707 0.438333 0.448503 0.466667 0.440719 0.480000 0.443713 0.717500 0.634731 0.755833 0.657485 0.772500 0.662275 0.800833 0.656886 0.825833 0.638323 0.835833 0.625150 0.837500 0.605389 0.827500 0.589820 0.765000 0.537126 0.714167 0.501198 0.588333 0.394611 0.559167 0.377844 0.580000 0.328144 0.575833 0.317964 0.550833 0.300599 0.525833 0.304790 0.490000 0.301198
1 0.882500 0.131138 0.832500 0.131737 0.798333 0.168862 0.455000 0.807784 0.436667 0.820359 0.377500 0.823353 0.360000 0.840120 0.355000 0.878443 0.375833 0.903593 0.430000 0.932934 0.505833 0.951497 0.554167 0.954491 0.601667 0.943114 0.616667 0.896407 0.592500 0.880240 0.578333 0.854491 0.585000 0.831737 0.929167 0.179042 0.920000 0.153293
1 0.883333 0.126946 0.865833 0.123353 0.820833 0.139521 0.735000 0.198802 0.239167 0.505389 0.227500 0.507784 0.188333 0.490419 0.152500 0.504790 0.145000 0.514970 0.150833 0.531138 0.246667 0.619162 0.287500 0.632335 0.310833 0.624551 0.326667 0.613174 0.330000 0.602395 0.309167 0.576048 0.315000 0.565269 0.904167 0.197006 0.920833 0.170060 0.919167 0.161677
3 0.740000 0.646707 0.725833 0.624551 0.715833 0.617964 0.701667 0.614970 0.672500 0.616766 0.657500 0.620359 0.643333 0.655090 0.629167 0.661677 0.553333 0.665868 0.492500 0.674850 0.229167 0.690419 0.195000 0.698802 0.185833 0.705389 0.183333 0.720958 0.190833 0.756287 0.200833 0.764671 0.219167 0.768862 0.364167 0.764072 0.496667 0.753293 0.586667 0.752096 0.643333 0.746707 0.657500 0.755689 0.673333 0.788623 0.691667 0.793413 0.718333 0.791617 0.737500 0.785629 0.755833 0.741317 0.753333 0.703593
3 0.540000 0.549102 0.523333 0.548503 0.521667 0.550299 0.517500 0.552096 0.517500 0.555090 0.519167 0.557485 0.522500 0.559281 0.525833 0.565269 0.514167 0.571856 0.514167 0.573054 0.501667 0.580240 0.495833 0.585030 0.492500 0.586228 0.457500 0.610778 0.440000 0.620958 0.435833 0.626347 0.435833 0.629940 0.445000 0.638323 0.450000 0.641317 0.454167 0.641317 0.464167 0.638323 0.470833 0.632934 0.475833 0.631138 0.508333 0.607784 0.530833 0.594012 0.544167 0.584431 0.549167 0.584431 0.558333 0.590419 0.564167 0.589820 0.569167 0.586228 0.570833 0.583832 0.570833 0.580838 0.565833 0.573054 0.561667 0.570659 0.559167 0.566467 0.555833 0.564671
3 0.853333 0.502994 0.833333 0.501796 0.800833 0.514371 0.482500 0.695210 0.465833 0.693413 0.435000 0.668862 0.421667 0.671856 0.389167 0.690419 0.390833 0.707784 0.413333 0.737725 0.504167 0.814371 0.529167 0.825749 0.540833 0.826946 0.570000 0.812575 0.579167 0.802994 0.560000 0.777246 0.565000 0.762874 0.723333 0.660479 0.819167 0.608982 0.893333 0.561078 0.898333 0.545509 0.877500 0.520958
3 0.252500 0.363473 0.251667 0.382635 0.238333 0.395808 0.237500 0.405988 0.225000 0.428743 0.230833 0.473054 0.244167 0.491018 0.276667 0.500000 0.287500 0.499401 0.320000 0.486826 0.334167 0.470060 0.345833 0.476048 0.365000 0.477246 0.383333 0.486826 0.418333 0.489820 0.436667 0.497605 0.455833 0.499401 0.510833 0.516168 0.590833 0.532335 0.636667 0.548503 0.684167 0.547305 0.696667 0.543114 0.704167 0.535928 0.715000 0.517365 0.715833 0.504790 0.709167 0.492216 0.695833 0.483234 0.630833 0.458084 0.596667 0.450898 0.569167 0.440719 0.554167 0.440719 0.538333 0.434731 0.522500 0.433533 0.515000 0.428743 0.505833 0.429341 0.472500 0.415569 0.424167 0.405988 0.393333 0.391018 0.371667 0.386826 0.356667 0.354491 0.344167 0.344311 0.319167 0.338323 0.298333 0.338323 0.273333 0.348503
0 0.493333 0.352695 0.477500 0.377246 0.479167 0.382635 0.476667 0.397006 0.485000 0.426347 0.515000 0.456886 0.534167 0.468263 0.564167 0.480240 0.596667 0.485030 0.615000 0.485030 0.633333 0.479042 0.645833 0.478443 0.660000 0.480838 0.672500 0.485629 0.686667 0.486826 0.697500 0.485030 0.723333 0.474252 0.735833 0.459880 0.735833 0.436527 0.707500 0.410778 0.704167 0.403593 0.705000 0.391018 0.696667 0.374850 0.684167 0.362874 0.670833 0.354491 0.644167 0.341317 0.625833 0.335928 0.598333 0.331737 0.570000 0.332934 0.561667 0.331138 0.555000 0.332934 0.537500 0.331138 0.520833 0.333533
4 0.315833 0.243713 0.294167 0.285030 0.288333 0.312575 0.290833 0.328144 0.311667 0.359281 0.330000 0.373054 0.355000 0.381437 0.378333 0.385629 0.395000 0.383234 0.418333 0.368263 0.455833 0.353892 0.480000 0.360479 0.516667 0.364072 0.580000 0.377844 0.625833 0.382036 0.645833 0.377246 0.669167 0.351497 0.675833 0.336527 0.675000 0.320958 0.670000 0.313174 0.655000 0.301796 0.635833 0.294611 0.551667 0.280240 0.489167 0.264072 0.474167 0.254491 0.443333 0.223353 0.427500 0.214371 0.410000 0.210778 0.374167 0.210778 0.335000 0.226946
0 0.541667 0.303593 0.520000 0.321557 0.515000 0.331138 0.510833 0.349701 0.503333 0.357485 0.505833 0.365868 0.497500 0.375449 0.489167 0.379641 0.490833 0.386826 0.489167 0.395808 0.492500 0.407186 0.487500 0.410778 0.463333 0.411377 0.456667 0.417964 0.457500 0.426347 0.462500 0.431138 0.460833 0.437725 0.465000 0.443713 0.451667 0.457485 0.444167 0.473653 0.445833 0.480240 0.456667 0.483832 0.475000 0.485629 0.490833 0.491617 0.523333 0.494012 0.530833 0.498204 0.533333 0.504192 0.547500 0.498802 0.555000 0.492216 0.558333 0.480240 0.555833 0.467066 0.560833 0.456287 0.567500 0.450898 0.578333 0.447305 0.581667 0.441916 0.580000 0.435329 0.557500 0.421557 0.556667 0.417365 0.564167 0.397605 0.565000 0.388024 0.573333 0.369461 0.576667 0.349701 0.584167 0.338922 0.584167 0.329341 0.587500 0.323952 0.586667 0.316168 0.575833 0.309581
