0 0.575000 0.555689 0.565833 0.560479 0.562500 0.563473 0.562500 0.565868 0.577500 0.584431 0.581667 0.587425 0.588333 0.596407 0.590833 0.597605 0.598333 0.606587 0.595000 0.610778 0.595833 0.611377 0.594167 0.611976 0.591667 0.615569 0.591667 0.619760 0.594167 0.621557 0.596667 0.621557 0.600833 0.624551 0.601667 0.623952 0.605000 0.626347 0.615833 0.638922 0.622500 0.638323 0.627500 0.635928 0.630000 0.635928 0.638333 0.631138 0.649167 0.626946 0.657500 0.620958 0.657500 0.617964 0.650000 0.608982 0.642500 0.604192 0.644167 0.599401 0.642500 0.596407 0.643333 0.595808 0.640000 0.592814 0.623333 0.592814 0.616667 0.585030 0.612500 0.582036 0.605833 0.573054 0.604167 0.573054 0.597500 0.564072 0.594167 0.562275 0.592500 0.559281 0.585000 0.554491
3 0.448333 0.144910 0.391667 0.166467 0.330833 0.198204 0.306667 0.214970 0.300833 0.231138 0.315833 0.247305 0.328333 0.252695 0.380000 0.246108 0.577500 0.461677 0.605000 0.477844 0.622500 0.477246 0.646667 0.469461 0.668333 0.451497 0.673333 0.437126 0.660000 0.397605 0.605000 0.331737 0.575000 0.303593 0.570833 0.289222 0.551667 0.268862 0.528333 0.232335 0.493333 0.194012 0.505000 0.181437 0.508333 0.170060 0.497500 0.152096 0.480000 0.142515
2 0.214167 0.385629 0.204167 0.392216 0.194167 0.417365 0.194167 0.437126 0.204167 0.456886 0.219167 0.462275 0.258333 0.463473 0.269167 0.471257 0.273333 0.483832 0.267500 0.511377 0.266667 0.583832 0.270000 0.631138 0.266667 0.674850 0.271667 0.686826 0.293333 0.696407 0.421667 0.694012 0.430000 0.688024 0.436667 0.664072 0.432500 0.571257 0.439167 0.479042 0.454167 0.466467 0.490000 0.463473 0.508333 0.457485 0.518333 0.423353 0.509167 0.398204 0.490000 0.385030 0.454167 0.386826 0.441667 0.381437 0.400000 0.376647 0.266667 0.376647
4 0.737500 0.466467 0.717500 0.458683 0.685000 0.464072 0.521667 0.525748 0.465833 0.501198 0.450000 0.502994 0.413333 0.516766 0.407500 0.521557 0.400833 0.539521 0.405833 0.576647 0.424167 0.615569 0.448333 0.641317 0.474167 0.657485 0.517500 0.672455 0.535833 0.670659 0.568333 0.659281 0.574167 0.650898 0.570833 0.620359 0.584167 0.604790 0.742500 0.543713 0.768333 0.528144 0.768333 0.511976 0.762500 0.495808
3 0.790833 0.238922 0.789167 0.241317 0.777500 0.248503 0.761667 0.261078 0.756667 0.266467 0.755000 0.273653 0.765000 0.279641 0.770000 0.279042 0.771667 0.277246 0.777500 0.274850 0.783333 0.275449 0.857500 0.323353 0.866667 0.327545 0.873333 0.326347 0.884167 0.317365 0.883333 0.316766 0.885000 0.315569 0.885000 0.313772 0.882500 0.309581 0.857500 0.294611 0.832500 0.277246 0.829167 0.276048 0.826667 0.272455 0.823333 0.271257 0.801667 0.255689 0.801667 0.253892 0.808333 0.246108 0.808333 0.244311 0.805000 0.241317 0.797500 0.237725
3 0.234167 0.401198 0.212500 0.420958 0.220000 0.447305 0.259167 0.492216 0.405000 0.637725 0.431667 0.672455 0.429167 0.682635 0.411667 0.698204 0.418333 0.714371 0.415833 0.731138 0.423333 0.741916 0.440833 0.750898 0.498333 0.744311 0.545833 0.729940 0.605833 0.702395 0.623333 0.686228 0.634167 0.665868 0.630000 0.650299 0.610833 0.630539 0.588333 0.626347 0.550000 0.638323 0.532500 0.630539 0.485833 0.575449 0.341667 0.423353 0.315000 0.400599 0.292500 0.390419 0.270833 0.389222
0 0.709167 0.563473 0.684167 0.562874 0.662500 0.579641 0.638333 0.613772 0.549167 0.716168 0.533333 0.719760 0.511667 0.713174 0.494167 0.713174 0.489167 0.715569 0.487500 0.738922 0.496667 0.756287 0.487500 0.761078 0.460833 0.767066 0.448333 0.778443 0.444167 0.789820 0.449167 0.803593 0.485000 0.824551 0.545833 0.842515 0.555833 0.847904 0.571667 0.850898 0.596667 0.850299 0.618333 0.831737 0.624167 0.811976 0.647500 0.802395 0.655000 0.791018 0.655000 0.774850 0.644167 0.762874 0.642500 0.753892 0.652500 0.743114 0.655000 0.734731 0.711667 0.688623 0.718333 0.677844 0.733333 0.664671 0.755833 0.632934 0.761667 0.615569 0.755833 0.591018 0.743333 0.580838 0.730000 0.576647
4 0.548333 0.185030 0.540833 0.187425 0.536667 0.195210 0.535833 0.210778 0.534167 0.213174 0.534167 0.221557 0.532500 0.224551 0.533333 0.231138 0.531667 0.233533 0.532500 0.235329 0.530833 0.240719 0.531667 0.247904 0.529167 0.249102 0.519167 0.249701 0.511667 0.254491 0.505833 0.264671 0.504167 0.273653 0.505000 0.276647 0.508333 0.281437 0.518333 0.284431 0.526667 0.288623 0.532500 0.289222 0.532500 0.290419 0.545000 0.292216 0.547500 0.291617 0.554167 0.293413 0.560000 0.292814 0.563333 0.294012 0.576667 0.294012 0.579167 0.292814 0.583333 0.293413 0.600000 0.283832 0.604167 0.275449 0.603333 0.268862 0.605000 0.266467 0.603333 0.264072 0.604167 0.263473 0.600833 0.260479 0.586667 0.255689 0.581667 0.252096 0.583333 0.249102 0.583333 0.240120 0.585000 0.237725 0.584167 0.231138 0.586667 0.219162 0.585833 0.210180 0.587500 0.205389 0.587500 0.198204 0.584167 0.192814 0.574167 0.187425 0.565000 0.185629
3 0.577500 0.645509 0.551667 0.652096 0.539167 0.673653 0.541667 0.684431 0.576667 0.700000 0.580000 0.710180 0.574167 0.718563 0.560833 0.771856 0.536667 0.817964 0.504167 0.915569 0.506667 0.931138 0.516667 0.939521 0.529167 0.944910 0.562500 0.950898 0.580833 0.946707 0.599167 0.926946 0.621667 0.870060 0.630000 0.827545 0.649167 0.791018 0.661667 0.755090 0.667500 0.749102 0.666667 0.738922 0.671667 0.725150 0.680000 0.719162 0.709167 0.718563 0.723333 0.708982 0.729167 0.692216 0.724167 0.680239 0.688333 0.662874 0.677500 0.662874 0.640000 0.653293 0.619167 0.652096 0.605833 0.647305 0.585833 0.647904
3 0.822500 0.643713 0.790833 0.619760 0.773333 0.615569 0.749167 0.616766 0.713333 0.628144 0.601667 0.679641 0.425833 0.750898 0.401667 0.766467 0.345833 0.740719 0.315833 0.746108 0.293333 0.759880 0.286667 0.779042 0.285833 0.797605 0.302500 0.826347 0.335833 0.861078 0.375833 0.891018 0.409167 0.906587 0.431667 0.906587 0.466667 0.886228 0.474167 0.862275 0.469167 0.840719 0.478333 0.831737 0.670833 0.752695 0.805833 0.691018 0.830000 0.668862
2 0.569167 0.504192 0.478333 0.510180 0.409167 0.526347 0.360000 0.532934 0.333333 0.540719 0.324167 0.548503 0.320000 0.560479 0.327500 0.589222 0.338333 0.604192 0.354167 0.610778 0.399167 0.610778 0.408333 0.613772 0.417500 0.644910 0.425000 0.653293 0.423333 0.661078 0.436667 0.687425 0.440000 0.708982 0.447500 0.717964 0.468333 0.775449 0.483333 0.792814 0.500833 0.794012 0.511667 0.791617 0.522500 0.783832 0.545833 0.783832 0.581667 0.778443 0.610000 0.764072 0.612500 0.741916 0.599167 0.710778 0.577500 0.625749 0.555833 0.587425 0.561667 0.580240 0.587500 0.572455 0.601667 0.559880 0.595833 0.520958 0.587500 0.512575
3 0.359167 0.360479 0.352500 0.367665 0.311667 0.386826 0.298333 0.402395 0.298333 0.420958 0.315833 0.450898 0.371667 0.507784 0.437500 0.564671 0.508333 0.638922 0.544167 0.668263 0.545000 0.678443 0.523333 0.703593 0.529167 0.714371 0.550000 0.735329 0.566667 0.737725 0.592500 0.733533 0.655000 0.711976 0.708333 0.683234 0.745000 0.653892 0.751667 0.638323 0.742500 0.622755 0.713333 0.601198 0.668333 0.614970 0.650000 0.614371 0.444167 0.421557 0.416667 0.382635 0.401667 0.377246 0.395833 0.368263 0.374167 0.365868 0.366667 0.358683
3 0.773333 0.141317 0.734167 0.128743 0.702500 0.129341 0.678333 0.146108 0.665833 0.164671 0.665833 0.175449 0.692500 0.206587 0.694167 0.224551 0.600833 0.313772 0.579167 0.325150 0.572500 0.338323 0.541667 0.362275 0.494167 0.411976 0.404167 0.486228 0.385000 0.526946 0.420000 0.558683 0.455000 0.576647 0.489167 0.570659 0.545833 0.529940 0.585833 0.476647 0.677500 0.402395 0.715000 0.359880 0.740833 0.343713 0.773333 0.310180 0.811667 0.294012 0.874167 0.307186 0.888333 0.302994 0.909167 0.285629 0.913333 0.264671 0.902500 0.234731 0.863333 0.207186 0.840000 0.180240
2 0.590000 0.282635 0.580833 0.282635 0.575000 0.289222 0.556667 0.295808 0.538333 0.305988 0.506667 0.333533 0.499167 0.344311 0.489167 0.350299 0.456667 0.379641 0.445833 0.383832 0.429167 0.376647 0.415000 0.379042 0.400000 0.389222 0.387500 0.406587 0.386667 0.414371 0.403333 0.429940 0.441667 0.455090 0.497500 0.485030 0.522500 0.504790 0.535000 0.507784 0.544167 0.505389 0.555000 0.498802 0.575833 0.474252 0.573333 0.467066 0.551667 0.448503 0.550833 0.441916 0.586667 0.411377 0.598333 0.397605 0.616667 0.383832 0.620000 0.377844 0.630000 0.371856 0.631667 0.367066 0.660833 0.343713 0.663333 0.335928 0.669167 0.330539 0.668333 0.325749 0.660000 0.317964 0.632500 0.300599 0.610000 0.289222
3 0.504167 0.343713 0.489167 0.336527 0.457500 0.344311 0.450833 0.353293 0.450000 0.362874 0.427500 0.377246 0.417500 0.376048 0.399167 0.380838 0.375000 0.382635 0.365833 0.387425 0.351667 0.386228 0.195833 0.414970 0.175833 0.416168 0.146667 0.426946 0.120833 0.440120 0.116667 0.445509 0.127500 0.489222 0.142500 0.494611 0.176667 0.492814 0.465833 0.444910 0.481667 0.449102 0.495000 0.472455 0.505833 0.477246 0.536667 0.471856 0.546667 0.459880 0.544167 0.435329 0.522500 0.373653
3 0.575000 0.171257 0.549167 0.177246 0.526667 0.198802 0.502500 0.267066 0.452500 0.471257 0.448333 0.476048 0.430833 0.478443 0.397500 0.492216 0.380000 0.517365 0.385833 0.529341 0.410833 0.547305 0.433333 0.555689 0.486667 0.566467 0.537500 0.570060 0.575833 0.567066 0.607500 0.558084 0.624167 0.544910 0.625000 0.515569 0.584167 0.492216 0.575833 0.477246 0.637500 0.225749 0.638333 0.203593 0.629167 0.182036 0.621667 0.179042 0.600833 0.180838
2 0.319167 0.540120 0.297500 0.539521 0.285000 0.543114 0.266667 0.540719 0.240833 0.541916 0.215000 0.548503 0.205833 0.555090 0.199167 0.573054 0.199167 0.592216 0.203333 0.611976 0.203333 0.685030 0.208333 0.717365 0.204167 0.721557 0.168333 0.732335 0.162500 0.738922 0.158333 0.755090 0.164167 0.780838 0.170833 0.788024 0.186667 0.796407 0.218333 0.797605 0.235833 0.801198 0.276667 0.801796 0.378333 0.794611 0.408333 0.785629 0.419167 0.773653 0.421667 0.749102 0.415000 0.730539 0.398333 0.719760 0.360833 0.714371 0.350000 0.706587 0.354167 0.687425 0.350000 0.675449 0.347500 0.642515 0.350000 0.628144 0.340833 0.585030 0.340833 0.564671 0.331667 0.545509
1 0.737500 0.453892 0.725833 0.452695 0.698333 0.464072 0.303333 0.760479 0.282500 0.764671 0.252500 0.759281 0.233333 0.766467 0.229167 0.773653 0.234167 0.786228 0.250833 0.800000 0.326667 0.847904 0.344167 0.852695 0.372500 0.832335 0.354167 0.810778 0.357500 0.801198 0.520000 0.675449 0.563333 0.648503 0.750000 0.508383 0.768333 0.485629 0.765833 0.474252
3 0.490000 0.146707 0.477500 0.160479 0.477500 0.172455 0.483333 0.185629 0.599167 0.361677 0.613333 0.404192 0.607500 0.411377 0.587500 0.418563 0.584167 0.426946 0.598333 0.446707 0.608333 0.452096 0.641667 0.449701 0.705833 0.432934 0.773333 0.406587 0.781667 0.398802 0.782500 0.392814 0.766667 0.370659 0.751667 0.368263 0.733333 0.374251 0.715833 0.373653 0.702500 0.365269 0.695833 0.351497 0.644167 0.285030 0.625000 0.248503 0.605833 0.224551 0.586667 0.191617 0.555833 0.153892 0.533333 0.141317
3 0.634167 0.680838 0.599167 0.696407 0.587500 0.704192 0.579167 0.714371 0.579167 0.717365 0.582500 0.722754 0.583333 0.722156 0.590000 0.727545 0.603333 0.723353 0.611667 0.722156 0.646667 0.752096 0.658333 0.764072 0.662500 0.766467 0.663333 0.768862 0.665000 0.768862 0.673333 0.777844 0.675000 0.777844 0.676667 0.781437 0.684167 0.788024 0.685833 0.788024 0.686667 0.790419 0.697500 0.797605 0.707500 0.798802 0.715833 0.795808 0.723333 0.789820 0.725000 0.782036 0.712500 0.767665 0.709167 0.766467 0.708333 0.764072 0.706667 0.764072 0.645833 0.708383 0.642500 0.702994 0.653333 0.691617 0.645000 0.682036 0.640833 0.680239
1 0.490833 0.420958 0.466667 0.422156 0.455000 0.428743 0.455000 0.438922 0.469167 0.451497 0.470000 0.460479 0.461667 0.474252 0.462500 0.489820 0.458333 0.497006 0.455833 0.517365 0.449167 0.537126 0.441667 0.575449 0.437500 0.583832 0.432500 0.617964 0.429167 0.620958 0.421667 0.648503 0.421667 0.664671 0.429167 0.668263 0.451667 0.670060 0.459167 0.662874 0.467500 0.622156 0.471667 0.614371 0.484167 0.562275 0.486667 0.560479 0.494167 0.522754 0.501667 0.504192 0.512500 0.456287 0.518333 0.450299 0.532500 0.449701 0.534167 0.446108 0.533333 0.432335 0.520000 0.424551
