0 0.717500 0.128144 0.679167 0.126347 0.669167 0.128144 0.638333 0.139521 0.625833 0.138922 0.619167 0.145509 0.599167 0.147305 0.590000 0.144311 0.559167 0.164671 0.551667 0.163473 0.535833 0.149102 0.522500 0.149701 0.514167 0.155090 0.511667 0.161078 0.503333 0.164072 0.496667 0.171257 0.485000 0.173054 0.472500 0.171856 0.448333 0.177844 0.440833 0.183234 0.444167 0.192814 0.454167 0.205988 0.460833 0.224551 0.470833 0.234132 0.475833 0.243713 0.469167 0.253293 0.474167 0.253293 0.486667 0.258683 0.497500 0.258683 0.510833 0.254491 0.529167 0.243114 0.546667 0.238922 0.555000 0.239521 0.567500 0.244311 0.572500 0.243713 0.581667 0.238323 0.583333 0.217365 0.591667 0.210180 0.663333 0.188623 0.683333 0.179641 0.701667 0.177844 0.711667 0.171856 0.725000 0.168263 0.730833 0.164072 0.732500 0.156287
2 0.272500 0.286826 0.250000 0.292814 0.222500 0.316766 0.186667 0.336527 0.164167 0.358084 0.157500 0.375449 0.195000 0.415569 0.363333 0.545509 0.341667 0.576048 0.343333 0.597605 0.360000 0.616766 0.397500 0.638922 0.425000 0.640120 0.480000 0.615569 0.627500 0.517964 0.647500 0.495210 0.647500 0.466467 0.632500 0.449701 0.609167 0.435329 0.584167 0.426347 0.565000 0.427545 0.506667 0.447305 0.433333 0.394012 0.430000 0.386826 0.415000 0.379641 0.406667 0.367665 0.336667 0.322156 0.315000 0.303593 0.295833 0.292814
3 0.700833 0.522754 0.672500 0.510180 0.665000 0.510180 0.639167 0.521557 0.630833 0.531737 0.640000 0.561078 0.638333 0.570659 0.614167 0.578443 0.607500 0.585629 0.580000 0.593413 0.563333 0.606587 0.545000 0.607784 0.538333 0.616168 0.513333 0.623952 0.508333 0.633533 0.481667 0.640120 0.446667 0.664072 0.366667 0.698802 0.346667 0.713772 0.316667 0.754491 0.329167 0.762275 0.342500 0.784431 0.359167 0.797006 0.381667 0.798204 0.400000 0.791617 0.710000 0.634132 0.726667 0.633533 0.750833 0.652695 0.765833 0.658084 0.798333 0.644910 0.806667 0.636527 0.807500 0.627545 0.787500 0.597006
1 0.235833 0.273054 0.188333 0.320958 0.196667 0.347904 0.218333 0.359880 0.232500 0.361677 0.257500 0.346707 0.270833 0.346108 0.815000 0.649701 0.849167 0.655090 0.875000 0.641916 0.889167 0.620359 0.864167 0.592216 0.334167 0.296407 0.331667 0.287425 0.345000 0.256886 0.321667 0.240120 0.310000 0.236527 0.280000 0.243713
2 0.568333 0.216766 0.462500 0.230539 0.335833 0.265868 0.273333 0.288623 0.250833 0.317365 0.253333 0.345509 0.278333 0.377246 0.297500 0.383234 0.330000 0.376048 0.348333 0.395210 0.424167 0.533533 0.440000 0.592814 0.453333 0.614371 0.464167 0.620958 0.492500 0.619162 0.552500 0.604192 0.612500 0.582036 0.625000 0.565868 0.605833 0.487425 0.580833 0.441916 0.559167 0.382635 0.559167 0.367066 0.545000 0.341317 0.555000 0.319760 0.588333 0.315569 0.618333 0.292814 0.600833 0.237725
0 0.208333 0.714371 0.201667 0.729341 0.199167 0.761677 0.190833 0.777246 0.187500 0.800000 0.201667 0.811377 0.251667 0.813772 0.264167 0.817365 0.280000 0.829341 0.285000 0.829940 0.295833 0.826347 0.301667 0.818563 0.309167 0.815569 0.329167 0.816766 0.341667 0.822156 0.355000 0.821557 0.361667 0.823952 0.375000 0.818563 0.404167 0.827545 0.414167 0.821557 0.427500 0.825749 0.455000 0.825150 0.472500 0.829940 0.505833 0.827545 0.539167 0.830539 0.553333 0.826347 0.559167 0.820359 0.567500 0.795808 0.566667 0.785629 0.562500 0.776048 0.543333 0.768263 0.349167 0.744910 0.332500 0.737126 0.333333 0.719760 0.325000 0.707186 0.310833 0.706587 0.300000 0.716168 0.293333 0.717964 0.240833 0.704790 0.220000 0.705389
3 0.229167 0.482036 0.202500 0.529940 0.184167 0.583234 0.185833 0.614970 0.203333 0.632934 0.239167 0.642515 0.261667 0.639521 0.290000 0.615569 0.318333 0.610778 0.710833 0.713174 0.766667 0.720958 0.778333 0.718563 0.791667 0.707186 0.802500 0.667665 0.798333 0.655090 0.783333 0.641916 0.659167 0.600599 0.352500 0.522754 0.340833 0.502994 0.341667 0.469461 0.326667 0.458084 0.279167 0.447904 0.247500 0.461677
3 0.309167 0.607186 0.302500 0.620958 0.308333 0.626347 0.332500 0.633533 0.336667 0.633533 0.346667 0.637725 0.350833 0.637725 0.394167 0.653892 0.398333 0.653892 0.400000 0.655689 0.440000 0.666467 0.442500 0.668862 0.441667 0.677844 0.440000 0.679641 0.441667 0.684431 0.455833 0.688623 0.459167 0.688623 0.462500 0.686826 0.473333 0.671856 0.486667 0.644910 0.487500 0.636527 0.484167 0.631138 0.470000 0.627545 0.465833 0.631138 0.465000 0.630539 0.460833 0.637126 0.458333 0.638922 0.455833 0.638922 0.384167 0.617964 0.377500 0.617964 0.328333 0.602994 0.316667 0.602395
2 0.399167 0.694012 0.387500 0.690419 0.374167 0.691018 0.358333 0.697006 0.355000 0.700000 0.333333 0.709581 0.325833 0.715569 0.301667 0.726946 0.299167 0.729940 0.294167 0.730539 0.283333 0.728144 0.280833 0.726347 0.277500 0.727545 0.273333 0.726946 0.263333 0.729940 0.249167 0.739521 0.245000 0.749701 0.249167 0.758084 0.250833 0.758084 0.260833 0.770060 0.275000 0.780838 0.275833 0.783234 0.290000 0.792216 0.293333 0.797006 0.305833 0.805389 0.315000 0.808982 0.324167 0.809581 0.335833 0.805988 0.343333 0.801198 0.353333 0.792216 0.351667 0.780240 0.348333 0.775449 0.352500 0.767066 0.357500 0.765269 0.361667 0.761078 0.365000 0.760479 0.368333 0.755689 0.375000 0.753293 0.380833 0.748503 0.389167 0.745509 0.407500 0.733533 0.420000 0.727545 0.424167 0.722156 0.424167 0.717964 0.420833 0.712575 0.418333 0.711377 0.415000 0.705389
1 0.718333 0.239521 0.640833 0.225150 0.625000 0.227545 0.613333 0.240719 0.606667 0.263473 0.643333 0.283234 0.647500 0.298802 0.576667 0.437725 0.495000 0.574850 0.356667 0.847305 0.355833 0.864671 0.370000 0.878443 0.395000 0.888623 0.433333 0.891617 0.466667 0.867066 0.744167 0.334132 0.762500 0.318563 0.813333 0.315569 0.834167 0.297006 0.835833 0.283234 0.821667 0.273054
2 0.473333 0.146108 0.461667 0.153293 0.447500 0.184431 0.447500 0.206587 0.432500 0.277246 0.431667 0.306587 0.422500 0.314970 0.407500 0.314970 0.389167 0.319760 0.375000 0.331138 0.367500 0.351497 0.372500 0.374251 0.383333 0.384431 0.434167 0.397006 0.524167 0.405988 0.542500 0.404790 0.579167 0.408383 0.601667 0.405389 0.618333 0.396407 0.624167 0.388024 0.629167 0.362874 0.627500 0.350299 0.610000 0.335329 0.576667 0.325749 0.567500 0.318563 0.575000 0.306587 0.581667 0.266467 0.580000 0.255689 0.585833 0.248503 0.589167 0.197006 0.594167 0.176647 0.590000 0.159281 0.580000 0.150898 0.565833 0.147904 0.544167 0.148503 0.510000 0.143114
3 0.152500 0.365868 0.136667 0.379641 0.126667 0.402395 0.131667 0.416168 0.146667 0.431138 0.200833 0.469461 0.360833 0.562874 0.410833 0.600000 0.435833 0.611377 0.431667 0.628144 0.420000 0.640719 0.422500 0.653293 0.449167 0.670060 0.462500 0.671856 0.493333 0.659281 0.536667 0.628144 0.587500 0.579641 0.600833 0.555090 0.601667 0.547305 0.595000 0.538323 0.563333 0.522754 0.523333 0.543114 0.505833 0.542515 0.325833 0.431138 0.296667 0.417964 0.214167 0.367066 0.185000 0.361078
4 0.686667 0.634731 0.675833 0.637126 0.659167 0.647904 0.628333 0.697006 0.595000 0.739521 0.586667 0.755689 0.577500 0.759281 0.565833 0.758683 0.554167 0.762874 0.528333 0.765868 0.518333 0.774252 0.501667 0.798802 0.524167 0.822755 0.550833 0.838922 0.602500 0.858683 0.656667 0.870060 0.685833 0.868862 0.701667 0.864072 0.712500 0.854491 0.722500 0.838323 0.725000 0.826946 0.694167 0.803593 0.690833 0.794611 0.704167 0.774252 0.705833 0.766467 0.760000 0.690419 0.763333 0.681437 0.760833 0.669461 0.740000 0.647904 0.719167 0.639521
0 0.375000 0.426347 0.349167 0.433533 0.336667 0.433533 0.315000 0.438323 0.294167 0.446108 0.281667 0.453892 0.275833 0.463473 0.285000 0.491617 0.296667 0.498802 0.294167 0.513174 0.287500 0.523353 0.291667 0.537126 0.301667 0.543713 0.332500 0.552096 0.342500 0.558683 0.378333 0.670659 0.390000 0.681437 0.403333 0.686826 0.413333 0.686826 0.445833 0.679641 0.460833 0.667665 0.465000 0.660479 0.439167 0.573653 0.446667 0.535928 0.459167 0.522156 0.464167 0.509581 0.455000 0.497605 0.425833 0.479641 0.437500 0.464072 0.439167 0.456287 0.431667 0.437126 0.414167 0.427545
0 0.275833 0.635329 0.276667 0.660479 0.274167 0.670060 0.277500 0.691617 0.286667 0.702994 0.305000 0.709581 0.327500 0.707186 0.344167 0.697006 0.353333 0.705988 0.370000 0.715569 0.383333 0.717365 0.393333 0.714371 0.404167 0.699401 0.414167 0.691617 0.450833 0.692216 0.456667 0.690419 0.512500 0.695210 0.525000 0.694012 0.567500 0.696407 0.584167 0.693413 0.591667 0.686228 0.595833 0.677245 0.596667 0.663473 0.591667 0.649102 0.580000 0.641916 0.565000 0.638922 0.507500 0.635928 0.486667 0.631737 0.476667 0.631737 0.465833 0.635329 0.457500 0.632934 0.432500 0.631737 0.415833 0.623353 0.412500 0.614970 0.405833 0.610180 0.390000 0.602994 0.377500 0.603593 0.359167 0.614371 0.349167 0.613174 0.335000 0.605389 0.325833 0.603593 0.302500 0.604192 0.285000 0.614371
3 0.660833 0.450299 0.625833 0.452096 0.610000 0.459880 0.597500 0.473054 0.567500 0.535329 0.555000 0.572455 0.485000 0.713174 0.472500 0.722156 0.438333 0.718563 0.420833 0.722156 0.408333 0.744311 0.410833 0.756287 0.434167 0.768862 0.533333 0.795210 0.550833 0.797006 0.580000 0.807186 0.606667 0.808982 0.621667 0.802395 0.629167 0.790419 0.630833 0.774252 0.607500 0.756886 0.591667 0.752695 0.590833 0.741916 0.597500 0.726347 0.610833 0.711976 0.623333 0.677844 0.638333 0.652695 0.641667 0.634132 0.667500 0.596407 0.670000 0.583234 0.685000 0.550898 0.693333 0.542515 0.707500 0.505988 0.707500 0.469461 0.688333 0.458084
3 0.162500 0.425748 0.137500 0.440719 0.128333 0.451497 0.135000 0.470659 0.286667 0.595210 0.307500 0.610180 0.320833 0.615569 0.323333 0.626347 0.304167 0.646108 0.301667 0.651497 0.323333 0.670659 0.337500 0.670659 0.357500 0.664671 0.392500 0.647305 0.432500 0.621557 0.454167 0.593413 0.451667 0.587425 0.430000 0.571856 0.390833 0.585030 0.383333 0.582635 0.200000 0.434132 0.180000 0.425748 0.170000 0.423952
3 0.399167 0.143114 0.392500 0.162874 0.398333 0.174850 0.415833 0.192216 0.635833 0.359880 0.643333 0.373054 0.675000 0.405389 0.675000 0.413174 0.653333 0.430539 0.652500 0.438922 0.677500 0.458683 0.695000 0.463473 0.727500 0.453892 0.798333 0.414371 0.840833 0.385629 0.862500 0.365868 0.867500 0.354491 0.865000 0.348503 0.836667 0.327545 0.817500 0.327545 0.798333 0.339521 0.780000 0.343713 0.760000 0.338323 0.658333 0.267066 0.606667 0.222156 0.539167 0.171856 0.478333 0.132335 0.446667 0.124551
0 0.454167 0.376647 0.420833 0.389820 0.411667 0.395808 0.390833 0.418563 0.382500 0.421557 0.376667 0.420958 0.380833 0.428743 0.364167 0.437725 0.354167 0.439521 0.354167 0.446108 0.344167 0.462275 0.337500 0.465868 0.309167 0.461677 0.298333 0.469461 0.299167 0.483234 0.294167 0.490419 0.293333 0.498204 0.271667 0.505988 0.256667 0.520958 0.256667 0.529341 0.264167 0.535329 0.298333 0.555689 0.316667 0.562275 0.335833 0.573653 0.345000 0.576048 0.360000 0.571856 0.369167 0.559281 0.375000 0.545509 0.390000 0.535928 0.408333 0.533533 0.413333 0.530539 0.417500 0.523353 0.413333 0.513772 0.404167 0.504192 0.405000 0.496407 0.455000 0.446108 0.461667 0.435329 0.479167 0.423952 0.492500 0.404790 0.490000 0.396407 0.476667 0.386826
2 0.121667 0.289820 0.117500 0.289820 0.112500 0.291617 0.086667 0.311976 0.076667 0.321557 0.073333 0.323353 0.070000 0.323353 0.062500 0.320359 0.055833 0.321557 0.050000 0.324551 0.043333 0.333533 0.044167 0.338323 0.060833 0.350898 0.072500 0.358084 0.090833 0.365868 0.100000 0.365868 0.105833 0.364072 0.109167 0.361078 0.112500 0.356287 0.112500 0.350898 0.107500 0.346707 0.107500 0.342515 0.122500 0.328743 0.127500 0.325749 0.134167 0.318563 0.140833 0.313772 0.146667 0.305988 0.145833 0.303593 0.140833 0.298802
1 0.690000 0.219760 0.650000 0.225150 0.635833 0.246707 0.603333 0.744910 0.592500 0.762275 0.552500 0.767066 0.544167 0.786826 0.548333 0.800000 0.562500 0.806587 0.595833 0.805389 0.670833 0.814970 0.725000 0.811976 0.742500 0.804192 0.745000 0.795808 0.737500 0.773054 0.706667 0.767066 0.695000 0.754491 0.730000 0.253892 0.718333 0.225150
