3 0.350000 0.552096 0.316667 0.543114 0.255833 0.534731 0.224167 0.534731 0.213333 0.538323 0.203333 0.546707 0.196667 0.568263 0.202500 0.597006 0.195000 0.623353 0.184167 0.640120 0.166667 0.688024 0.158333 0.696407 0.155000 0.716168 0.141667 0.732335 0.123333 0.776048 0.104167 0.801198 0.093333 0.823952 0.089167 0.859880 0.093333 0.871257 0.100833 0.876048 0.165833 0.887425 0.180833 0.880838 0.196667 0.862275 0.329167 0.630539 0.341667 0.622156 0.390833 0.626347 0.405833 0.613772 0.414167 0.591018 0.410000 0.579042
0 0.553333 0.556886 0.537500 0.558683 0.520000 0.564072 0.494167 0.566467 0.477500 0.573653 0.457500 0.574850 0.447500 0.580838 0.445000 0.591617 0.450000 0.600599 0.464167 0.613174 0.466667 0.628144 0.458333 0.638922 0.458333 0.645509 0.464167 0.651497 0.490000 0.655090 0.499167 0.658683 0.505000 0.674251 0.516667 0.694012 0.524167 0.715569 0.533333 0.727545 0.535000 0.744311 0.544167 0.759880 0.553333 0.766467 0.567500 0.767066 0.601667 0.758683 0.607500 0.734132 0.605833 0.725748 0.600833 0.720359 0.593333 0.702994 0.593333 0.696407 0.596667 0.692814 0.590000 0.691018 0.586667 0.687425 0.587500 0.673653 0.592500 0.667665 0.568333 0.644311 0.568333 0.640120 0.572500 0.637126 0.582500 0.634731 0.594167 0.626946 0.593333 0.619760 0.565000 0.597006 0.566667 0.579042 0.560833 0.562275
0 0.170000 0.804192 0.152500 0.835928 0.146667 0.859281 0.152500 0.876048 0.160833 0.883832 0.174167 0.889820 0.187500 0.892216 0.222500 0.885030 0.235000 0.897605 0.260833 0.903593 0.278333 0.902395 0.295833 0.897006 0.311667 0.897006 0.424167 0.923353 0.456667 0.928743 0.473333 0.925749 0.489167 0.910778 0.495000 0.896407 0.495000 0.888024 0.488333 0.879042 0.478333 0.873054 0.447500 0.864072 0.420833 0.859281 0.401667 0.852695 0.381667 0.849701 0.335833 0.837126 0.329167 0.827545 0.327500 0.815569 0.313333 0.800599 0.295000 0.798802 0.265833 0.803593 0.257500 0.802994 0.246667 0.798802 0.238333 0.790419 0.223333 0.783832 0.208333 0.783832 0.185000 0.789222
3 0.663333 0.264671 0.641667 0.250898 0.605833 0.261677 0.602500 0.274850 0.609167 0.297006 0.607500 0.304790 0.602500 0.308383 0.565833 0.317365 0.362500 0.382635 0.301667 0.407784 0.293333 0.413772 0.287500 0.426946 0.293333 0.440120 0.307500 0.456287 0.331667 0.462874 0.363333 0.457485 0.555000 0.392814 0.586667 0.385629 0.620000 0.384431 0.653333 0.373054 0.679167 0.394012 0.689167 0.393413 0.712500 0.385030 0.720000 0.379641 0.720000 0.367066 0.712500 0.344311 0.697500 0.325150 0.673333 0.276048
1 0.519167 0.771257 0.507500 0.775449 0.507500 0.783832 0.510833 0.786228 0.520000 0.786228 0.524167 0.788024 0.555833 0.937126 0.561667 0.941916 0.570833 0.941916 0.576667 0.940719 0.582500 0.934731 0.582500 0.929940 0.561667 0.836527 0.556667 0.804790 0.550833 0.789222 0.552500 0.785030 0.555833 0.782635 0.562500 0.782036 0.566667 0.776048 0.562500 0.770060 0.555833 0.768862 0.531667 0.770060 0.525000 0.771856
0 0.790000 0.117964 0.667500 0.100599 0.647500 0.101198 0.640000 0.105988 0.635000 0.135928 0.616667 0.150299 0.610000 0.168862 0.617500 0.202395 0.612500 0.220359 0.606667 0.227545 0.608333 0.239521 0.600833 0.253892 0.599167 0.278443 0.590833 0.288024 0.590833 0.298802 0.582500 0.324551 0.586667 0.353293 0.594167 0.365269 0.604167 0.371257 0.652500 0.381437 0.669167 0.379042 0.684167 0.367665 0.739167 0.217365 0.748333 0.210180 0.785000 0.206587 0.795000 0.195808 0.786667 0.186826 0.782500 0.175449 0.786667 0.164671 0.801667 0.153892 0.806667 0.134132 0.804167 0.123952
0 0.505000 0.471257 0.496667 0.465269 0.474167 0.462874 0.456667 0.470060 0.444167 0.478443 0.430000 0.476048 0.415000 0.480240 0.405000 0.489820 0.401667 0.506587 0.398333 0.511377 0.366667 0.525748 0.325833 0.540120 0.295833 0.553892 0.290833 0.558683 0.289167 0.565269 0.297500 0.577844 0.309167 0.587425 0.322500 0.589820 0.428333 0.550898 0.435833 0.551497 0.446667 0.556886 0.460000 0.559880 0.470000 0.559281 0.482500 0.552695 0.486667 0.544910 0.494167 0.537725 0.500833 0.535928 0.510000 0.536527 0.522500 0.532335 0.531667 0.526347 0.531667 0.512575 0.525833 0.497605 0.520000 0.487425
2 0.643333 0.540120 0.621667 0.542515 0.600833 0.554491 0.583333 0.582036 0.588333 0.607784 0.598333 0.620359 0.614167 0.631138 0.615000 0.637126 0.551667 0.752096 0.531667 0.773653 0.521667 0.798204 0.525000 0.806587 0.555833 0.825749 0.603333 0.838922 0.636667 0.842515 0.654167 0.836527 0.665000 0.823353 0.707500 0.747305 0.732500 0.719162 0.755833 0.677844 0.769167 0.674251 0.808333 0.674850 0.825000 0.668862 0.841667 0.658084 0.853333 0.642515 0.859167 0.626347 0.858333 0.607186 0.848333 0.596407 0.798333 0.569461 0.750000 0.553892 0.709167 0.546108
0 0.225833 0.346707 0.208333 0.347305 0.136667 0.362275 0.125000 0.369461 0.124167 0.377246 0.113333 0.390419 0.118333 0.402395 0.125833 0.407784 0.128333 0.412575 0.143333 0.424551 0.153333 0.427545 0.158333 0.431138 0.158333 0.441317 0.162500 0.449102 0.170000 0.491617 0.176667 0.513174 0.183333 0.522754 0.196667 0.529940 0.210000 0.528742 0.240000 0.522156 0.250000 0.510180 0.245000 0.495210 0.245000 0.486228 0.239167 0.474252 0.237500 0.462874 0.223333 0.420958 0.225000 0.414371 0.241667 0.407784 0.248333 0.402395 0.244167 0.391018 0.230000 0.381437 0.230833 0.376647 0.237500 0.371257 0.239167 0.362275 0.235000 0.352695
3 0.665000 0.282036 0.630833 0.252695 0.599167 0.257485 0.575000 0.267665 0.582500 0.304790 0.573333 0.315569 0.475000 0.334731 0.177500 0.405389 0.151667 0.423952 0.156667 0.452695 0.169167 0.478443 0.176667 0.483832 0.194167 0.486228 0.235833 0.483234 0.614167 0.397605 0.626667 0.401198 0.629167 0.411976 0.658333 0.435928 0.707500 0.426347 0.719167 0.416168 0.718333 0.389222 0.694167 0.331138
0 0.665000 0.811976 0.656667 0.805988 0.639167 0.806587 0.562500 0.838922 0.532500 0.849701 0.526667 0.850299 0.509167 0.839521 0.500000 0.838323 0.489167 0.844311 0.485833 0.857485 0.462500 0.858084 0.444167 0.864072 0.435000 0.871257 0.435833 0.881437 0.449167 0.903593 0.463333 0.919760 0.480833 0.932934 0.487500 0.935329 0.495833 0.935329 0.511667 0.928743 0.522500 0.913772 0.535833 0.912575 0.546667 0.916168 0.555000 0.916168 0.563333 0.911377 0.564167 0.908982 0.559167 0.891018 0.561667 0.888024 0.588333 0.874850 0.645000 0.851497 0.648333 0.851497 0.673333 0.839521 0.676667 0.832934 0.672500 0.819761
2 0.368333 0.288623 0.365000 0.299401 0.369167 0.325150 0.368333 0.346108 0.375833 0.371856 0.379167 0.398204 0.377500 0.425748 0.384167 0.435329 0.414167 0.437725 0.447500 0.431138 0.453333 0.424551 0.455833 0.400599 0.463333 0.394012 0.519167 0.390419 0.543333 0.386228 0.570833 0.385629 0.580833 0.382635 0.591667 0.383832 0.597500 0.381437 0.644167 0.379042 0.662500 0.374251 0.667500 0.370060 0.667500 0.340120 0.661667 0.312575 0.655000 0.299401 0.647500 0.292216 0.635833 0.294012 0.606667 0.288024 0.582500 0.287425 0.558333 0.291018 0.539167 0.291018 0.525833 0.294611 0.452500 0.298204 0.444167 0.295808 0.438333 0.281437 0.425833 0.276048 0.403333 0.276048 0.376667 0.282635
1 0.380833 0.091617 0.355000 0.101796 0.336667 0.121557 0.342500 0.138323 0.352500 0.148503 0.387500 0.149701 0.397500 0.154491 0.425000 0.205988 0.455833 0.246707 0.456667 0.255090 0.466667 0.260479 0.467500 0.273054 0.475000 0.279042 0.487500 0.309581 0.571667 0.449102 0.595000 0.478443 0.604167 0.500599 0.630000 0.516168 0.660000 0.514371 0.674167 0.498204 0.675833 0.483832 0.466667 0.134132 0.489167 0.106587 0.481667 0.088024 0.470000 0.081437 0.445833 0.079641
0 0.226667 0.249701 0.205000 0.261677 0.188333 0.277844 0.193333 0.285629 0.309167 0.368862 0.308333 0.373653 0.295833 0.388623 0.299167 0.399401 0.323333 0.402994 0.365833 0.435329 0.374167 0.438323 0.382500 0.435928 0.415000 0.414970 0.430000 0.401198 0.454167 0.387425 0.457500 0.383234 0.456667 0.377246 0.432500 0.358683 0.421667 0.357485 0.409167 0.349102 0.401667 0.341916 0.399167 0.330539 0.387500 0.329940 0.365833 0.334132 0.358333 0.332335 0.297500 0.291018 0.280000 0.276048 0.264167 0.266467 0.251667 0.254491 0.240000 0.248503
3 0.858333 0.261078 0.809167 0.256886 0.796667 0.262874 0.782500 0.281437 0.811667 0.310778 0.805833 0.323952 0.772500 0.352096 0.725000 0.401198 0.702500 0.415569 0.682500 0.434132 0.671667 0.449701 0.625000 0.493413 0.616667 0.509581 0.619167 0.524551 0.635000 0.539521 0.660833 0.550898 0.671667 0.550299 0.704167 0.534132 0.726667 0.507784 0.843333 0.400000 0.872500 0.364671 0.885833 0.354491 0.906667 0.360479 0.935833 0.363473 0.946667 0.358683 0.960833 0.346108 0.960833 0.334132 0.945000 0.315569
4 0.268333 0.512575 0.256667 0.533533 0.250000 0.557485 0.249167 0.635329 0.256667 0.660479 0.268333 0.679042 0.279167 0.686228 0.313333 0.691617 0.337500 0.691018 0.345000 0.688024 0.351667 0.677844 0.360000 0.645509 0.371667 0.639521 0.380000 0.643713 0.417500 0.650299 0.470000 0.647305 0.483333 0.650898 0.548333 0.650898 0.561667 0.653293 0.599167 0.649701 0.606667 0.643114 0.610833 0.616168 0.606667 0.573054 0.596667 0.559880 0.583333 0.553892 0.567500 0.552096 0.509167 0.555689 0.486667 0.551497 0.442500 0.555090 0.398333 0.552695 0.381667 0.555689 0.367500 0.547305 0.356667 0.523952 0.333333 0.504790 0.323333 0.501796 0.279167 0.501198
