0 0.236667 0.188623 0.223333 0.197006 0.212500 0.209581 0.190000 0.223952 0.180833 0.238323 0.163333 0.248503 0.159167 0.256886 0.162500 0.266467 0.176667 0.274850 0.200833 0.280240 0.218333 0.294012 0.220000 0.307784 0.225000 0.313772 0.238333 0.316168 0.270000 0.306587 0.278333 0.308383 0.348333 0.349102 0.365833 0.355689 0.381667 0.370060 0.394167 0.374251 0.404167 0.380838 0.417500 0.383234 0.433333 0.377844 0.457500 0.354491 0.440833 0.328144 0.432500 0.321557 0.402500 0.306587 0.396667 0.301796 0.395000 0.295210 0.385833 0.296407 0.380000 0.293413 0.376667 0.286228 0.370000 0.281437 0.367500 0.272455 0.359167 0.272455 0.325000 0.261078 0.324167 0.255090 0.331667 0.247305 0.335000 0.234731 0.325833 0.226946 0.305833 0.225749 0.296667 0.222156 0.284167 0.220958 0.278333 0.217365 0.268333 0.203593 0.248333 0.190419
3 0.405833 0.502395 0.402500 0.497605 0.400000 0.496407 0.397500 0.497006 0.393333 0.500599 0.392500 0.500000 0.381667 0.504192 0.375833 0.513174 0.328333 0.513174 0.320000 0.515569 0.300000 0.515569 0.297500 0.517365 0.291667 0.516168 0.281667 0.517964 0.255000 0.517365 0.252500 0.516168 0.242500 0.519760 0.239167 0.525748 0.239167 0.534731 0.244167 0.540120 0.250000 0.541916 0.269167 0.541916 0.273333 0.540719 0.290000 0.541317 0.295000 0.540120 0.307500 0.540719 0.310833 0.539521 0.326667 0.540120 0.340833 0.538323 0.349167 0.539521 0.356667 0.537725 0.360833 0.538922 0.365833 0.537725 0.372500 0.538323 0.376667 0.536527 0.381667 0.538323 0.384167 0.546108 0.388333 0.550299 0.392500 0.551497 0.403333 0.549701 0.406667 0.543713 0.405833 0.541916 0.409167 0.537126 0.409167 0.519162 0.407500 0.517964 0.408333 0.514371 0.406667 0.511976 0.407500 0.508982 0.405000 0.503593
3 0.428333 0.226946 0.414167 0.241317 0.415833 0.264072 0.489167 0.446707 0.487500 0.457485 0.493333 0.489222 0.487500 0.495210 0.466667 0.500000 0.460000 0.506587 0.469167 0.528742 0.477500 0.535329 0.503333 0.537725 0.578333 0.527545 0.619167 0.519162 0.649167 0.509581 0.659167 0.498204 0.650000 0.475449 0.636667 0.470659 0.618333 0.473653 0.599167 0.471856 0.588333 0.462275 0.583333 0.445509 0.549167 0.377844 0.539167 0.341916 0.513333 0.278443 0.494167 0.243114 0.474167 0.226347
2 0.769167 0.224551 0.726667 0.221557 0.657500 0.223952 0.575833 0.234731 0.536667 0.236527 0.505000 0.244910 0.485833 0.265269 0.485000 0.288024 0.496667 0.315569 0.513333 0.325749 0.564167 0.331138 0.575000 0.338323 0.575833 0.367665 0.582500 0.375449 0.587500 0.430539 0.605833 0.489222 0.606667 0.508982 0.610833 0.520958 0.626667 0.537126 0.647500 0.540120 0.676667 0.534132 0.739167 0.529940 0.759167 0.523353 0.771667 0.514371 0.775833 0.490419 0.760833 0.408383 0.756667 0.355689 0.748333 0.338922 0.745833 0.317365 0.756667 0.310180 0.784167 0.302994 0.798333 0.286826 0.800833 0.265868 0.787500 0.234731
3 0.542500 0.136527 0.514167 0.137725 0.497500 0.143114 0.478333 0.162874 0.431667 0.259281 0.385833 0.373054 0.372500 0.379042 0.344167 0.374850 0.330000 0.377844 0.316667 0.402395 0.317500 0.409581 0.334167 0.422754 0.441667 0.454491 0.474167 0.458683 0.499167 0.457485 0.508333 0.453892 0.515000 0.441916 0.518333 0.425150 0.499167 0.410778 0.483333 0.405389 0.483333 0.392216 0.496667 0.377246 0.510000 0.332335 0.559167 0.237126 0.583333 0.176048 0.583333 0.154491 0.560000 0.140719
4 0.259167 0.507784 0.237500 0.510180 0.219167 0.515569 0.209167 0.526946 0.198333 0.556287 0.198333 0.562275 0.208333 0.568862 0.238333 0.581437 0.238333 0.588623 0.245833 0.594611 0.204167 0.719162 0.204167 0.732934 0.209167 0.741916 0.222500 0.743713 0.245000 0.752096 0.300833 0.758084 0.320833 0.752096 0.334167 0.736527 0.335833 0.720359 0.348333 0.697006 0.360833 0.625749 0.366667 0.613174 0.375833 0.605389 0.413333 0.602395 0.427500 0.595210 0.447500 0.564072 0.449167 0.553892 0.441667 0.545509 0.400000 0.527545 0.325000 0.513174
3 0.879167 0.298204 0.867500 0.266467 0.843333 0.229940 0.814167 0.203593 0.794167 0.194611 0.761667 0.200599 0.749167 0.208383 0.732500 0.230539 0.732500 0.245509 0.723333 0.251497 0.701667 0.253293 0.549167 0.283234 0.421667 0.312575 0.385000 0.326946 0.378333 0.344910 0.384167 0.360479 0.397500 0.376647 0.416667 0.385030 0.436667 0.387425 0.487500 0.379641 0.575000 0.358683 0.768333 0.319760 0.774167 0.320958 0.810000 0.349701 0.826667 0.350898 0.845000 0.347904 0.855000 0.343114 0.874167 0.322156
3 0.755000 0.398802 0.683333 0.367066 0.631667 0.360479 0.605833 0.365868 0.584167 0.391617 0.585833 0.401796 0.605833 0.430539 0.603333 0.447904 0.366667 0.664671 0.352500 0.683234 0.345000 0.708982 0.350000 0.714371 0.368333 0.718563 0.387500 0.737725 0.405000 0.742515 0.430833 0.740120 0.459167 0.725748 0.530000 0.669461 0.718333 0.497605 0.784167 0.498802 0.815833 0.482635 0.820000 0.468862 0.812500 0.447305 0.794167 0.426347
3 0.482500 0.349701 0.473333 0.355090 0.451667 0.358683 0.435000 0.367665 0.431667 0.391617 0.479167 0.491617 0.524167 0.566467 0.542500 0.611377 0.554167 0.622755 0.548333 0.630539 0.519167 0.645509 0.513333 0.653892 0.525000 0.677245 0.540833 0.684431 0.578333 0.685030 0.627500 0.676647 0.686667 0.658084 0.722500 0.632934 0.722500 0.622755 0.710000 0.602395 0.695000 0.598204 0.659167 0.600000 0.645833 0.592814 0.632500 0.562275 0.543333 0.403593 0.531667 0.375449 0.521667 0.363473 0.501667 0.350898
3 0.843333 0.385030 0.839167 0.374251 0.831667 0.367665 0.789167 0.367665 0.785833 0.371257 0.783333 0.392814 0.772500 0.403593 0.719167 0.397006 0.446667 0.382635 0.425833 0.388024 0.416667 0.413772 0.415833 0.432934 0.419167 0.437725 0.431667 0.443114 0.458333 0.448503 0.607500 0.455689 0.767500 0.468263 0.779167 0.504192 0.800833 0.508383 0.824167 0.508982 0.830833 0.502395 0.843333 0.437126
0 0.309167 0.279042 0.285833 0.285030 0.276667 0.291617 0.273333 0.303593 0.275000 0.342515 0.271667 0.350299 0.279167 0.363473 0.280833 0.380240 0.276667 0.384431 0.265833 0.386826 0.260833 0.389820 0.249167 0.402994 0.250833 0.415569 0.260833 0.424551 0.255833 0.442515 0.258333 0.455090 0.266667 0.462874 0.277500 0.467066 0.291667 0.468862 0.350833 0.465269 0.366667 0.459281 0.375833 0.446707 0.373333 0.433533 0.369167 0.426946 0.370000 0.420359 0.375833 0.410180 0.375833 0.398204 0.370833 0.393413 0.350000 0.385030 0.345000 0.380838 0.342500 0.373054 0.341667 0.338922 0.338333 0.317964 0.340000 0.310180 0.336667 0.297006 0.330833 0.288024 0.314167 0.282635
4 0.701667 0.356287 0.685833 0.359880 0.667500 0.376647 0.621667 0.438922 0.610833 0.449701 0.600833 0.467066 0.596667 0.470060 0.585000 0.470659 0.560000 0.465269 0.545833 0.465868 0.525833 0.490419 0.523333 0.500599 0.527500 0.510180 0.547500 0.529341 0.573333 0.543713 0.623333 0.559880 0.645000 0.561078 0.655833 0.565269 0.685833 0.568862 0.695000 0.568263 0.709167 0.559880 0.714167 0.555090 0.721667 0.538922 0.721667 0.533533 0.712500 0.519162 0.693333 0.501796 0.704167 0.491617 0.726667 0.458683 0.736667 0.448503 0.773333 0.394611 0.769167 0.382036 0.763333 0.375449 0.728333 0.360479
0 0.455000 0.687425 0.447500 0.682036 0.436667 0.677844 0.434167 0.675449 0.429167 0.673653 0.425000 0.674251 0.417500 0.677844 0.406667 0.688024 0.397500 0.687425 0.392500 0.694611 0.394167 0.695808 0.394167 0.699401 0.395833 0.700599 0.394167 0.704790 0.380833 0.713772 0.380000 0.713174 0.380000 0.714371 0.375000 0.717964 0.371667 0.718563 0.366667 0.723952 0.363333 0.725150 0.358333 0.729940 0.357500 0.729341 0.354167 0.734731 0.355833 0.738323 0.360833 0.741317 0.360000 0.741916 0.364167 0.743114 0.365000 0.744311 0.372500 0.746108 0.379167 0.743713 0.400833 0.728743 0.404167 0.727545 0.410000 0.722754 0.415000 0.720359 0.415833 0.720958 0.416667 0.719760 0.419167 0.719760 0.429167 0.722754 0.433333 0.722156 0.437500 0.719162 0.437500 0.711377 0.439167 0.709581 0.438333 0.707784 0.440000 0.706587 0.445000 0.707784 0.449167 0.705988 0.450000 0.706587 0.460000 0.700599 0.461667 0.694611 0.457500 0.689820 0.454167 0.688024
0 0.828333 0.432934 0.814167 0.426347 0.797500 0.431138 0.780000 0.431737 0.770833 0.435928 0.749167 0.437126 0.737500 0.441916 0.712500 0.439521 0.704167 0.441916 0.678333 0.441916 0.655833 0.446707 0.631667 0.441317 0.616667 0.441317 0.601667 0.445509 0.580000 0.446108 0.563333 0.452096 0.542500 0.455689 0.531667 0.460479 0.525833 0.468263 0.525833 0.486228 0.535833 0.519760 0.544167 0.535928 0.554167 0.546707 0.571667 0.552096 0.590833 0.549102 0.601667 0.544311 0.612500 0.529940 0.622500 0.535329 0.648333 0.543114 0.662500 0.543114 0.670000 0.537126 0.676667 0.518563 0.686667 0.513174 0.735833 0.501198 0.780000 0.495808 0.820833 0.486826 0.844167 0.467665 0.830000 0.444910
4 0.408333 0.270060 0.374167 0.274850 0.354167 0.290419 0.345833 0.309581 0.329167 0.383234 0.303333 0.441916 0.292500 0.451497 0.241667 0.483234 0.230833 0.504790 0.229167 0.528742 0.233333 0.537126 0.254167 0.552695 0.299167 0.573054 0.365000 0.587425 0.423333 0.590419 0.461667 0.585629 0.480000 0.580240 0.499167 0.569461 0.514167 0.552695 0.522500 0.516168 0.518333 0.506587 0.485000 0.489222 0.456667 0.467665 0.464167 0.451497 0.491667 0.335329 0.485833 0.303593 0.469167 0.287425 0.451667 0.277246 0.430833 0.271257
