2 0.661667 0.280838 0.650000 0.279641 0.628333 0.285629 0.592500 0.313772 0.586667 0.324551 0.587500 0.337126 0.613333 0.364671 0.619167 0.376048 0.584167 0.402994 0.579167 0.411976 0.567500 0.416168 0.554167 0.432335 0.518333 0.456886 0.511667 0.467665 0.496667 0.476647 0.451667 0.518563 0.438333 0.537725 0.450000 0.552695 0.474167 0.559281 0.514167 0.591617 0.545000 0.603593 0.560833 0.602395 0.585833 0.591018 0.612500 0.566467 0.710000 0.495210 0.745833 0.456287 0.760000 0.456287 0.785000 0.467665 0.810833 0.468862 0.855000 0.440719 0.860000 0.430539 0.857500 0.409581 0.835000 0.394012 0.802500 0.362874 0.725833 0.319162 0.691667 0.294012
3 0.316667 0.728144 0.300833 0.762275 0.326667 0.781437 0.507500 0.841317 0.688333 0.895808 0.694167 0.902395 0.686667 0.913772 0.688333 0.944311 0.717500 0.955689 0.744167 0.957485 0.770000 0.937126 0.805000 0.880838 0.824167 0.837126 0.825833 0.800000 0.814167 0.793413 0.774167 0.785030 0.763333 0.792216 0.746667 0.814371 0.738333 0.819761 0.730833 0.819162 0.644167 0.789222 0.370000 0.707186 0.348333 0.705988 0.335000 0.708982
3 0.311667 0.361677 0.295833 0.364671 0.293333 0.364072 0.280000 0.367665 0.275000 0.367066 0.270833 0.369461 0.264167 0.370659 0.260833 0.373653 0.256667 0.374850 0.250833 0.381437 0.254167 0.388024 0.253333 0.389820 0.256667 0.392814 0.260000 0.394012 0.275000 0.394012 0.281667 0.398204 0.281667 0.407784 0.289167 0.424551 0.290000 0.432934 0.299167 0.456287 0.298333 0.458084 0.301667 0.461677 0.301667 0.468263 0.310000 0.490419 0.318333 0.498204 0.329167 0.500000 0.336667 0.497006 0.342500 0.496407 0.347500 0.490419 0.348333 0.486228 0.343333 0.468263 0.340833 0.465868 0.340833 0.460479 0.335833 0.450299 0.335000 0.443114 0.332500 0.440120 0.332500 0.434731 0.326667 0.423353 0.326667 0.416766 0.315833 0.389820 0.320833 0.386228 0.327500 0.384431 0.337500 0.376647 0.333333 0.365269 0.323333 0.362275
1 0.596667 0.103593 0.565833 0.094611 0.535000 0.094012 0.514167 0.113174 0.514167 0.126347 0.540833 0.147904 0.290000 0.449701 0.235000 0.522754 0.232500 0.546108 0.256667 0.563473 0.281667 0.567665 0.310000 0.553293 0.347500 0.500000 0.610833 0.179641 0.655833 0.183234 0.675000 0.167066 0.676667 0.156287 0.665000 0.141916 0.624167 0.115569
4 0.415000 0.227545 0.394167 0.239521 0.377500 0.257485 0.339167 0.284431 0.326667 0.300000 0.330833 0.308383 0.368333 0.340120 0.462500 0.382635 0.570833 0.444311 0.580000 0.453293 0.580000 0.461078 0.562500 0.470659 0.553333 0.498204 0.555000 0.509581 0.612500 0.539521 0.630833 0.535329 0.685833 0.500599 0.717500 0.465868 0.773333 0.419760 0.802500 0.379042 0.807500 0.364072 0.803333 0.353892 0.746667 0.324551 0.722500 0.335329 0.697500 0.358084 0.676667 0.359281 0.658333 0.353892 0.467500 0.248503
0 0.901667 0.161078 0.900000 0.160479 0.895000 0.162874 0.893333 0.165269 0.894167 0.165868 0.898333 0.163473 0.900833 0.163473
4 0.497500 0.565868 0.478333 0.593413 0.460000 0.643114 0.470000 0.674850 0.486667 0.695210 0.507500 0.711976 0.560000 0.723952 0.577500 0.719162 0.629167 0.695210 0.646667 0.691617 0.679167 0.703593 0.715000 0.710778 0.780000 0.730539 0.825000 0.740719 0.857500 0.742515 0.869167 0.740120 0.885833 0.727545 0.910833 0.699401 0.915833 0.688024 0.915833 0.671856 0.909167 0.661078 0.892500 0.649701 0.861667 0.638323 0.764167 0.613772 0.711667 0.594012 0.705000 0.580240 0.680833 0.562275 0.673333 0.550898 0.653333 0.534132 0.635000 0.524551 0.595000 0.516766 0.571667 0.519162 0.552500 0.525150 0.525000 0.541317
0 0.464167 0.557485 0.438333 0.549102 0.421667 0.552695 0.363333 0.594012 0.340833 0.605389 0.334167 0.611377 0.331667 0.620359 0.299167 0.641317 0.280000 0.644311 0.261667 0.640719 0.235000 0.646108 0.226667 0.655090 0.226667 0.674251 0.218333 0.679641 0.190000 0.687425 0.178333 0.695210 0.171667 0.704192 0.172500 0.724551 0.190833 0.743713 0.235833 0.771856 0.259167 0.782635 0.285000 0.786826 0.300833 0.782635 0.313333 0.772455 0.320000 0.761677 0.319167 0.744910 0.342500 0.745509 0.366667 0.739521 0.377500 0.727545 0.366667 0.708383 0.364167 0.696407 0.394167 0.667665 0.478333 0.604192 0.491667 0.586228 0.484167 0.571856
2 0.309167 0.351497 0.275833 0.361078 0.245000 0.380240 0.231667 0.403593 0.235833 0.417964 0.259167 0.447904 0.319167 0.507186 0.340000 0.532934 0.322500 0.564072 0.325000 0.581437 0.335000 0.598204 0.361667 0.617365 0.388333 0.623353 0.425000 0.624551 0.466667 0.609581 0.495833 0.594012 0.544167 0.559281 0.556667 0.547904 0.565833 0.531737 0.561667 0.507784 0.553333 0.493413 0.529167 0.473054 0.504167 0.465269 0.455000 0.462874 0.351667 0.358683 0.332500 0.351497
2 0.611667 0.329341 0.566667 0.344910 0.540000 0.356886 0.535000 0.363473 0.533333 0.373653 0.535833 0.383234 0.553333 0.405988 0.565000 0.430539 0.593333 0.467066 0.596667 0.480240 0.607500 0.496407 0.606667 0.508982 0.585000 0.516766 0.576667 0.522754 0.573333 0.533533 0.587500 0.558084 0.605833 0.568263 0.619167 0.569461 0.649167 0.562275 0.714167 0.536527 0.750833 0.519162 0.773333 0.504790 0.780000 0.492814 0.780000 0.486228 0.770000 0.467066 0.754167 0.454491 0.742500 0.452695 0.724167 0.456287 0.716667 0.452695 0.700000 0.432335 0.685833 0.422754 0.673333 0.402395 0.650000 0.375449 0.646667 0.365269 0.630833 0.341916 0.620833 0.332335
0 0.220000 0.158683 0.214167 0.158683 0.210000 0.161078 0.204167 0.168862 0.202500 0.168862 0.202500 0.170659 0.189167 0.185629 0.182500 0.195210 0.180000 0.196407 0.170833 0.196407 0.165833 0.198204 0.162500 0.202994 0.164167 0.208383 0.159167 0.212575 0.160000 0.213174 0.155833 0.217365 0.155833 0.220958 0.159167 0.223952 0.168333 0.228144 0.190833 0.235928 0.195000 0.234731 0.202500 0.226946 0.204167 0.222754 0.214167 0.216168 0.214167 0.210778 0.208333 0.206587 0.209167 0.205988 0.207500 0.205389 0.207500 0.202994 0.215833 0.194012 0.215000 0.193413 0.220000 0.188024 0.219167 0.187425 0.234167 0.167665 0.233333 0.165269 0.228333 0.161677
0 0.463333 0.236527 0.446667 0.234132 0.425000 0.235329 0.410000 0.238922 0.401667 0.244910 0.403333 0.250898 0.400833 0.257485 0.400000 0.276048 0.393333 0.293413 0.395000 0.307186 0.391667 0.313174 0.391667 0.324551 0.384167 0.331737 0.370833 0.335329 0.366667 0.338323 0.360000 0.350299 0.360833 0.363473 0.365000 0.369461 0.361667 0.396407 0.363333 0.401198 0.372500 0.408383 0.388333 0.412575 0.424167 0.414970 0.466667 0.414371 0.477500 0.408982 0.481667 0.401198 0.482500 0.388623 0.474167 0.380240 0.472500 0.374251 0.475833 0.368862 0.490000 0.359281 0.491667 0.349102 0.490000 0.344311 0.475000 0.335928 0.468333 0.334731 0.460833 0.329940 0.461667 0.305389 0.465833 0.289222 0.465000 0.273653 0.467500 0.267066 0.465000 0.259880 0.468333 0.254491 0.467500 0.243114
0 0.497500 0.692814 0.460000 0.710778 0.457500 0.715569 0.459167 0.723952 0.532500 0.806587 0.544167 0.823952 0.543333 0.831138 0.526667 0.845509 0.524167 0.852096 0.534167 0.862275 0.559167 0.864671 0.563333 0.877844 0.563333 0.891018 0.576667 0.905988 0.585833 0.910778 0.605833 0.910180 0.642500 0.897006 0.677500 0.879641 0.695833 0.864072 0.697500 0.850299 0.687500 0.838922 0.665833 0.832934 0.656667 0.827545 0.655000 0.814371 0.660000 0.798802 0.646667 0.791018 0.610000 0.797605 0.515833 0.693413 0.510000 0.691617
3 0.209167 0.073653 0.180833 0.086228 0.166667 0.096407 0.164167 0.110778 0.170833 0.120359 0.270833 0.208383 0.380833 0.297605 0.383333 0.308982 0.365833 0.323353 0.358333 0.336527 0.376667 0.353892 0.388333 0.357485 0.405833 0.355090 0.437500 0.340719 0.502500 0.294611 0.520833 0.276647 0.526667 0.262275 0.512500 0.248503 0.495833 0.242515 0.453333 0.251497 0.441667 0.238323 0.429167 0.231737 0.421667 0.219760 0.407500 0.211377 0.401667 0.198802 0.391667 0.195210 0.380833 0.180838 0.370833 0.176048 0.360000 0.164671 0.334167 0.149701 0.284167 0.101796 0.255000 0.084431 0.219167 0.073653
1 0.524167 0.055090 0.482500 0.062874 0.460833 0.098204 0.474167 0.727545 0.464167 0.747305 0.415000 0.763473 0.403333 0.789222 0.413333 0.805988 0.480000 0.815569 0.638333 0.808383 0.657500 0.800599 0.661667 0.783234 0.655833 0.758683 0.607500 0.749102 0.593333 0.731737 0.595833 0.409581 0.585000 0.088623 0.575833 0.068263
0 0.213333 0.568862 0.225000 0.635928 0.234167 0.663473 0.254167 0.671257 0.297500 0.664671 0.328333 0.676048 0.338333 0.676048 0.350000 0.673054 0.359167 0.665269 0.371667 0.664671 0.382500 0.654491 0.393333 0.653293 0.396667 0.641916 0.410000 0.638323 0.432500 0.642515 0.464167 0.634731 0.508333 0.638323 0.526667 0.633533 0.542500 0.641916 0.572500 0.637126 0.590833 0.626946 0.600833 0.610180 0.596667 0.571257 0.576667 0.562874 0.549167 0.562874 0.515833 0.567665 0.408333 0.567066 0.350833 0.572455 0.331667 0.546707 0.308333 0.543713 0.292500 0.559880 0.265000 0.556287 0.225833 0.558683
