0 0.272500 0.487425 0.267500 0.487425 0.263333 0.488623 0.260000 0.491617 0.261667 0.495210 0.259167 0.496407 0.254167 0.495210 0.244167 0.495210 0.242500 0.497605 0.244167 0.504192 0.240833 0.506587 0.205000 0.522754 0.205000 0.526946 0.210833 0.534731 0.216667 0.534731 0.222500 0.532934 0.248333 0.520958 0.255833 0.519162 0.260833 0.522754 0.265000 0.523952 0.268333 0.521557 0.269167 0.517365 0.275000 0.513174 0.281667 0.514371 0.285000 0.513772 0.290000 0.510778 0.288333 0.504790
3 0.753333 0.408383 0.735833 0.400000 0.707500 0.400000 0.360000 0.464671 0.342500 0.460479 0.331667 0.441317 0.319167 0.429341 0.281667 0.433533 0.270000 0.440719 0.265833 0.453293 0.270000 0.483234 0.308333 0.564072 0.328333 0.586228 0.336667 0.589222 0.360833 0.586228 0.381667 0.575449 0.389167 0.540719 0.414167 0.538922 0.426667 0.533533 0.451667 0.533533 0.468333 0.527545 0.490000 0.529940 0.500000 0.523952 0.525833 0.523353 0.537500 0.518563 0.563333 0.515569 0.593333 0.504790 0.681667 0.493413 0.715000 0.485030 0.736667 0.474252 0.764167 0.453293 0.760833 0.423353
4 0.447500 0.208982 0.406667 0.202395 0.352500 0.207784 0.331667 0.213772 0.292500 0.247904 0.299167 0.295808 0.305000 0.307186 0.302500 0.321557 0.194167 0.401796 0.161667 0.430539 0.146667 0.452695 0.146667 0.462874 0.165833 0.489820 0.200000 0.515569 0.217500 0.521557 0.234167 0.521557 0.260833 0.514371 0.287500 0.498204 0.363333 0.436527 0.411667 0.407186 0.432500 0.408383 0.467500 0.398204 0.487500 0.397605 0.516667 0.390419 0.538333 0.380838 0.558333 0.364671 0.570000 0.346108 0.570833 0.322156 0.555000 0.288623 0.539167 0.268862 0.510000 0.244311
0 0.437500 0.673054 0.410000 0.664072 0.400833 0.663473 0.345833 0.648503 0.332500 0.647904 0.326667 0.650898 0.318333 0.672455 0.302500 0.681437 0.295833 0.691617 0.292500 0.701198 0.295000 0.710180 0.293333 0.721557 0.289167 0.730539 0.281667 0.738323 0.281667 0.746108 0.267500 0.768263 0.267500 0.775449 0.259167 0.783234 0.258333 0.789820 0.247500 0.808383 0.245833 0.831138 0.253333 0.843713 0.288333 0.856287 0.303333 0.856287 0.315000 0.849701 0.350833 0.793413 0.355000 0.783234 0.365833 0.771257 0.381667 0.742515 0.388333 0.737725 0.416667 0.738323 0.427500 0.731138 0.420833 0.719162 0.421667 0.712575 0.425833 0.707784 0.439167 0.700000 0.445833 0.688024 0.445833 0.678443
0 0.655833 0.054491 0.637500 0.082635 0.616667 0.125150 0.625833 0.137126 0.660000 0.146108 0.675000 0.162874 0.682500 0.165868 0.694167 0.167066 0.704167 0.164671 0.713333 0.167665 0.724167 0.164072 0.734167 0.165868 0.743333 0.159281 0.751667 0.160479 0.762500 0.168263 0.793333 0.174251 0.820000 0.189222 0.836667 0.191617 0.844167 0.202395 0.871667 0.208982 0.886667 0.206587 0.903333 0.197605 0.922500 0.171257 0.913333 0.157485 0.893333 0.149102 0.877500 0.146108 0.799167 0.112575 0.753333 0.098802 0.748333 0.094611 0.751667 0.073653 0.735833 0.064671 0.718333 0.071257 0.710000 0.068263 0.698333 0.059880 0.678333 0.052096 0.666667 0.050898
1 0.553333 0.610778 0.542500 0.608982 0.531667 0.616168 0.530833 0.623353 0.540833 0.632934 0.540000 0.636527 0.517500 0.649701 0.500000 0.667665 0.480000 0.681437 0.460833 0.701796 0.444167 0.711377 0.312500 0.816168 0.306667 0.826347 0.319167 0.839521 0.330000 0.843114 0.343333 0.841916 0.360833 0.830539 0.462500 0.746108 0.575833 0.659281 0.597500 0.666467 0.608333 0.659880 0.611667 0.653892 0.606667 0.646707
0 0.653333 0.627545 0.630000 0.613174 0.612500 0.610180 0.587500 0.616168 0.575000 0.622156 0.562500 0.632934 0.535833 0.629940 0.518333 0.635928 0.510833 0.643713 0.505833 0.655689 0.508333 0.678443 0.500000 0.685629 0.370000 0.742515 0.345833 0.756287 0.339167 0.769461 0.345833 0.783832 0.359167 0.800000 0.374167 0.805988 0.397500 0.805988 0.421667 0.797605 0.434167 0.789820 0.459167 0.780838 0.465833 0.775449 0.512500 0.755090 0.523333 0.752695 0.542500 0.742515 0.557500 0.743713 0.569167 0.750299 0.596667 0.755090 0.617500 0.748503 0.633333 0.728144 0.655833 0.719760 0.673333 0.708383 0.682500 0.697605 0.687500 0.683832 0.681667 0.665868
1 0.389167 0.175449 0.386667 0.190419 0.389167 0.198802 0.407500 0.202994 0.426667 0.195808 0.440000 0.196407 0.459167 0.205389 0.478333 0.207186 0.489167 0.211976 0.530833 0.221557 0.541667 0.226347 0.594167 0.239521 0.605000 0.244311 0.650833 0.254491 0.691667 0.268862 0.715833 0.271257 0.720833 0.267066 0.728333 0.251497 0.720000 0.244311 0.669167 0.231737 0.650833 0.224551 0.533333 0.191617 0.478333 0.173653 0.443333 0.165269 0.435833 0.159880 0.438333 0.149701 0.422500 0.144910 0.411667 0.146108 0.400833 0.153892
4 0.276667 0.176048 0.264167 0.193413 0.244167 0.213772 0.240000 0.223353 0.243333 0.228144 0.264167 0.240120 0.300000 0.252695 0.320833 0.257485 0.399167 0.286826 0.405833 0.291617 0.407500 0.295808 0.395833 0.302994 0.398333 0.322156 0.406667 0.327545 0.431667 0.336527 0.445833 0.334132 0.472500 0.310180 0.515833 0.249102 0.521667 0.234731 0.522500 0.223353 0.520000 0.218563 0.500833 0.210778 0.478333 0.206587 0.459167 0.228743 0.436667 0.229341 0.312500 0.183234 0.289167 0.176048
3 0.475000 0.269461 0.420000 0.270659 0.409167 0.276647 0.395833 0.302994 0.399167 0.480838 0.410000 0.635329 0.400000 0.648503 0.381667 0.647305 0.344167 0.659281 0.336667 0.664671 0.335000 0.689222 0.345833 0.713772 0.389167 0.723353 0.480000 0.722156 0.567500 0.713772 0.622500 0.696407 0.623333 0.659281 0.616667 0.648503 0.558333 0.643114 0.545000 0.634731 0.545000 0.546108 0.528333 0.298802 0.521667 0.285030 0.508333 0.273653
0 0.489167 0.625150 0.479167 0.639521 0.475000 0.657485 0.458333 0.680838 0.454167 0.705988 0.436667 0.721557 0.438333 0.736527 0.449167 0.746707 0.477500 0.752695 0.506667 0.751497 0.531667 0.758683 0.541667 0.765269 0.550000 0.780838 0.557500 0.784431 0.574167 0.783832 0.599167 0.764072 0.612500 0.758683 0.739167 0.788024 0.760000 0.789222 0.785000 0.800000 0.823333 0.807186 0.844167 0.804790 0.853333 0.798204 0.872500 0.755090 0.835000 0.729341 0.817500 0.722754 0.772500 0.714970 0.757500 0.704790 0.738333 0.707784 0.715833 0.694012 0.710833 0.685629 0.650000 0.686228 0.641667 0.677245 0.646667 0.665269 0.644167 0.648503 0.627500 0.641916 0.598333 0.647904 0.589167 0.645509 0.566667 0.647904 0.539167 0.629940 0.505833 0.622156
1 0.765833 0.063473 0.724167 0.055090 0.692500 0.055689 0.665000 0.078443 0.656667 0.102395 0.687500 0.122156 0.688333 0.140719 0.466667 0.498802 0.450833 0.511377 0.375833 0.630539 0.340000 0.701198 0.344167 0.723353 0.395833 0.743713 0.419167 0.746707 0.436667 0.738323 0.471667 0.692814 0.796667 0.181437 0.806667 0.175449 0.865000 0.174251 0.888333 0.143713 0.884167 0.126347 0.860833 0.107186
2 0.749167 0.257485 0.725000 0.249102 0.674167 0.253892 0.642500 0.265868 0.628333 0.282635 0.628333 0.318563 0.614167 0.331737 0.541667 0.341317 0.498333 0.353293 0.479167 0.353293 0.341667 0.383832 0.311667 0.398802 0.307500 0.416168 0.323333 0.464671 0.355000 0.512575 0.369167 0.519760 0.405000 0.518563 0.670000 0.472455 0.685000 0.477844 0.705833 0.500000 0.724167 0.507186 0.776667 0.504192 0.808333 0.492814 0.823333 0.471856 0.821667 0.427545 0.786667 0.319760 0.769167 0.279641
1 0.876667 0.410778 0.859167 0.383832 0.836667 0.379641 0.194167 0.541916 0.184167 0.540120 0.160833 0.520359 0.130833 0.520958 0.110000 0.528144 0.101667 0.544910 0.116667 0.609581 0.134167 0.635928 0.156667 0.653892 0.183333 0.655689 0.213333 0.644910 0.211667 0.621557 0.224167 0.611377 0.806667 0.459880 0.868333 0.439521 0.880000 0.426347
1 0.246667 0.137725 0.190833 0.168263 0.178333 0.183832 0.173333 0.203593 0.183333 0.231138 0.199167 0.243114 0.255833 0.250299 0.265833 0.257485 0.570833 0.904790 0.604167 0.938323 0.652500 0.943114 0.695000 0.921557 0.695833 0.886228 0.398333 0.239521 0.406667 0.217964 0.444167 0.186826 0.435833 0.155689 0.421667 0.138922 0.382500 0.126946 0.317500 0.126946
4 0.565833 0.592216 0.546667 0.613772 0.531667 0.650299 0.524167 0.682036 0.519167 0.732934 0.525833 0.753293 0.535000 0.766467 0.548333 0.773054 0.592500 0.779641 0.604167 0.778443 0.631667 0.732335 0.653333 0.742515 0.688333 0.747904 0.730833 0.750299 0.800000 0.761677 0.838333 0.765269 0.856667 0.764072 0.865833 0.758683 0.867500 0.744910 0.879167 0.722754 0.880833 0.689820 0.876667 0.679042 0.859167 0.668862 0.845000 0.665269 0.829167 0.667066 0.785000 0.662874 0.770000 0.658084 0.730833 0.658084 0.657500 0.647904 0.650833 0.643713 0.647500 0.634731 0.650000 0.622755 0.637500 0.602395 0.595000 0.590419 0.573333 0.589222
0 0.560000 0.357485 0.550000 0.343713 0.530000 0.325749 0.520000 0.319760 0.505000 0.316168 0.475000 0.318563 0.427500 0.334731 0.401667 0.328743 0.376667 0.332335 0.358333 0.341317 0.343333 0.354491 0.335000 0.376048 0.327500 0.384431 0.201667 0.417964 0.180000 0.428144 0.166667 0.445509 0.171667 0.464072 0.192500 0.482635 0.210833 0.485030 0.237500 0.482036 0.286667 0.467665 0.364167 0.450299 0.374167 0.451497 0.390000 0.462874 0.405000 0.467665 0.427500 0.468862 0.439167 0.466467 0.458333 0.457485 0.476667 0.441916 0.499167 0.440719 0.517500 0.433533 0.530833 0.434132 0.556667 0.420958 0.565833 0.410778 0.564167 0.402994 0.568333 0.387425
3 0.646667 0.657485 0.615000 0.658084 0.570000 0.664671 0.545000 0.673054 0.535833 0.680239 0.535833 0.695808 0.540000 0.702395 0.572500 0.714970 0.577500 0.720359 0.577500 0.762874 0.589167 0.894012 0.596667 0.905988 0.605000 0.910180 0.629167 0.910778 0.645000 0.905988 0.658333 0.894611 0.660833 0.858084 0.655000 0.795808 0.654167 0.739521 0.650000 0.710778 0.655833 0.705988 0.679167 0.700000 0.684167 0.696407 0.688333 0.686826 0.687500 0.675449 0.684167 0.670659 0.672500 0.668862 0.654167 0.658683
0 0.451667 0.895808 0.451667 0.897006 0.449167 0.898204 0.451667 0.903593 0.479167 0.922156 0.479167 0.927545 0.480833 0.931737 0.485000 0.934731 0.491667 0.935329 0.496667 0.943114 0.507500 0.943114 0.515833 0.937725 0.525000 0.928144 0.525833 0.924551 0.520000 0.919162 0.516667 0.917964 0.515000 0.918563 0.513333 0.917365 0.511667 0.913772 0.508333 0.911377 0.494167 0.911377 0.492500 0.909581 0.485000 0.905988 0.474167 0.897605 0.463333 0.891617 0.460000 0.891617 0.455833 0.894611
3 0.715000 0.141317 0.719167 0.155689 0.725833 0.159281 0.730833 0.158683 0.740000 0.150898 0.745833 0.149102 0.772500 0.164072 0.835000 0.193413 0.857500 0.206587 0.867500 0.208383 0.871667 0.207784 0.877500 0.204192 0.887500 0.192814 0.886667 0.189222 0.882500 0.186228 0.880000 0.182036 0.867500 0.176647 0.863333 0.173054 0.858333 0.170659 0.857500 0.171257 0.851667 0.167066 0.845000 0.165269 0.837500 0.160479 0.833333 0.159880 0.828333 0.156287 0.821667 0.154491 0.810000 0.147305 0.803333 0.145509 0.780000 0.132335 0.778333 0.132934 0.772500 0.129341 0.770000 0.124551 0.775000 0.119760 0.777500 0.114970 0.775000 0.110778 0.764167 0.106587 0.760000 0.107186 0.750000 0.111976
3 0.261667 0.059880 0.261667 0.093413 0.272500 0.133533 0.293333 0.164072 0.305000 0.168263 0.327500 0.167665 0.343333 0.163473 0.361667 0.147904 0.366667 0.135928 0.377500 0.129940 0.434167 0.131138 0.648333 0.126946 0.694167 0.121557 0.707500 0.116766 0.717500 0.101796 0.715000 0.081437 0.709167 0.070659 0.695000 0.060479 0.676667 0.056287 0.614167 0.055689 0.566667 0.059281 0.397500 0.058683 0.363333 0.063473 0.343333 0.044311 0.332500 0.028743 0.320000 0.025150 0.293333 0.027545 0.285000 0.040120 0.264167 0.053892
2 0.363333 0.100000 0.348333 0.102395 0.331667 0.110180 0.319167 0.128144 0.319167 0.147305 0.323333 0.153892 0.340000 0.161078 0.342500 0.167665 0.335000 0.188024 0.335833 0.205988 0.327500 0.223353 0.326667 0.231737 0.320833 0.240120 0.319167 0.253293 0.313333 0.259281 0.310000 0.273653 0.301667 0.286826 0.300833 0.300000 0.305000 0.305988 0.382500 0.319162 0.401667 0.311377 0.414167 0.292814 0.447500 0.215569 0.463333 0.186826 0.475833 0.178443 0.495000 0.183234 0.516667 0.180838 0.526667 0.170060 0.535000 0.150898 0.530000 0.132934 0.512500 0.123952 0.465833 0.111976
2 0.890833 0.297605 0.830833 0.285629 0.810833 0.285030 0.783333 0.301198 0.746667 0.329940 0.730000 0.338323 0.698333 0.363473 0.688333 0.366467 0.680000 0.362874 0.640833 0.365868 0.612500 0.377246 0.593333 0.381437 0.585000 0.386826 0.572500 0.401198 0.565000 0.417365 0.562500 0.441317 0.572500 0.475449 0.585000 0.488623 0.592500 0.503593 0.601667 0.510778 0.655000 0.536527 0.700833 0.545509 0.743333 0.540719 0.762500 0.531737 0.788333 0.510180 0.798333 0.495210 0.801667 0.479042 0.797500 0.446707 0.800833 0.438323 0.822500 0.429341 0.874167 0.393413 0.901667 0.371257 0.916667 0.352695 0.920000 0.344910 0.916667 0.326347
