1 0.775000 0.441916 0.761667 0.435329 0.750000 0.431737 0.742500 0.431737 0.737500 0.434731 0.735000 0.438922 0.737500 0.448503 0.735000 0.454491 0.727500 0.460479 0.721667 0.462874 0.715833 0.471856 0.711667 0.473653 0.690000 0.494611 0.655000 0.523952 0.637500 0.541916 0.615000 0.559281 0.608333 0.568263 0.612500 0.573054 0.623333 0.579042 0.630833 0.577246 0.655833 0.553892 0.664167 0.548503 0.701667 0.514970 0.709167 0.510180 0.718333 0.500599 0.746667 0.477844 0.759167 0.465269 0.766667 0.461078 0.775833 0.464072 0.780000 0.462275 0.785833 0.453892 0.782500 0.447904
4 0.592500 0.169461 0.576667 0.176647 0.554167 0.196407 0.519167 0.252096 0.463333 0.322755 0.450833 0.332335 0.442500 0.332934 0.430000 0.324551 0.387500 0.323353 0.368333 0.343114 0.358333 0.359880 0.365000 0.370659 0.411667 0.399401 0.450833 0.411976 0.529167 0.446108 0.570000 0.452695 0.588333 0.448503 0.612500 0.412575 0.596667 0.400599 0.570000 0.389222 0.566667 0.378443 0.569167 0.368862 0.579167 0.352695 0.597500 0.333533 0.615833 0.304192 0.665000 0.245509 0.683333 0.213772 0.670833 0.202994 0.643333 0.192216 0.625833 0.180240
1 0.172500 0.238922 0.120833 0.253892 0.110833 0.262275 0.109167 0.280240 0.188333 0.431138 0.215000 0.466467 0.213333 0.478443 0.389167 0.802395 0.380833 0.812575 0.345000 0.828743 0.352500 0.852695 0.374167 0.865269 0.404167 0.862275 0.541667 0.819761 0.560000 0.805389 0.560000 0.791617 0.538333 0.768263 0.500000 0.768263 0.431667 0.642515 0.409167 0.614970 0.381667 0.544311 0.339167 0.465269 0.318333 0.445509 0.302500 0.400000 0.246667 0.298204 0.213333 0.265269 0.211667 0.256287 0.189167 0.239521
0 0.637500 0.444311 0.631667 0.450299 0.632500 0.453892 0.634167 0.455090 0.633333 0.455689 0.640000 0.460479 0.640833 0.462874 0.647500 0.467066 0.651667 0.471856 0.667500 0.483832 0.669167 0.486228 0.668333 0.496407 0.670000 0.497006 0.670000 0.500000 0.678333 0.502994 0.682500 0.505988 0.685833 0.511377 0.690833 0.515569 0.700833 0.517964 0.712500 0.513174 0.716667 0.509581 0.721667 0.507784 0.727500 0.503593 0.727500 0.502395 0.730000 0.501198 0.733333 0.497006 0.734167 0.494012 0.732500 0.490419 0.730833 0.490419 0.730833 0.489222 0.725833 0.485629 0.717500 0.482635 0.713333 0.477246 0.713333 0.471856 0.710000 0.469461 0.700833 0.467665 0.690000 0.470060 0.686667 0.466467 0.676667 0.459880 0.675833 0.458084 0.667500 0.452695 0.665000 0.449701 0.655000 0.442515 0.650000 0.440719 0.643333 0.441317 0.642500 0.442515
3 0.221667 0.416766 0.217500 0.423353 0.216667 0.447904 0.232500 0.475449 0.280000 0.594611 0.303333 0.638922 0.301667 0.642515 0.282500 0.650898 0.265833 0.664671 0.272500 0.685629 0.284167 0.691617 0.314167 0.692814 0.415833 0.675449 0.442500 0.655090 0.445833 0.643713 0.434167 0.625150 0.388333 0.625150 0.377500 0.614371 0.366667 0.582036 0.340833 0.528742 0.339167 0.511377 0.332500 0.494012 0.320000 0.474850 0.300000 0.426347 0.291667 0.416766 0.273333 0.408383 0.249167 0.408383
4 0.330833 0.592814 0.315000 0.597006 0.308333 0.602395 0.308333 0.607784 0.306667 0.609581 0.307500 0.615569 0.316667 0.619162 0.326667 0.625150 0.326667 0.628743 0.325000 0.631138 0.325833 0.635928 0.320833 0.644311 0.321667 0.646707 0.318333 0.653892 0.319167 0.655090 0.317500 0.657485 0.316667 0.664072 0.315000 0.665868 0.313333 0.682635 0.315833 0.685030 0.315000 0.685629 0.324167 0.691617 0.325000 0.691018 0.331667 0.693413 0.335833 0.692814 0.338333 0.694012 0.349167 0.694012 0.355833 0.691018 0.360000 0.685030 0.359167 0.684431 0.361667 0.680838 0.360833 0.679641 0.362500 0.677844 0.365000 0.668263 0.364167 0.665868 0.368333 0.658084 0.367500 0.655689 0.371667 0.646108 0.371667 0.642515 0.374167 0.638922 0.374167 0.635329 0.383333 0.630539 0.388333 0.630539 0.395000 0.627545 0.395833 0.628144 0.400000 0.625150 0.402500 0.620958 0.401667 0.617964 0.403333 0.615569 0.403333 0.611377 0.390000 0.602994 0.373333 0.597006 0.372500 0.597605 0.368333 0.595808 0.361667 0.595808 0.359167 0.594611
3 0.636667 0.426946 0.629167 0.404790 0.617500 0.393413 0.572500 0.390419 0.553333 0.396407 0.547500 0.425748 0.534167 0.441916 0.395000 0.434731 0.073333 0.427545 0.045833 0.434731 0.035833 0.441317 0.028333 0.467665 0.027500 0.502395 0.043333 0.513174 0.071667 0.519760 0.420000 0.528742 0.527500 0.538323 0.539167 0.547305 0.537500 0.559281 0.553333 0.590419 0.613333 0.594012 0.624167 0.586826 0.633333 0.555090
4 0.819167 0.780240 0.806667 0.771257 0.792500 0.766467 0.779167 0.766467 0.758333 0.770060 0.745000 0.776647 0.740000 0.802395 0.736667 0.807784 0.730833 0.810778 0.703333 0.814970 0.695000 0.818563 0.593333 0.832335 0.580833 0.835928 0.571667 0.841916 0.560833 0.864072 0.563333 0.880838 0.577500 0.901198 0.589167 0.905988 0.607500 0.907186 0.667500 0.896407 0.704167 0.893413 0.753333 0.885030 0.793333 0.908982 0.806667 0.909581 0.840833 0.904192 0.846667 0.896407 0.851667 0.880838 0.853333 0.858683 0.844167 0.819761
3 0.683333 0.352695 0.630833 0.359880 0.574167 0.374251 0.541667 0.393413 0.531667 0.411377 0.536667 0.431138 0.545000 0.441317 0.601667 0.460479 0.622500 0.520958 0.645833 0.629341 0.679167 0.731737 0.700000 0.749701 0.719167 0.752096 0.759167 0.744311 0.767500 0.736527 0.778333 0.712575 0.773333 0.659880 0.720000 0.439521 0.721667 0.434731 0.748333 0.423952 0.770000 0.407186 0.766667 0.378443 0.757500 0.368862 0.710000 0.352695
3 0.370833 0.059880 0.360000 0.059281 0.345833 0.063473 0.314167 0.094012 0.305000 0.117365 0.275833 0.150299 0.270000 0.161078 0.251667 0.175449 0.237500 0.199401 0.213333 0.223952 0.204167 0.238323 0.178333 0.253293 0.153333 0.247904 0.139167 0.247904 0.121667 0.262874 0.120833 0.274850 0.130833 0.289820 0.155833 0.302994 0.179167 0.321557 0.216667 0.340120 0.235000 0.345509 0.256667 0.347904 0.272500 0.340719 0.283333 0.322755 0.282500 0.314970 0.260000 0.295808 0.260833 0.285030 0.280833 0.266467 0.294167 0.243114 0.345833 0.185030 0.360000 0.162275 0.405000 0.114371 0.415833 0.095210 0.414167 0.085030 0.408333 0.078443
0 0.835833 0.100599 0.815000 0.102994 0.745833 0.120359 0.705833 0.133533 0.692500 0.144311 0.691667 0.157485 0.679167 0.175449 0.689167 0.194012 0.700000 0.200000 0.710000 0.211377 0.727500 0.223353 0.747500 0.228743 0.753333 0.232934 0.754167 0.246707 0.762500 0.260479 0.781667 0.326347 0.795000 0.355689 0.812500 0.371856 0.826667 0.376647 0.885833 0.363473 0.895833 0.356287 0.902500 0.344311 0.901667 0.336527 0.894167 0.324551 0.891667 0.308383 0.847500 0.209581 0.850000 0.201796 0.874167 0.190419 0.882500 0.181437 0.874167 0.165269 0.866667 0.162874 0.851667 0.151497 0.854167 0.142515 0.860000 0.139521 0.863333 0.130539 0.856667 0.111377 0.850833 0.105389
1 0.836667 0.153892 0.802500 0.129341 0.779167 0.134132 0.225000 0.457485 0.177500 0.478443 0.131667 0.461078 0.119167 0.464671 0.089167 0.488623 0.088333 0.499401 0.104167 0.526347 0.181667 0.585629 0.225000 0.600000 0.241667 0.594611 0.267500 0.574251 0.255833 0.537725 0.329167 0.488024 0.405833 0.447904 0.830000 0.194611 0.848333 0.176048
2 0.655000 0.283234 0.625833 0.290419 0.600833 0.304192 0.581667 0.319760 0.579167 0.331737 0.591667 0.347305 0.600000 0.352695 0.639167 0.392216 0.655833 0.415569 0.683333 0.441916 0.678333 0.452096 0.665000 0.467066 0.664167 0.479042 0.667500 0.490419 0.675833 0.500599 0.690000 0.510778 0.705833 0.516766 0.720000 0.516766 0.765000 0.503593 0.811667 0.477246 0.830000 0.464072 0.854167 0.440120 0.857500 0.431737 0.855833 0.419760 0.837500 0.398802 0.827500 0.394012 0.807500 0.390419 0.785000 0.393413 0.775000 0.391617 0.695833 0.316766 0.685000 0.299401 0.666667 0.285030
3 0.503333 0.152096 0.475833 0.140719 0.460833 0.141916 0.437500 0.149701 0.423333 0.161078 0.434167 0.198204 0.425000 0.207784 0.401667 0.214371 0.354167 0.238922 0.244167 0.274251 0.098333 0.334132 0.080000 0.350299 0.082500 0.376048 0.103333 0.402395 0.125000 0.410778 0.163333 0.406587 0.245000 0.377246 0.289167 0.353293 0.300833 0.351497 0.323333 0.339521 0.450000 0.298204 0.484167 0.281437 0.496667 0.282036 0.519167 0.299401 0.550833 0.300599 0.574167 0.291018 0.584167 0.277844 0.575833 0.239521 0.566667 0.231737 0.546667 0.198802 0.529167 0.182036 0.525000 0.171856
