3 0.146667 0.507784 0.146667 0.533533 0.150000 0.544311 0.150000 0.549701 0.151667 0.553892 0.156667 0.559281 0.159167 0.559880 0.173333 0.558084 0.175833 0.550898 0.175000 0.547305 0.178333 0.545509 0.190000 0.544311 0.196667 0.544910 0.199167 0.543713 0.250833 0.541916 0.257500 0.540120 0.300833 0.538922 0.313333 0.535928 0.315833 0.530539 0.314167 0.516766 0.309167 0.514371 0.293333 0.514371 0.272500 0.516168 0.267500 0.515569 0.263333 0.516766 0.233333 0.516766 0.219167 0.515569 0.218333 0.516766 0.205000 0.516168 0.175833 0.517964 0.171667 0.516168 0.170000 0.509581 0.165000 0.504192 0.150000 0.504790
2 0.335000 0.583234 0.331667 0.584431 0.328333 0.588024 0.328333 0.592216 0.325833 0.594611 0.322500 0.607186 0.320833 0.607784 0.320000 0.614371 0.315000 0.620359 0.315000 0.624551 0.312500 0.627545 0.305000 0.650898 0.300833 0.653293 0.284167 0.652695 0.276667 0.656287 0.272500 0.664072 0.272500 0.676048 0.277500 0.680239 0.285000 0.681437 0.285833 0.682635 0.294167 0.683234 0.295000 0.684431 0.300833 0.684431 0.306667 0.686228 0.324167 0.688623 0.332500 0.688623 0.334167 0.689820 0.344167 0.691018 0.368333 0.691617 0.376667 0.688623 0.381667 0.676048 0.380833 0.667665 0.376667 0.665269 0.365833 0.663473 0.365000 0.656287 0.366667 0.654491 0.367500 0.647904 0.370000 0.646108 0.372500 0.635329 0.374167 0.634731 0.376667 0.628144 0.376667 0.622755 0.379167 0.619162 0.379167 0.614970 0.380833 0.614371 0.383333 0.600599 0.385000 0.599401 0.385000 0.593413 0.381667 0.590419 0.378333 0.590419 0.377500 0.589222 0.369167 0.587425 0.352500 0.586228 0.340000 0.583234
2 0.219167 0.206587 0.211667 0.209581 0.205833 0.217365 0.202500 0.219162 0.167500 0.268862 0.162500 0.271257 0.152500 0.270659 0.147500 0.268862 0.140833 0.270659 0.130000 0.279042 0.125000 0.288623 0.125833 0.298204 0.130000 0.302994 0.143333 0.307784 0.145833 0.310180 0.163333 0.316766 0.165000 0.318563 0.180000 0.322755 0.180000 0.323952 0.212500 0.331737 0.227500 0.329940 0.235833 0.324551 0.240000 0.318563 0.242500 0.308982 0.240000 0.306587 0.240000 0.302994 0.230000 0.297605 0.228333 0.290419 0.247500 0.261078 0.249167 0.261078 0.251667 0.255090 0.253333 0.255090 0.257500 0.245509 0.259167 0.245509 0.264167 0.238323 0.269167 0.225749 0.266667 0.221557 0.261667 0.219760 0.256667 0.215569 0.236667 0.209581
3 0.705833 0.277246 0.690833 0.279641 0.678333 0.288024 0.643333 0.325749 0.599167 0.386826 0.556667 0.432934 0.493333 0.514371 0.483333 0.517365 0.455833 0.508383 0.433333 0.505389 0.409167 0.533533 0.414167 0.544311 0.433333 0.556886 0.477500 0.573653 0.537500 0.602395 0.588333 0.614371 0.598333 0.610778 0.617500 0.586826 0.610000 0.576048 0.583333 0.559880 0.586667 0.547305 0.624167 0.504192 0.638333 0.480240 0.678333 0.440120 0.730833 0.376647 0.768333 0.312575 0.768333 0.302994 0.760833 0.295210
3 0.249167 0.171856 0.251667 0.187425 0.247500 0.198204 0.251667 0.207186 0.266667 0.217365 0.350833 0.238323 0.599167 0.281437 0.609167 0.292814 0.613333 0.320958 0.634167 0.330539 0.654167 0.334132 0.669167 0.330539 0.684167 0.321557 0.695000 0.306587 0.710833 0.267665 0.710833 0.252695 0.718333 0.228743 0.714167 0.203593 0.699167 0.191018 0.675000 0.186228 0.656667 0.188623 0.635833 0.208982 0.612500 0.213772 0.310833 0.159281 0.270000 0.156287 0.260833 0.158084
3 0.165000 0.354491 0.142500 0.389820 0.140833 0.403593 0.169167 0.426946 0.467500 0.520958 0.505000 0.530539 0.529167 0.532335 0.543333 0.547904 0.535000 0.577844 0.535833 0.588623 0.580000 0.602994 0.598333 0.597006 0.619167 0.580240 0.652500 0.539521 0.678333 0.496407 0.685833 0.450299 0.677500 0.439521 0.632500 0.428743 0.595833 0.461677 0.585833 0.462874 0.224167 0.350898 0.191667 0.347305 0.170833 0.350299
4 0.299167 0.310180 0.267500 0.364072 0.234167 0.480240 0.233333 0.519760 0.246667 0.542515 0.290000 0.549701 0.327500 0.550299 0.348333 0.503593 0.365833 0.496407 0.386667 0.494012 0.645833 0.532335 0.690000 0.535928 0.710000 0.531737 0.721667 0.492814 0.743333 0.447904 0.742500 0.434132 0.735833 0.428144 0.688333 0.413174 0.611667 0.402994 0.575833 0.402395 0.459167 0.382036 0.419167 0.379042 0.395000 0.365269 0.410000 0.346707 0.393333 0.314970 0.378333 0.308383 0.319167 0.300000
1 0.628333 0.156886 0.604167 0.158084 0.592500 0.165868 0.536667 0.235928 0.487500 0.334731 0.473333 0.382036 0.418333 0.470060 0.371667 0.563473 0.366667 0.587425 0.347500 0.616168 0.298333 0.628144 0.278333 0.648503 0.275000 0.660479 0.300833 0.688024 0.347500 0.711976 0.380833 0.721557 0.424167 0.723952 0.455000 0.711377 0.464167 0.696407 0.467500 0.678443 0.436667 0.644910 0.625833 0.289222 0.625000 0.271856 0.644167 0.251497 0.641667 0.239521 0.652500 0.232934 0.667500 0.204192 0.669167 0.186228 0.662500 0.173054
3 0.335833 0.129940 0.317500 0.158084 0.300833 0.202395 0.300833 0.237126 0.310000 0.246707 0.345833 0.255090 0.359167 0.250898 0.390000 0.232934 0.399167 0.231737 0.566667 0.285030 0.708333 0.324551 0.733333 0.325749 0.746667 0.320958 0.755833 0.311377 0.762500 0.298802 0.762500 0.279042 0.751667 0.263473 0.680833 0.236527 0.571667 0.205389 0.470833 0.171856 0.432500 0.163473 0.423333 0.156287 0.424167 0.123353 0.410000 0.113174 0.389167 0.106587 0.378333 0.106587 0.366667 0.117365
3 0.177500 0.120359 0.165833 0.127545 0.151667 0.132934 0.128333 0.146707 0.115833 0.157485 0.115000 0.164072 0.119167 0.168862 0.129167 0.174251 0.145000 0.168862 0.150833 0.169461 0.166667 0.182036 0.179167 0.194611 0.191667 0.203593 0.197500 0.210778 0.240833 0.248503 0.252500 0.256287 0.261667 0.256287 0.280833 0.244910 0.283333 0.241916 0.280833 0.233533 0.248333 0.207186 0.241667 0.199401 0.215833 0.177246 0.214167 0.173653 0.187500 0.149701 0.185000 0.144311 0.197500 0.132335 0.194167 0.127545 0.184167 0.120359
3 0.121667 0.413174 0.111667 0.413174 0.104167 0.416168 0.101667 0.423353 0.102500 0.426946 0.115833 0.431138 0.117500 0.434132 0.100000 0.483234 0.100833 0.487425 0.087500 0.524551 0.090000 0.529940 0.095833 0.532335 0.108333 0.534731 0.115833 0.534132 0.120000 0.529940 0.125833 0.513772 0.125000 0.511976 0.127500 0.509581 0.127500 0.506587 0.129167 0.504790 0.129167 0.500599 0.130833 0.500000 0.138333 0.480240 0.140000 0.479641 0.141667 0.473653 0.143333 0.473054 0.143333 0.468862 0.145000 0.468263 0.154167 0.443114 0.153333 0.441317 0.158333 0.438323 0.174167 0.438323 0.176667 0.435928 0.180000 0.426946 0.179167 0.424551 0.166667 0.420359 0.160833 0.420359 0.157500 0.418563 0.141667 0.415569 0.129167 0.414970
3 0.060833 0.547305 0.056667 0.553293 0.060833 0.569461 0.105833 0.606587 0.156667 0.629940 0.205833 0.659281 0.236667 0.683234 0.286667 0.708383 0.336667 0.743114 0.351667 0.764072 0.338333 0.789820 0.337500 0.804790 0.357500 0.820359 0.381667 0.822156 0.410833 0.817365 0.440000 0.797605 0.466667 0.786826 0.519167 0.746108 0.530000 0.731138 0.531667 0.715569 0.529167 0.708982 0.514167 0.696407 0.480000 0.690419 0.448333 0.704192 0.431667 0.704790 0.342500 0.649701 0.325833 0.634132 0.310833 0.628743 0.267500 0.598802 0.234167 0.581437 0.160833 0.529940 0.130000 0.516766 0.110833 0.515569 0.097500 0.520958
1 0.459167 0.323353 0.420833 0.317365 0.396667 0.335928 0.397500 0.347305 0.418333 0.361677 0.415833 0.373653 0.060000 0.726347 0.055000 0.746108 0.058333 0.755090 0.092500 0.775449 0.108333 0.776048 0.137500 0.758683 0.190000 0.701198 0.488333 0.408982 0.499167 0.404192 0.535000 0.411976 0.553333 0.399401 0.558333 0.388623 0.551667 0.377844
1 0.871667 0.135329 0.825833 0.132934 0.796667 0.156886 0.478333 0.728743 0.454167 0.742515 0.400833 0.748503 0.381667 0.774252 0.379167 0.794012 0.395833 0.816168 0.440833 0.843114 0.499167 0.865868 0.567500 0.867665 0.603333 0.850898 0.618333 0.828144 0.618333 0.813772 0.582500 0.775449 0.901667 0.189820 0.902500 0.158683
3 0.245000 0.688024 0.220000 0.698802 0.204167 0.710778 0.207500 0.731138 0.217500 0.737725 0.252500 0.745509 0.278333 0.851497 0.285833 0.899401 0.293333 0.923353 0.300833 0.935928 0.315833 0.945509 0.340833 0.946108 0.357500 0.943114 0.365833 0.935928 0.370000 0.916168 0.350000 0.817964 0.344167 0.802395 0.333333 0.737126 0.339167 0.728743 0.365833 0.713772 0.368333 0.700000 0.360833 0.690419 0.318333 0.682036 0.281667 0.682635
