2 0.321667 0.440120 0.293333 0.522156 0.288333 0.579042 0.291667 0.597006 0.285833 0.628743 0.294167 0.653293 0.316667 0.668862 0.364167 0.676647 0.398333 0.674251 0.424167 0.657485 0.440000 0.625150 0.455833 0.616168 0.490000 0.623952 0.722500 0.635928 0.760833 0.631138 0.775833 0.617964 0.775833 0.585629 0.786667 0.553293 0.784167 0.529341 0.770833 0.507784 0.736667 0.497605 0.465000 0.476647 0.458333 0.472455 0.445000 0.435329 0.402500 0.420359 0.352500 0.422156
3 0.532500 0.264671 0.503333 0.268263 0.490000 0.273653 0.428333 0.288024 0.395833 0.301198 0.386667 0.311377 0.400000 0.332934 0.423333 0.335329 0.441667 0.346707 0.453333 0.380240 0.460833 0.386826 0.460833 0.396407 0.485000 0.441916 0.514167 0.507186 0.537500 0.531737 0.547500 0.538922 0.558333 0.541317 0.607500 0.531138 0.612500 0.525150 0.613333 0.517365 0.608333 0.498802 0.524167 0.320958 0.522500 0.311976 0.526667 0.307784 0.555000 0.296407 0.559167 0.289820 0.550833 0.270060 0.541667 0.265269
3 0.680833 0.377844 0.635833 0.368263 0.578333 0.365868 0.545833 0.370659 0.532500 0.380838 0.529167 0.404790 0.540833 0.417964 0.558333 0.430539 0.560000 0.439521 0.522500 0.535928 0.490000 0.635928 0.490833 0.662275 0.505000 0.672455 0.520833 0.675449 0.541667 0.674251 0.563333 0.668263 0.575000 0.658084 0.600000 0.597006 0.602500 0.580240 0.650000 0.467066 0.655000 0.446108 0.677500 0.440120 0.705000 0.437126 0.718333 0.417365 0.716667 0.405389 0.700833 0.390419
1 0.270833 0.159880 0.240000 0.168862 0.232500 0.188623 0.263333 0.632335 0.252500 0.643713 0.222500 0.658683 0.220000 0.679042 0.226667 0.692814 0.247500 0.703593 0.286667 0.711377 0.335833 0.713174 0.377500 0.700599 0.395000 0.682635 0.395833 0.662874 0.388333 0.653293 0.350833 0.637725 0.313333 0.186228 0.301667 0.168263
1 0.720833 0.132335 0.670000 0.134132 0.642500 0.164671 0.643333 0.183832 0.688333 0.215569 0.355833 0.694012 0.283333 0.811976 0.284167 0.847904 0.325833 0.873054 0.365000 0.875449 0.405833 0.848503 0.447500 0.773054 0.800000 0.257485 0.869167 0.260479 0.895833 0.232934 0.897500 0.217964 0.883333 0.200599 0.808333 0.158683
2 0.807500 0.327545 0.767500 0.331138 0.711667 0.358084 0.706667 0.368862 0.722500 0.410778 0.716667 0.421557 0.632500 0.450299 0.597500 0.467066 0.581667 0.469461 0.546667 0.486228 0.529167 0.489222 0.518333 0.497006 0.451667 0.517964 0.425000 0.534731 0.421667 0.540719 0.427500 0.559281 0.453333 0.600000 0.476667 0.628144 0.502500 0.649701 0.515833 0.653293 0.527500 0.646707 0.601667 0.639521 0.677500 0.613174 0.701667 0.599401 0.802500 0.565868 0.821667 0.564072 0.843333 0.584431 0.870000 0.587425 0.902500 0.578443 0.935833 0.559281 0.945000 0.547305 0.941667 0.526946 0.913333 0.485629 0.901667 0.458683 0.842500 0.380838 0.825000 0.341317
0 0.510833 0.702994 0.425000 0.702395 0.404167 0.707186 0.394167 0.715569 0.392500 0.735928 0.401667 0.756287 0.397500 0.764072 0.384167 0.774252 0.382500 0.783832 0.387500 0.792216 0.400833 0.801198 0.416667 0.805988 0.422500 0.813772 0.419167 0.850299 0.420833 0.865868 0.413333 0.927545 0.418333 0.940120 0.435000 0.949102 0.473333 0.949102 0.485000 0.944910 0.495000 0.935928 0.500000 0.912575 0.503333 0.853293 0.519167 0.829940 0.525000 0.815569 0.541667 0.807186 0.552500 0.796407 0.549167 0.783234 0.524167 0.758084 0.545000 0.747305 0.550000 0.738922 0.550833 0.723952 0.540833 0.710778
3 0.450833 0.237725 0.434167 0.240120 0.425833 0.244311 0.420000 0.268263 0.419167 0.298204 0.430000 0.364671 0.434167 0.434731 0.441667 0.483832 0.435000 0.493413 0.396667 0.504192 0.393333 0.519162 0.395833 0.531737 0.410000 0.543114 0.444167 0.550898 0.484167 0.551497 0.529167 0.547305 0.570833 0.536527 0.582500 0.523952 0.582500 0.510180 0.579167 0.501198 0.570833 0.495210 0.549167 0.491018 0.540000 0.486228 0.530833 0.464671 0.522500 0.391018 0.513333 0.359880 0.512500 0.305389 0.500000 0.246108 0.488333 0.237126
0 0.846667 0.369461 0.841667 0.365269 0.833333 0.362874 0.820833 0.364072 0.795833 0.371856 0.780000 0.368263 0.770833 0.364072 0.761667 0.364671 0.755000 0.368862 0.750833 0.386228 0.742500 0.392216 0.732500 0.392814 0.705000 0.400000 0.601667 0.414970 0.593333 0.418563 0.587500 0.430539 0.592500 0.450299 0.595833 0.454491 0.602500 0.456886 0.619167 0.456886 0.637500 0.455090 0.658333 0.450299 0.755000 0.438323 0.762500 0.442515 0.767500 0.453293 0.775000 0.458084 0.781667 0.458683 0.793333 0.455090 0.801667 0.448503 0.809167 0.445509 0.830833 0.446108 0.853333 0.443114 0.862500 0.437725 0.863333 0.423353 0.857500 0.399401 0.850833 0.388623
0 0.830000 0.710778 0.826667 0.709581 0.825833 0.710180 0.824167 0.708982 0.817500 0.711976 0.816667 0.711377 0.803333 0.719760 0.791667 0.719760 0.786667 0.725150 0.788333 0.731737 0.787500 0.734731 0.773333 0.743114 0.770833 0.743114 0.755833 0.750898 0.753333 0.750898 0.746667 0.755090 0.744167 0.755090 0.725833 0.764671 0.723333 0.767665 0.725000 0.770060 0.724167 0.770659 0.736667 0.782036 0.739167 0.783234 0.742500 0.783234 0.745000 0.781437 0.747500 0.781437 0.766667 0.772455 0.767500 0.773054 0.773333 0.769461 0.775833 0.769461 0.787500 0.763473 0.790000 0.763473 0.801667 0.757485 0.802500 0.758084 0.806667 0.756886 0.815000 0.759880 0.818333 0.762275 0.819167 0.761677 0.820833 0.762874 0.824167 0.762874 0.829167 0.759880 0.829167 0.757485 0.830833 0.756287 0.830000 0.755689 0.834167 0.752695 0.853333 0.746707 0.852500 0.746108 0.855833 0.744311 0.855000 0.739521 0.849167 0.733533 0.850000 0.732934 0.846667 0.729940 0.844167 0.724551
2 0.218333 0.486228 0.207500 0.494611 0.168333 0.563473 0.142500 0.593413 0.087500 0.692216 0.090833 0.704790 0.106667 0.721557 0.155833 0.740120 0.186667 0.741916 0.204167 0.735329 0.234167 0.705988 0.250000 0.698802 0.298333 0.722754 0.448333 0.767665 0.532500 0.788623 0.561667 0.783234 0.594167 0.749102 0.616667 0.701198 0.620000 0.676647 0.610000 0.664072 0.577500 0.647904 0.391667 0.590419 0.327500 0.577844 0.311667 0.563473 0.313333 0.516766 0.280000 0.498204
1 0.108333 0.125749 0.085000 0.159281 0.077500 0.182036 0.084167 0.206587 0.095833 0.211976 0.125833 0.217365 0.140833 0.208383 0.166667 0.203593 0.189167 0.208383 0.768333 0.439521 0.793333 0.437126 0.816667 0.421557 0.823333 0.401198 0.790833 0.377844 0.228333 0.150299 0.215000 0.138323 0.217500 0.109581 0.210000 0.101796 0.187500 0.093413 0.168333 0.092814 0.140000 0.101796
0 0.463333 0.792216 0.460833 0.777844 0.455833 0.772455 0.430833 0.764671 0.397500 0.761677 0.381667 0.751497 0.369167 0.748503 0.357500 0.749102 0.342500 0.754491 0.333333 0.764072 0.321667 0.767665 0.279167 0.760479 0.200000 0.750898 0.189167 0.753892 0.185000 0.756886 0.173333 0.778443 0.176667 0.791617 0.188333 0.797605 0.314167 0.816766 0.321667 0.822755 0.330833 0.838323 0.340833 0.844311 0.355000 0.847305 0.385833 0.841317 0.404167 0.846108 0.428333 0.849102 0.440000 0.844910 0.451667 0.829341
1 0.713333 0.101796 0.552500 0.089222 0.530833 0.094611 0.516667 0.113174 0.518333 0.132335 0.554167 0.144311 0.556667 0.160479 0.537500 0.250299 0.526667 0.271856 0.528333 0.297006 0.515000 0.337725 0.445833 0.694611 0.456667 0.750898 0.469167 0.761078 0.490000 0.766467 0.543333 0.765269 0.563333 0.734132 0.680833 0.165868 0.689167 0.158084 0.746667 0.153892 0.751667 0.118563
3 0.345000 0.433533 0.335833 0.432934 0.332500 0.433533 0.331667 0.438922 0.334167 0.441317 0.331667 0.444311 0.330833 0.452695 0.337500 0.458683 0.337500 0.463473 0.328333 0.471856 0.320000 0.483832 0.306667 0.495808 0.305000 0.501796 0.298333 0.507186 0.295000 0.513772 0.290833 0.517365 0.290000 0.520958 0.285833 0.523952 0.280833 0.531737 0.270833 0.541916 0.258333 0.550898 0.256667 0.556886 0.257500 0.562874 0.272500 0.572455 0.285833 0.573653 0.292500 0.570060 0.293333 0.567665 0.300000 0.562874 0.301667 0.558683 0.310000 0.552096 0.312500 0.546707 0.320000 0.540719 0.321667 0.536527 0.330000 0.529341 0.333333 0.522754 0.345000 0.511976 0.347500 0.506587 0.355833 0.500000 0.358333 0.494611 0.370000 0.483234 0.372500 0.477246 0.377500 0.475449 0.389167 0.479042 0.398333 0.479042 0.401667 0.477844 0.406667 0.471856 0.406667 0.465868 0.398333 0.460479 0.395000 0.455090 0.387500 0.452695 0.380000 0.447305 0.367500 0.443114 0.365000 0.440719 0.358333 0.439521 0.354167 0.436527 0.346667 0.435329
2 0.517500 0.554491 0.437500 0.577844 0.392500 0.600599 0.329167 0.640120 0.296667 0.666467 0.286667 0.702994 0.305000 0.731138 0.336667 0.749102 0.355833 0.752096 0.401667 0.744910 0.433333 0.769461 0.470000 0.811976 0.487500 0.821557 0.503333 0.843114 0.520000 0.853293 0.528333 0.872455 0.553333 0.888623 0.564167 0.905988 0.579167 0.913772 0.596667 0.915569 0.620833 0.911976 0.682500 0.881437 0.702500 0.862275 0.701667 0.847305 0.689167 0.823353 0.648333 0.782635 0.623333 0.746707 0.600000 0.729940 0.553333 0.668862 0.549167 0.653892 0.552500 0.646108 0.592500 0.619760 0.590833 0.602994 0.577500 0.580240 0.547500 0.561078
3 0.650833 0.118563 0.629167 0.122156 0.615833 0.127545 0.611667 0.140120 0.612500 0.154491 0.619167 0.164072 0.649167 0.166467 0.668333 0.174850 0.664167 0.228144 0.662500 0.402395 0.677500 0.423353 0.703333 0.427545 0.722500 0.434132 0.739167 0.426347 0.749167 0.396407 0.751667 0.221557 0.760833 0.200599 0.765000 0.177246 0.774167 0.171856 0.795000 0.171257 0.803333 0.166467 0.803333 0.142515 0.795833 0.134731 0.769167 0.125150 0.706667 0.119162
1 0.269167 0.337126 0.225000 0.412575 0.225833 0.423952 0.239167 0.431138 0.264167 0.436527 0.287500 0.417365 0.305833 0.416168 0.449167 0.464072 0.593333 0.519162 0.879167 0.614371 0.904167 0.616766 0.918333 0.610778 0.931667 0.597006 0.936667 0.574850 0.912500 0.555090 0.349167 0.363473 0.334167 0.352695 0.335000 0.324551 0.316667 0.311377 0.298333 0.310180
0 0.193333 0.114970 0.183333 0.125749 0.180000 0.132335 0.180833 0.137725 0.188333 0.147904 0.195833 0.152695 0.220000 0.174850 0.221667 0.179641 0.239167 0.187425 0.254167 0.198802 0.255000 0.202395 0.247500 0.215569 0.249167 0.226347 0.255000 0.233533 0.260000 0.235928 0.274167 0.238323 0.280000 0.243114 0.285833 0.253293 0.296667 0.261078 0.310833 0.264072 0.321667 0.262275 0.340833 0.253892 0.371667 0.231737 0.379167 0.219760 0.375833 0.207784 0.367500 0.201198 0.354167 0.195210 0.350000 0.190419 0.347500 0.182635 0.336667 0.172455 0.325000 0.171257 0.305833 0.173653 0.295833 0.170060 0.272500 0.152096 0.266667 0.145509 0.245833 0.130539 0.241667 0.125150 0.227500 0.116168 0.218333 0.112575 0.210000 0.112575 0.198333 0.115569
4 0.557500 0.636527 0.494167 0.674251 0.440000 0.725748 0.429167 0.751497 0.430000 0.767066 0.438333 0.779042 0.465000 0.798204 0.483333 0.805389 0.511667 0.794611 0.550000 0.788024 0.595000 0.814970 0.715000 0.902994 0.738333 0.906587 0.783333 0.898204 0.808333 0.882635 0.825833 0.863473 0.831667 0.850299 0.829167 0.838323 0.820833 0.826347 0.752500 0.779042 0.719167 0.749701 0.665833 0.712575 0.665000 0.702994 0.671667 0.692216 0.669167 0.682635 0.675833 0.664072 0.670000 0.649102 0.630833 0.619760 0.611667 0.620958
2 0.345833 0.346707 0.325000 0.344910 0.314167 0.347904 0.283333 0.366467 0.277500 0.372455 0.275000 0.386826 0.290833 0.413174 0.290000 0.422156 0.269167 0.429940 0.224167 0.460479 0.214167 0.462275 0.162500 0.498204 0.142500 0.508982 0.130833 0.522156 0.130833 0.534132 0.135833 0.540120 0.153333 0.551497 0.171667 0.570659 0.194167 0.583832 0.212500 0.586826 0.251667 0.571257 0.274167 0.554491 0.341667 0.516766 0.375833 0.492814 0.385833 0.492216 0.395833 0.498802 0.412500 0.504192 0.434167 0.503593 0.455833 0.494012 0.475000 0.475449 0.476667 0.461677 0.455833 0.432934 0.401667 0.384431 0.364167 0.355689
1 0.305833 0.327545 0.293333 0.339521 0.286667 0.349102 0.285000 0.358084 0.287500 0.360479 0.296667 0.364072 0.315000 0.361677 0.324167 0.364671 0.335000 0.374251 0.350000 0.379042 0.353333 0.382635 0.383333 0.397605 0.431667 0.426347 0.465000 0.442515 0.468333 0.446108 0.492500 0.460479 0.507500 0.465868 0.515000 0.462874 0.525000 0.453293 0.520833 0.446108 0.486667 0.428743 0.409167 0.382036 0.395833 0.376048 0.359167 0.353293 0.336667 0.341916 0.332500 0.337126 0.336667 0.329940 0.334167 0.326347 0.325000 0.322156 0.318333 0.322156
2 0.480833 0.180838 0.442500 0.207186 0.415833 0.231737 0.375833 0.278443 0.358333 0.294012 0.346667 0.313772 0.352500 0.332335 0.370833 0.346108 0.403333 0.358084 0.425000 0.355689 0.460833 0.334731 0.467500 0.334731 0.496667 0.351497 0.507500 0.353293 0.515000 0.359281 0.530000 0.364072 0.558333 0.382036 0.622500 0.408383 0.651667 0.423952 0.676667 0.426347 0.690833 0.419162 0.703333 0.401198 0.734167 0.371856 0.741667 0.355090 0.740000 0.346108 0.715833 0.328144 0.638333 0.289820 0.593333 0.263473 0.550833 0.245509 0.549167 0.238922 0.558333 0.214970 0.553333 0.202994 0.532500 0.188024 0.501667 0.178443
2 0.693333 0.359880 0.662500 0.336527 0.614167 0.330539 0.570000 0.340120 0.555833 0.353293 0.551667 0.373054 0.536667 0.382635 0.467500 0.386826 0.452500 0.391617 0.354167 0.388623 0.334167 0.392814 0.242500 0.390419 0.215833 0.394611 0.203333 0.403593 0.201667 0.460479 0.209167 0.495210 0.230000 0.510180 0.261667 0.520958 0.320000 0.520359 0.366667 0.525150 0.477500 0.522156 0.559167 0.529940 0.575833 0.544910 0.568333 0.565868 0.570833 0.573054 0.590000 0.588623 0.605000 0.592814 0.664167 0.594611 0.694167 0.583832 0.706667 0.573054 0.715833 0.539521 0.718333 0.494611 0.711667 0.434132
