1 0.500833 0.161677 0.446667 0.159281 0.434167 0.176647 0.391667 0.367665 0.370000 0.431138 0.323333 0.652096 0.300000 0.727545 0.288333 0.742515 0.243333 0.749102 0.233333 0.758084 0.234167 0.794611 0.278333 0.814371 0.401667 0.823353 0.443333 0.813772 0.451667 0.802395 0.455000 0.772455 0.419167 0.753892 0.410000 0.734132 0.532500 0.197605 0.530000 0.174251
3 0.465000 0.373653 0.428333 0.379641 0.391667 0.389820 0.370000 0.404192 0.364167 0.413174 0.368333 0.428144 0.374167 0.434731 0.412500 0.447305 0.428333 0.486826 0.447500 0.559281 0.467500 0.615569 0.480000 0.633533 0.487500 0.637725 0.498333 0.638922 0.525833 0.632934 0.537500 0.611976 0.531667 0.573054 0.515000 0.523353 0.503333 0.470659 0.490000 0.429940 0.514167 0.416766 0.522500 0.409581 0.519167 0.388024 0.513333 0.383234 0.482500 0.373653
0 0.442500 0.646108 0.436667 0.649701 0.435000 0.652695 0.435833 0.655689 0.444167 0.663473 0.465833 0.679641 0.465000 0.683234 0.467500 0.691617 0.475000 0.694012 0.484167 0.702994 0.490000 0.704790 0.495000 0.703593 0.512500 0.692814 0.512500 0.691617 0.516667 0.688024 0.517500 0.685030 0.512500 0.679641 0.505000 0.677245 0.501667 0.674850 0.500000 0.668862 0.496667 0.665868 0.487500 0.665269 0.481667 0.667066 0.453333 0.646108 0.449167 0.644910
2 0.161667 0.308982 0.160000 0.358084 0.193333 0.494611 0.207500 0.518563 0.237500 0.532335 0.272500 0.532335 0.317500 0.520958 0.331667 0.507784 0.338333 0.463473 0.349167 0.457485 0.393333 0.455090 0.405000 0.449701 0.439167 0.444910 0.490000 0.442515 0.578333 0.425150 0.626667 0.420359 0.652500 0.405988 0.656667 0.389820 0.645833 0.365868 0.640833 0.329341 0.632500 0.310180 0.611667 0.291018 0.572500 0.289222 0.446667 0.305389 0.366667 0.311377 0.338333 0.319162 0.304167 0.322156 0.280833 0.291617 0.255833 0.281437 0.224167 0.280838 0.176667 0.293413
3 0.481667 0.614970 0.477500 0.614371 0.467500 0.616766 0.465000 0.618563 0.462500 0.618563 0.455833 0.620958 0.453333 0.622755 0.444167 0.626347 0.443333 0.625749 0.431667 0.631138 0.420000 0.635329 0.419167 0.634731 0.411667 0.637725 0.407500 0.641317 0.402500 0.641916 0.401667 0.643114 0.393333 0.645509 0.385000 0.649701 0.382500 0.649701 0.379167 0.647904 0.372500 0.640719 0.368333 0.641317 0.360833 0.644311 0.360000 0.649102 0.361667 0.650898 0.361667 0.655090 0.364167 0.659880 0.367500 0.662874 0.367500 0.664671 0.372500 0.668862 0.373333 0.673054 0.380000 0.680838 0.387500 0.683234 0.395000 0.680838 0.398333 0.677245 0.396667 0.676048 0.396667 0.673653 0.394167 0.671856 0.395833 0.667665 0.436667 0.651497 0.447500 0.646108 0.479167 0.634731 0.480000 0.633533 0.483333 0.632934 0.490000 0.628743 0.490000 0.625150 0.483333 0.618563
0 0.531667 0.458683 0.528333 0.456886 0.512500 0.458084 0.500000 0.464671 0.490000 0.472455 0.430000 0.501198 0.403333 0.518563 0.396667 0.520958 0.376667 0.511976 0.366667 0.513772 0.361667 0.516168 0.361667 0.527545 0.355000 0.531737 0.344167 0.534132 0.337500 0.538922 0.329167 0.541916 0.324167 0.546707 0.322500 0.553293 0.362500 0.586826 0.382500 0.599401 0.396667 0.597006 0.415833 0.583234 0.440000 0.580838 0.447500 0.574850 0.448333 0.568263 0.455000 0.564072 0.455833 0.556886 0.460833 0.552695 0.456667 0.545509 0.462500 0.540719 0.476667 0.537126 0.490000 0.524551 0.512500 0.516766 0.522500 0.508383 0.535000 0.508383 0.550833 0.495808 0.553333 0.488623 0.550833 0.477246
4 0.400833 0.447904 0.364167 0.461677 0.332500 0.482635 0.325833 0.491018 0.326667 0.504790 0.332500 0.517365 0.345833 0.528144 0.359167 0.546707 0.401667 0.579641 0.430833 0.611377 0.433333 0.621557 0.411667 0.637725 0.409167 0.656287 0.414167 0.667665 0.432500 0.685030 0.441667 0.689222 0.475833 0.683234 0.519167 0.665868 0.575833 0.634731 0.600000 0.617365 0.611667 0.602395 0.615000 0.590419 0.610833 0.579641 0.583333 0.555689 0.560000 0.558683 0.535833 0.568263 0.527500 0.567665 0.504167 0.535928 0.475000 0.510778 0.452500 0.483832 0.425833 0.458084 0.411667 0.449701
1 0.670000 0.203593 0.661667 0.203593 0.655000 0.210180 0.655833 0.216766 0.669167 0.223353 0.671667 0.226946 0.660000 0.242515 0.656667 0.257485 0.645833 0.277246 0.640833 0.298802 0.632500 0.308383 0.623333 0.332934 0.614167 0.347904 0.614167 0.353293 0.607500 0.363473 0.607500 0.368263 0.594167 0.392814 0.591667 0.403593 0.580000 0.424551 0.580000 0.432934 0.592500 0.440120 0.607500 0.440719 0.617500 0.435928 0.704167 0.244910 0.711667 0.234731 0.730833 0.235928 0.735833 0.228144 0.735833 0.222754 0.727500 0.217964
0 0.493333 0.643713 0.487500 0.642515 0.475833 0.644910 0.367500 0.720359 0.356667 0.720958 0.340000 0.714970 0.325833 0.715569 0.321667 0.732335 0.315000 0.736527 0.300833 0.739521 0.285833 0.752096 0.284167 0.757485 0.288333 0.764072 0.345833 0.801198 0.355833 0.805988 0.364167 0.807186 0.371667 0.805988 0.389167 0.791018 0.403333 0.788024 0.410000 0.782036 0.420833 0.777844 0.424167 0.771856 0.420833 0.765269 0.420833 0.751497 0.432500 0.749102 0.439167 0.743114 0.447500 0.743713 0.445833 0.737725 0.456667 0.731737 0.459167 0.726946 0.475000 0.716168 0.485833 0.712575 0.489167 0.707186 0.503333 0.697006 0.509167 0.695210 0.516667 0.687425 0.522500 0.667066 0.514167 0.658683
2 0.729167 0.457485 0.717500 0.447305 0.697500 0.441317 0.657500 0.441916 0.630000 0.456287 0.620833 0.467066 0.615833 0.480240 0.608333 0.483832 0.455000 0.495210 0.420000 0.492814 0.387500 0.497605 0.380000 0.502994 0.371667 0.527545 0.375833 0.559281 0.386667 0.583234 0.401667 0.591018 0.430833 0.591617 0.443333 0.588623 0.525000 0.583832 0.567500 0.586826 0.624167 0.582635 0.647500 0.611976 0.665000 0.620359 0.681667 0.624551 0.703333 0.624551 0.729167 0.619760 0.743333 0.613772 0.753333 0.602395 0.762500 0.561677 0.760000 0.528742 0.750833 0.499401
3 0.533333 0.384431 0.511667 0.382635 0.483333 0.387425 0.465000 0.411976 0.469167 0.421557 0.497500 0.437725 0.496667 0.447904 0.470833 0.480838 0.375833 0.627545 0.370000 0.641916 0.369167 0.654491 0.375833 0.666467 0.405000 0.680838 0.431667 0.682036 0.450833 0.668263 0.476667 0.632335 0.527500 0.544311 0.573333 0.480240 0.580833 0.476647 0.607500 0.478443 0.618333 0.469461 0.634167 0.464072 0.641667 0.455689 0.643333 0.443713 0.610833 0.416766 0.583333 0.402395
1 0.050000 0.178443 0.036667 0.208383 0.062500 0.232934 0.750000 0.614970 0.748333 0.629341 0.723333 0.658084 0.759167 0.683832 0.778333 0.685030 0.798333 0.677844 0.877500 0.610778 0.917500 0.555090 0.915000 0.542515 0.891667 0.525748 0.865000 0.522156 0.837500 0.541916 0.817500 0.547305 0.140833 0.167066 0.100833 0.153892 0.083333 0.155090
3 0.654167 0.194611 0.634167 0.189820 0.605833 0.208383 0.608333 0.219162 0.625000 0.238323 0.626667 0.247305 0.622500 0.252096 0.603333 0.261078 0.447500 0.366467 0.396667 0.407186 0.390000 0.416766 0.390000 0.426946 0.400833 0.438323 0.423333 0.451497 0.445000 0.451497 0.464167 0.444311 0.618333 0.337725 0.643333 0.323952 0.670000 0.316766 0.698333 0.297605 0.729167 0.310778 0.742500 0.305988 0.758333 0.293413 0.760833 0.287425 0.756667 0.277844 0.739167 0.258084 0.715833 0.243114 0.673333 0.205389
4 0.079167 0.653293 0.071667 0.684431 0.081667 0.699401 0.099167 0.711976 0.135000 0.725748 0.249167 0.754491 0.316667 0.779641 0.325000 0.796407 0.384167 0.849701 0.408333 0.862874 0.435000 0.870659 0.463333 0.873054 0.506667 0.862874 0.548333 0.837126 0.570833 0.816766 0.593333 0.785030 0.615000 0.737725 0.616667 0.706587 0.601667 0.676048 0.562500 0.639521 0.506667 0.625749 0.481667 0.628743 0.416667 0.658683 0.393333 0.662874 0.353333 0.647904 0.230833 0.614970 0.178333 0.603593 0.146667 0.601198 0.129167 0.604790 0.112500 0.616766
3 0.846667 0.394611 0.813333 0.375449 0.787500 0.383832 0.773333 0.392814 0.775833 0.404192 0.787500 0.421557 0.784167 0.430539 0.711667 0.457485 0.498333 0.547305 0.486667 0.555689 0.480833 0.565269 0.491667 0.587425 0.506667 0.605389 0.513333 0.608982 0.526667 0.608982 0.553333 0.603593 0.834167 0.489820 0.842500 0.490419 0.848333 0.498802 0.873333 0.513174 0.879167 0.514371 0.905833 0.505389 0.919167 0.493413 0.913333 0.471856 0.878333 0.426347
3 0.909167 0.422754 0.879167 0.383832 0.871667 0.379042 0.850833 0.375449 0.825000 0.377844 0.792500 0.387425 0.559167 0.431737 0.466667 0.453293 0.450000 0.452695 0.420000 0.420359 0.396667 0.418563 0.360000 0.430539 0.349167 0.451497 0.371667 0.522156 0.409167 0.571856 0.425833 0.584431 0.440000 0.588024 0.473333 0.579641 0.505833 0.550299 0.534167 0.547904 0.541667 0.540120 0.564167 0.532934 0.588333 0.530539 0.599167 0.521557 0.629167 0.520958 0.636667 0.512575 0.697500 0.502395 0.730000 0.491617 0.780833 0.488024 0.806667 0.477246 0.835833 0.472455 0.884167 0.451497 0.904167 0.435329
