1 0.396667 0.204192 0.352500 0.217365 0.329167 0.245509 0.340833 0.281437 0.400000 0.303593 0.496667 0.729341 0.511667 0.746707 0.508333 0.775449 0.520833 0.785629 0.515833 0.801796 0.523333 0.830539 0.535000 0.848503 0.553333 0.859880 0.601667 0.861677 0.623333 0.850299 0.629167 0.833533 0.623333 0.813772 0.630833 0.790419 0.626667 0.743114 0.596667 0.628144 0.573333 0.575449 0.557500 0.469461 0.531667 0.365868 0.515000 0.331737 0.510833 0.296407 0.548333 0.264072 0.553333 0.235329 0.547500 0.221557 0.499167 0.204790 0.440000 0.200599
1 0.760833 0.163473 0.737500 0.163473 0.728333 0.167665 0.715000 0.183832 0.716667 0.191018 0.733333 0.205389 0.727500 0.220359 0.384167 0.555689 0.377500 0.578443 0.398333 0.595808 0.420833 0.602395 0.442500 0.594012 0.795000 0.252695 0.805833 0.247904 0.837500 0.256287 0.852500 0.251497 0.865000 0.236527 0.856667 0.217365 0.816667 0.189222
3 0.163333 0.364072 0.140833 0.393413 0.123333 0.428743 0.118333 0.457485 0.135833 0.471257 0.155833 0.474252 0.180833 0.465269 0.186667 0.456886 0.199167 0.455689 0.308333 0.489222 0.320833 0.495210 0.436667 0.528144 0.478333 0.535928 0.490833 0.531737 0.501667 0.516168 0.507500 0.495210 0.496667 0.482036 0.470000 0.470659 0.370000 0.441916 0.278333 0.411377 0.236667 0.400599 0.221667 0.399401 0.219167 0.390419 0.226667 0.365269 0.207500 0.355689 0.195833 0.352096 0.185000 0.353293
3 0.264167 0.265269 0.260833 0.308383 0.269167 0.321557 0.295833 0.334731 0.411667 0.354491 0.735000 0.389222 0.749167 0.402994 0.758333 0.438922 0.790000 0.450299 0.819167 0.453293 0.852500 0.433533 0.865000 0.411377 0.877500 0.363473 0.880833 0.306587 0.871667 0.277246 0.850000 0.262275 0.812500 0.258084 0.792500 0.263473 0.773333 0.288623 0.743333 0.299401 0.338333 0.253293 0.285833 0.252695
3 0.385833 0.610180 0.379167 0.644910 0.385000 0.692216 0.405000 0.720958 0.421667 0.729341 0.460000 0.725150 0.479167 0.699401 0.495833 0.691018 0.809167 0.694611 0.850000 0.687425 0.857500 0.679042 0.852500 0.668862 0.860000 0.656287 0.857500 0.640719 0.841667 0.628743 0.820833 0.623353 0.729167 0.617365 0.487500 0.614371 0.480833 0.611976 0.475833 0.602395 0.454167 0.583234 0.420833 0.576048 0.396667 0.591617
1 0.878333 0.404192 0.855000 0.388623 0.811667 0.395210 0.460000 0.552096 0.364167 0.600000 0.270000 0.635928 0.197500 0.670659 0.176667 0.672455 0.140833 0.654491 0.106667 0.661078 0.098333 0.667066 0.100000 0.680838 0.118333 0.710180 0.187500 0.782036 0.207500 0.791617 0.226667 0.787425 0.250833 0.769461 0.237500 0.740719 0.250000 0.729940 0.436667 0.644311 0.485000 0.629940 0.677500 0.538323 0.866667 0.455689 0.891667 0.434132
4 0.381667 0.504192 0.362500 0.508982 0.342500 0.520958 0.336667 0.532934 0.335000 0.550299 0.338333 0.561677 0.376667 0.574850 0.384167 0.579641 0.385833 0.583832 0.383333 0.605988 0.385833 0.613174 0.371667 0.698204 0.373333 0.707784 0.380000 0.717365 0.411667 0.733533 0.437500 0.735928 0.465000 0.732934 0.477500 0.726347 0.486667 0.714371 0.491667 0.661078 0.502500 0.612575 0.502500 0.594012 0.511667 0.587425 0.522500 0.585030 0.530000 0.579042 0.553333 0.568862 0.557500 0.560479 0.561667 0.532335 0.526667 0.514371 0.499167 0.507186 0.438333 0.501198
4 0.412500 0.262874 0.386667 0.261677 0.345833 0.267066 0.320000 0.274850 0.305833 0.286826 0.301667 0.315569 0.314167 0.384431 0.312500 0.411976 0.321667 0.431138 0.320833 0.448503 0.325833 0.457485 0.270000 0.477844 0.263333 0.489820 0.264167 0.506587 0.271667 0.531737 0.293333 0.544311 0.320000 0.550299 0.345000 0.552695 0.397500 0.551497 0.475833 0.541916 0.510833 0.531737 0.545000 0.511976 0.540833 0.483234 0.533333 0.468862 0.518333 0.459880 0.490833 0.449102 0.471667 0.446707 0.465833 0.441916 0.460833 0.402395 0.455833 0.394012 0.458333 0.383832 0.452500 0.332335 0.446667 0.320958 0.441667 0.287425 0.433333 0.271257
3 0.415833 0.632934 0.412500 0.632934 0.411667 0.631737 0.400833 0.628743 0.395000 0.628144 0.390833 0.626347 0.385000 0.626347 0.381667 0.625150 0.378333 0.626347 0.375000 0.625749 0.372500 0.626946 0.369167 0.626946 0.369167 0.628144 0.367500 0.628743 0.367500 0.631737 0.365833 0.632934 0.366667 0.637126 0.374167 0.640719 0.378333 0.644311 0.372500 0.652695 0.369167 0.662275 0.365833 0.666467 0.360000 0.680239 0.358333 0.681437 0.357500 0.685629 0.355833 0.686826 0.355833 0.689820 0.352500 0.693413 0.351667 0.697605 0.349167 0.700599 0.349167 0.703593 0.346667 0.706587 0.345833 0.713174 0.347500 0.714970 0.346667 0.715569 0.350833 0.718563 0.356667 0.720359 0.358333 0.719760 0.363333 0.720958 0.370833 0.716766 0.377500 0.701796 0.379167 0.701198 0.379167 0.698204 0.380833 0.697006 0.381667 0.692814 0.385833 0.686826 0.385833 0.684431 0.388333 0.682036 0.390833 0.673653 0.394167 0.670060 0.399167 0.657485 0.400833 0.656287 0.401667 0.651497 0.404167 0.649701 0.418333 0.649701 0.420833 0.649102 0.424167 0.646108 0.425833 0.640719 0.423333 0.637725
2 0.749167 0.250299 0.674167 0.244910 0.559167 0.253293 0.516667 0.273653 0.494167 0.308982 0.490833 0.342515 0.507500 0.376647 0.527500 0.394611 0.550000 0.407186 0.554167 0.416168 0.545833 0.450898 0.530833 0.584431 0.557500 0.607784 0.603333 0.621557 0.654167 0.622755 0.680000 0.619162 0.713333 0.598204 0.733333 0.543713 0.754167 0.414970 0.765833 0.405988 0.794167 0.399401 0.820000 0.385629 0.840833 0.351497 0.841667 0.316168 0.830000 0.297605 0.812500 0.280240 0.775833 0.256886
3 0.259167 0.506587 0.249167 0.527545 0.265000 0.553892 0.440000 0.729341 0.467500 0.773653 0.464167 0.782036 0.443333 0.794012 0.440833 0.801198 0.460833 0.822156 0.475833 0.828144 0.507500 0.822156 0.579167 0.792216 0.622500 0.770060 0.646667 0.753293 0.651667 0.737126 0.628333 0.714970 0.610833 0.714371 0.591667 0.723353 0.576667 0.725150 0.555000 0.717365 0.474167 0.643114 0.437500 0.600000 0.409167 0.576048 0.379167 0.542515 0.337500 0.507186 0.305000 0.494012
3 0.257500 0.441916 0.235833 0.443713 0.207500 0.450898 0.202500 0.457485 0.201667 0.470659 0.270000 0.622156 0.285000 0.668263 0.285000 0.674251 0.279167 0.678443 0.270833 0.679641 0.249167 0.692216 0.249167 0.700599 0.258333 0.719162 0.271667 0.722156 0.321667 0.713772 0.390000 0.696407 0.414167 0.686826 0.424167 0.677844 0.416667 0.658084 0.408333 0.651497 0.379167 0.655689 0.365833 0.652695 0.287500 0.470060 0.278333 0.454491 0.266667 0.444311
4 0.386667 0.405389 0.370833 0.405389 0.360000 0.410180 0.290833 0.476647 0.259167 0.511377 0.247500 0.513174 0.207500 0.505988 0.192500 0.514371 0.177500 0.531737 0.185833 0.554491 0.208333 0.573653 0.270833 0.605389 0.290000 0.613174 0.307500 0.616168 0.315833 0.619760 0.327500 0.619760 0.341667 0.615569 0.354167 0.602395 0.361667 0.598204 0.365000 0.589820 0.346667 0.562275 0.346667 0.552096 0.364167 0.528742 0.434167 0.459880 0.444167 0.444910 0.440000 0.435928 0.409167 0.414371
