1 0.918333 0.257485 0.896667 0.252096 0.876667 0.254491 0.855000 0.271257 0.735000 0.408982 0.730000 0.423952 0.681667 0.467665 0.662500 0.513174 0.641667 0.516168 0.609167 0.575449 0.592500 0.583234 0.465000 0.731737 0.451667 0.755090 0.438333 0.758683 0.400000 0.753293 0.376667 0.765269 0.367500 0.791018 0.385833 0.805389 0.460000 0.838922 0.510000 0.852695 0.559167 0.855090 0.576667 0.840120 0.582500 0.818563 0.562500 0.804192 0.562500 0.786826 0.600000 0.746707 0.680833 0.627545 0.730833 0.579641 0.737500 0.561677 0.823333 0.469461 0.865000 0.404790 0.946667 0.333533 0.963333 0.303593 0.959167 0.280240
3 0.572500 0.250898 0.545833 0.237725 0.527500 0.235329 0.506667 0.243713 0.495000 0.254491 0.493333 0.261677 0.505000 0.284431 0.505000 0.295210 0.425000 0.346707 0.411667 0.350898 0.402500 0.359880 0.380000 0.371257 0.332500 0.404192 0.268333 0.438922 0.250833 0.455689 0.246667 0.467066 0.260833 0.486826 0.284167 0.505389 0.304167 0.504790 0.350833 0.482635 0.390000 0.449102 0.460000 0.411377 0.493333 0.386228 0.515000 0.377246 0.540000 0.359281 0.567500 0.352695 0.608333 0.367066 0.632500 0.356287 0.639167 0.342515 0.636667 0.321557 0.617500 0.301796 0.605833 0.280240
2 0.220000 0.435928 0.220000 0.462874 0.240000 0.537725 0.249167 0.556287 0.266667 0.567665 0.279167 0.569461 0.300833 0.568263 0.319167 0.562874 0.326667 0.556886 0.327500 0.543713 0.334167 0.538323 0.366667 0.534132 0.381667 0.528144 0.414167 0.526347 0.453333 0.520359 0.470000 0.521557 0.488333 0.518563 0.502500 0.519162 0.520000 0.514970 0.525000 0.510778 0.520833 0.476048 0.515000 0.456886 0.507500 0.449102 0.497500 0.444910 0.476667 0.443713 0.450000 0.447305 0.414167 0.446707 0.358333 0.453293 0.350000 0.451497 0.315000 0.452695 0.300000 0.447904 0.295833 0.428144 0.289167 0.420958 0.280833 0.418563 0.242500 0.420359 0.225833 0.428144
0 0.464167 0.256886 0.455000 0.256886 0.446667 0.260479 0.438333 0.271856 0.403333 0.362275 0.392500 0.379641 0.384167 0.384431 0.355000 0.385030 0.348333 0.388623 0.344167 0.400599 0.359167 0.415569 0.334167 0.435329 0.325833 0.453892 0.325833 0.461078 0.339167 0.471856 0.380833 0.484431 0.423333 0.492216 0.450000 0.492216 0.465000 0.486228 0.473333 0.470659 0.471667 0.462275 0.464167 0.450898 0.465000 0.446108 0.479167 0.434731 0.488333 0.432934 0.498333 0.426946 0.497500 0.414970 0.478333 0.406587 0.465000 0.397605 0.470000 0.392814 0.514167 0.275449 0.511667 0.270659 0.502500 0.265269
3 0.492500 0.286826 0.464167 0.304192 0.462500 0.311976 0.484167 0.351497 0.496667 0.365269 0.500000 0.377844 0.511667 0.394012 0.510000 0.399401 0.518333 0.401796 0.533333 0.432335 0.548333 0.448503 0.547500 0.468862 0.550833 0.470659 0.550000 0.473653 0.560833 0.476647 0.568333 0.482036 0.575000 0.494611 0.574167 0.505389 0.549167 0.518563 0.546667 0.526347 0.563333 0.547904 0.582500 0.550898 0.612500 0.545509 0.645833 0.535329 0.663333 0.522754 0.684167 0.514970 0.695833 0.505389 0.701667 0.491018 0.694167 0.480838 0.684167 0.473653 0.664167 0.474850 0.653333 0.470659 0.639167 0.452695 0.622500 0.442515 0.587500 0.385030 0.572500 0.366467 0.568333 0.355090 0.556667 0.343713 0.530000 0.301198 0.515833 0.289222 0.501667 0.285629
0 0.732500 0.439521 0.723333 0.434132 0.703333 0.434731 0.686667 0.445509 0.669167 0.462275 0.648333 0.468862 0.629167 0.467066 0.615833 0.468862 0.607500 0.476647 0.607500 0.489222 0.612500 0.502994 0.608333 0.510778 0.561667 0.538323 0.520833 0.558084 0.510000 0.567066 0.485000 0.574850 0.460000 0.591018 0.453333 0.597605 0.452500 0.608383 0.481667 0.640120 0.494167 0.640719 0.531667 0.634731 0.545000 0.629940 0.581667 0.608982 0.600833 0.609581 0.600833 0.598802 0.625833 0.593413 0.637500 0.594012 0.642500 0.585030 0.661667 0.570060 0.671667 0.567665 0.702500 0.580240 0.720833 0.573653 0.728333 0.555689 0.736667 0.550299 0.743333 0.540719 0.770833 0.538323 0.795833 0.526347 0.800833 0.521557 0.802500 0.511976 0.767500 0.471856 0.746667 0.456287
0 0.387500 0.316168 0.386667 0.319760 0.388333 0.320958 0.389167 0.317365
3 0.641667 0.705389 0.642500 0.665868 0.630833 0.619162 0.607500 0.582635 0.595000 0.577844 0.563333 0.578443 0.547500 0.583234 0.529167 0.597605 0.517500 0.617365 0.507500 0.621557 0.182500 0.621557 0.136667 0.626347 0.115000 0.634132 0.106667 0.650898 0.110000 0.676048 0.116667 0.687425 0.134167 0.699401 0.156667 0.704192 0.235833 0.705389 0.308333 0.701796 0.489167 0.704790 0.522500 0.700599 0.545000 0.722754 0.555833 0.740120 0.569167 0.745509 0.602500 0.743713 0.613333 0.729341 0.638333 0.713174
2 0.392500 0.302395 0.353333 0.300000 0.327500 0.307784 0.302500 0.322156 0.287500 0.337126 0.277500 0.358084 0.277500 0.380240 0.282500 0.393413 0.279167 0.400599 0.249167 0.419162 0.208333 0.452695 0.165000 0.481437 0.148333 0.497605 0.149167 0.517964 0.169167 0.544910 0.215833 0.569461 0.251667 0.568263 0.275833 0.558084 0.403333 0.470060 0.414167 0.468862 0.444167 0.476048 0.471667 0.473653 0.499167 0.462275 0.526667 0.436527 0.529167 0.402395 0.523333 0.381437 0.510000 0.365868 0.470000 0.338323 0.423333 0.314371
0 0.757500 0.586228 0.731667 0.577844 0.712500 0.580838 0.573333 0.660479 0.567500 0.661078 0.540000 0.647904 0.525833 0.648503 0.519167 0.653892 0.517500 0.664671 0.500000 0.681437 0.481667 0.683234 0.461667 0.693413 0.454167 0.704790 0.455833 0.710778 0.533333 0.781437 0.548333 0.782036 0.559167 0.779042 0.570833 0.771257 0.579167 0.759281 0.590833 0.750898 0.601667 0.747305 0.617500 0.747305 0.629167 0.741916 0.631667 0.732934 0.621667 0.710180 0.634167 0.697006 0.700833 0.659880 0.760000 0.621557 0.764167 0.615569 0.761667 0.605988 0.764167 0.592814
