0 0.785000 0.076647 0.778333 0.074850 0.764167 0.076647 0.627500 0.158084 0.616667 0.156287 0.599167 0.148503 0.583333 0.148503 0.578333 0.166467 0.570000 0.171856 0.555833 0.173054 0.546667 0.177246 0.532500 0.189222 0.531667 0.199401 0.597500 0.249102 0.610000 0.255090 0.620833 0.256886 0.625833 0.255090 0.645833 0.239521 0.663333 0.236527 0.670000 0.231138 0.685000 0.225749 0.690000 0.218563 0.686667 0.211377 0.690000 0.194611 0.702500 0.193413 0.710000 0.187425 0.720000 0.188623 0.719167 0.180838 0.730833 0.176048 0.735833 0.168862 0.745000 0.165868 0.758333 0.156886 0.767500 0.155090 0.775000 0.146707 0.795833 0.137126 0.805000 0.129341 0.814167 0.110778 0.814167 0.103593
4 0.416667 0.297605 0.407500 0.313174 0.404167 0.342515 0.422500 0.414970 0.432500 0.510180 0.430000 0.522754 0.420833 0.529341 0.400000 0.526946 0.357500 0.547305 0.365000 0.595808 0.382500 0.602994 0.450833 0.608383 0.496667 0.602395 0.611667 0.597605 0.663333 0.582036 0.670833 0.566467 0.662500 0.526347 0.637500 0.520958 0.598333 0.523353 0.584167 0.513772 0.578333 0.502994 0.565833 0.431737 0.557500 0.335329 0.546667 0.297605 0.525833 0.293413 0.485833 0.295808 0.460833 0.292814
0 0.796667 0.357485 0.759167 0.282036 0.748333 0.270659 0.733333 0.265868 0.702500 0.275449 0.680833 0.273054 0.669167 0.276647 0.650833 0.277246 0.640000 0.283832 0.638333 0.294012 0.626667 0.308383 0.610000 0.305988 0.598333 0.309581 0.589167 0.304790 0.584167 0.313772 0.569167 0.314371 0.558333 0.320359 0.551667 0.319760 0.530000 0.325150 0.517500 0.323952 0.506667 0.329940 0.466667 0.335928 0.437500 0.355689 0.433333 0.367665 0.445833 0.401198 0.452500 0.405988 0.469167 0.408982 0.663333 0.368862 0.675000 0.372455 0.691667 0.388623 0.708333 0.393413 0.728333 0.375449 0.738333 0.373653 0.755000 0.377246 0.770000 0.374850 0.787500 0.368862
3 0.360833 0.352096 0.344167 0.372455 0.339167 0.397605 0.348333 0.411976 0.370833 0.429341 0.459167 0.474850 0.644167 0.555689 0.705833 0.591018 0.735833 0.600599 0.735833 0.622156 0.725000 0.636527 0.730000 0.650299 0.764167 0.666467 0.781667 0.667665 0.820833 0.643114 0.853333 0.611976 0.904167 0.546707 0.913333 0.517964 0.912500 0.509581 0.902500 0.500000 0.863333 0.486228 0.820833 0.514371 0.801667 0.514970 0.431667 0.346707 0.403333 0.342515
0 0.340000 0.110180 0.340833 0.120958 0.345833 0.127545 0.352500 0.131138 0.391667 0.140719 0.413333 0.142515 0.431667 0.147904 0.450000 0.149102 0.495000 0.158683 0.500833 0.165269 0.504167 0.177246 0.518333 0.190419 0.535000 0.191617 0.562500 0.185030 0.572500 0.185030 0.580833 0.188024 0.589167 0.195210 0.602500 0.200000 0.617500 0.200000 0.640833 0.192216 0.658333 0.165868 0.665000 0.144910 0.666667 0.126347 0.655000 0.107186 0.636667 0.099401 0.625833 0.098204 0.603333 0.102994 0.595000 0.107186 0.579167 0.095808 0.555833 0.092216 0.540833 0.094012 0.525833 0.100000 0.510000 0.101198 0.373333 0.080838 0.356667 0.084431 0.350000 0.089222
0 0.463333 0.216766 0.447500 0.218563 0.433333 0.222754 0.420000 0.230539 0.415000 0.239521 0.415000 0.247305 0.425833 0.265868 0.424167 0.271856 0.415000 0.277844 0.413333 0.284431 0.417500 0.293413 0.425000 0.298204 0.440000 0.303593 0.445000 0.310778 0.450833 0.347305 0.450833 0.364072 0.454167 0.377844 0.461667 0.387425 0.471667 0.390419 0.488333 0.391018 0.503333 0.385629 0.509167 0.378443 0.510000 0.369461 0.506667 0.355689 0.506667 0.336527 0.503333 0.323952 0.502500 0.305389 0.505833 0.301796 0.525833 0.290419 0.529167 0.285629 0.528333 0.278443 0.510833 0.266467 0.505833 0.258084 0.507500 0.255090 0.514167 0.251497 0.517500 0.244910 0.516667 0.236527 0.512500 0.228144 0.503333 0.222754 0.486667 0.217365
2 0.260833 0.841317 0.252500 0.841317 0.243333 0.844910 0.238333 0.845509 0.177500 0.871856 0.173333 0.871856 0.162500 0.864671 0.156667 0.863473 0.142500 0.866467 0.131667 0.872455 0.125833 0.880240 0.125833 0.884431 0.130833 0.889820 0.133333 0.895808 0.139167 0.901796 0.138333 0.902395 0.143333 0.909581 0.147500 0.913174 0.146667 0.913772 0.164167 0.931138 0.171667 0.936527 0.174167 0.936527 0.180000 0.939521 0.190833 0.939521 0.201667 0.935329 0.208333 0.930539 0.209167 0.926347 0.210833 0.925749 0.210833 0.919760 0.207500 0.916168 0.207500 0.913772 0.210833 0.910180 0.242500 0.894611 0.247500 0.894012 0.264167 0.885030 0.266667 0.885030 0.271667 0.882036 0.272500 0.882635 0.287500 0.873054 0.284167 0.861677 0.272500 0.849701
0 0.177500 0.047305 0.147500 0.051497 0.135000 0.057485 0.127500 0.065269 0.126667 0.088024 0.144167 0.106587 0.133333 0.120359 0.117500 0.129341 0.115833 0.145509 0.126667 0.151497 0.155833 0.159281 0.160000 0.165269 0.158333 0.301796 0.161667 0.305988 0.175833 0.311976 0.212500 0.313772 0.230000 0.310778 0.240833 0.298802 0.245833 0.191018 0.250000 0.164671 0.255000 0.159281 0.284167 0.153293 0.295000 0.144910 0.291667 0.129341 0.271667 0.117964 0.289167 0.094012 0.292500 0.076647 0.285833 0.059880 0.266667 0.052096 0.250000 0.049701 0.233333 0.051497 0.219167 0.047305
3 0.339167 0.327545 0.334167 0.362874 0.337500 0.397006 0.352500 0.421557 0.363333 0.429341 0.394167 0.431138 0.404167 0.428743 0.437500 0.401198 0.510000 0.402994 0.639167 0.413772 0.751667 0.416766 0.770000 0.411377 0.781667 0.397605 0.780833 0.374251 0.751667 0.357485 0.687500 0.347904 0.438333 0.329940 0.424167 0.301796 0.413333 0.294611 0.384167 0.290419 0.371667 0.293413 0.353333 0.306587
3 0.241667 0.651497 0.200000 0.657485 0.170000 0.665269 0.145833 0.676048 0.139167 0.688024 0.141667 0.701198 0.145833 0.706587 0.165000 0.717365 0.185000 0.721557 0.189167 0.726347 0.205833 0.841916 0.219167 0.910778 0.223333 0.919760 0.233333 0.929940 0.255833 0.932934 0.285833 0.925150 0.294167 0.918563 0.299167 0.908383 0.299167 0.888623 0.285833 0.824551 0.274167 0.726946 0.267500 0.711976 0.305833 0.694012 0.308333 0.673653 0.303333 0.665868 0.278333 0.653892
1 0.845833 0.261078 0.814167 0.240719 0.780833 0.246108 0.193333 0.540719 0.165000 0.546108 0.133333 0.525150 0.105000 0.534132 0.094167 0.543713 0.095833 0.556287 0.118333 0.575449 0.156667 0.627545 0.193333 0.656287 0.212500 0.661078 0.225000 0.656287 0.245000 0.637126 0.231667 0.616168 0.240000 0.601198 0.831667 0.305988 0.856667 0.282635
0 0.793333 0.208383 0.790000 0.207186 0.784167 0.207186 0.774167 0.214371 0.773333 0.216168 0.766667 0.220958 0.758333 0.229341 0.751667 0.233533 0.752500 0.234132 0.746667 0.237725 0.743333 0.237725 0.737500 0.235928 0.733333 0.235928 0.729167 0.237725 0.727500 0.240120 0.728333 0.245509 0.724167 0.249102 0.717500 0.250299 0.712500 0.253293 0.710833 0.255689 0.711667 0.262275 0.715833 0.266467 0.729167 0.272455 0.734167 0.277246 0.735000 0.276647 0.743333 0.279641 0.751667 0.279042 0.755000 0.277844 0.756667 0.276048 0.757500 0.268862 0.759167 0.267665 0.763333 0.267066 0.764167 0.265868 0.771667 0.265269 0.773333 0.263473 0.773333 0.257485 0.768333 0.254491 0.767500 0.251497 0.778333 0.242515 0.778333 0.241317 0.785000 0.237126 0.787500 0.233533 0.793333 0.229341 0.803333 0.219162 0.803333 0.214970
4 0.162500 0.827545 0.155833 0.829341 0.150000 0.832934 0.150000 0.834132 0.141667 0.841317 0.140000 0.844311 0.133333 0.848503 0.133333 0.850299 0.127500 0.854491 0.127500 0.855689 0.120833 0.861677 0.116667 0.864072 0.113333 0.869461 0.110000 0.871856 0.105833 0.872455 0.105833 0.871257 0.102500 0.870659 0.085000 0.870659 0.076667 0.876647 0.071667 0.882635 0.072500 0.887425 0.075000 0.891018 0.088333 0.904192 0.093333 0.907784 0.095000 0.907784 0.096667 0.909581 0.108333 0.914970 0.110000 0.916766 0.115000 0.917365 0.115833 0.918563 0.120000 0.919162 0.121667 0.920359 0.135833 0.921557 0.145000 0.919162 0.150833 0.915569 0.155833 0.907784 0.149167 0.896407 0.146667 0.895210 0.148333 0.891018 0.154167 0.886228 0.159167 0.879042 0.168333 0.873054 0.180000 0.862275 0.180833 0.859880 0.182500 0.859281 0.182500 0.857485 0.185833 0.855090 0.185833 0.853293 0.187500 0.852695 0.189167 0.849701 0.189167 0.844910 0.181667 0.838922 0.179167 0.835329 0.177500 0.835329 0.170000 0.829940
0 0.350000 0.297006 0.340833 0.297006 0.329167 0.300599 0.326667 0.302994 0.325000 0.307784 0.326667 0.312575 0.325833 0.314970 0.327500 0.316766 0.326667 0.322755 0.328333 0.324551 0.328333 0.338323 0.330833 0.342515 0.329167 0.345509 0.330000 0.346707 0.329167 0.350299 0.316667 0.355689 0.315000 0.358084 0.315000 0.362874 0.322500 0.368862 0.325000 0.368862 0.326667 0.371257 0.330000 0.372455 0.329167 0.374251 0.325000 0.376647 0.322500 0.381437 0.324167 0.385030 0.323333 0.391018 0.329167 0.396407 0.335833 0.396407 0.338333 0.397605 0.342500 0.396407 0.355000 0.396407 0.369167 0.391617 0.373333 0.392216 0.378333 0.390419 0.381667 0.385629 0.381667 0.376048 0.379167 0.373054 0.380000 0.371856 0.377500 0.368862 0.376667 0.364671 0.382500 0.361078 0.382500 0.356287 0.378333 0.351497 0.377500 0.352096 0.370833 0.349102 0.367500 0.349102 0.364167 0.344910 0.364167 0.337725 0.362500 0.334731 0.363333 0.331737 0.361667 0.328743 0.362500 0.325749 0.360833 0.323952 0.360833 0.322156 0.362500 0.320958 0.359167 0.313772 0.360000 0.309581 0.358333 0.307784 0.358333 0.303593 0.355000 0.298802
