0 0.490833 0.299401 0.484167 0.296407 0.474167 0.294611 0.468333 0.294611 0.464167 0.291617 0.460000 0.290419 0.456667 0.290419 0.451667 0.292216 0.449167 0.296407 0.445000 0.298802 0.430833 0.295808 0.428333 0.296407 0.410833 0.293413 0.391667 0.291617 0.386667 0.295808 0.385000 0.300000 0.385000 0.304790 0.385833 0.306587 0.390833 0.308982 0.430833 0.316168 0.433333 0.315569 0.442500 0.317365 0.445000 0.319760 0.447500 0.325150 0.451667 0.327545 0.455833 0.328144 0.460833 0.326946 0.461667 0.325749 0.465833 0.325749 0.470000 0.327545 0.472500 0.326946 0.480833 0.328144 0.482500 0.327545 0.485833 0.322755 0.488333 0.315569 0.487500 0.313772 0.490000 0.308383 0.489167 0.306587 0.490833 0.303593
3 0.625833 0.264072 0.605833 0.270060 0.605000 0.279042 0.590833 0.305988 0.585833 0.344910 0.575833 0.369461 0.576667 0.376048 0.556667 0.421557 0.556667 0.437725 0.549167 0.446707 0.548333 0.457485 0.539167 0.476048 0.528333 0.488024 0.504167 0.491018 0.485833 0.497605 0.480000 0.510180 0.482500 0.522156 0.500833 0.540719 0.532500 0.549102 0.554167 0.559281 0.597500 0.567066 0.622500 0.567665 0.635000 0.565269 0.650000 0.557485 0.657500 0.543713 0.650833 0.525748 0.641667 0.519162 0.629167 0.515569 0.617500 0.506587 0.630000 0.474252 0.638333 0.435928 0.645833 0.425748 0.645833 0.416168 0.654167 0.399401 0.660833 0.365269 0.684167 0.307186 0.684167 0.288024 0.680000 0.277844 0.670000 0.272455
0 0.553333 0.418563 0.535833 0.421557 0.431667 0.502395 0.425833 0.504790 0.400833 0.497006 0.390000 0.498204 0.385833 0.504192 0.388333 0.511377 0.385000 0.516168 0.375833 0.520958 0.365833 0.522754 0.358333 0.527545 0.348333 0.538922 0.350000 0.546108 0.367500 0.559880 0.410833 0.583832 0.424167 0.588024 0.430833 0.588024 0.438333 0.585629 0.468333 0.564671 0.476667 0.561078 0.486667 0.559880 0.490000 0.557485 0.491667 0.550898 0.484167 0.544910 0.480833 0.537126 0.483333 0.529940 0.515833 0.508982 0.519167 0.503593 0.538333 0.491617 0.549167 0.481437 0.575000 0.468862 0.581667 0.460479 0.585000 0.449701 0.583333 0.440719 0.580000 0.436527
4 0.326667 0.461677 0.317500 0.460479 0.312500 0.462275 0.301667 0.471856 0.300000 0.476048 0.302500 0.479641 0.313333 0.488024 0.313333 0.492814 0.303333 0.500000 0.302500 0.502395 0.292500 0.509581 0.289167 0.513772 0.265000 0.531737 0.260833 0.535928 0.259167 0.540120 0.254167 0.543114 0.250833 0.550299 0.252500 0.554491 0.271667 0.566467 0.275833 0.567066 0.275833 0.568263 0.285000 0.571257 0.291667 0.570659 0.293333 0.568263 0.302500 0.562874 0.305000 0.559281 0.318333 0.549102 0.320833 0.544910 0.355000 0.517365 0.360000 0.516766 0.372500 0.521557 0.380000 0.523353 0.384167 0.522754 0.395000 0.513174 0.395833 0.513772 0.399167 0.508383 0.394167 0.502395 0.395000 0.501198 0.392500 0.497605 0.373333 0.483234 0.367500 0.480838 0.361667 0.476048 0.353333 0.473054 0.350833 0.471257 0.351667 0.470659 0.347500 0.470060 0.340833 0.465868
3 0.470833 0.280240 0.455833 0.283832 0.441667 0.308383 0.378333 0.476048 0.370833 0.481437 0.331667 0.479641 0.322500 0.501796 0.328333 0.510180 0.345000 0.516168 0.431667 0.534731 0.459167 0.537126 0.473333 0.535329 0.479167 0.530539 0.483333 0.520958 0.483333 0.510778 0.475833 0.505988 0.455000 0.500000 0.451667 0.491018 0.467500 0.452695 0.470000 0.437126 0.489167 0.400000 0.509167 0.350898 0.520000 0.297605 0.518333 0.290419 0.510000 0.285629
0 0.378333 0.304790 0.375000 0.302994 0.370833 0.302994 0.345833 0.312575 0.345000 0.313772 0.333333 0.317964 0.327500 0.321557 0.321667 0.320359 0.318333 0.318563 0.308333 0.320958 0.306667 0.323353 0.307500 0.323952 0.305000 0.326347 0.299167 0.327545 0.292500 0.331737 0.293333 0.335928 0.304167 0.349701 0.309167 0.353293 0.314167 0.353892 0.328333 0.347904 0.338333 0.347305 0.342500 0.342515 0.340833 0.338323 0.342500 0.334731 0.373333 0.320958 0.382500 0.315569 0.383333 0.310778
4 0.550833 0.474850 0.523333 0.498204 0.502500 0.522754 0.495833 0.535329 0.497500 0.565868 0.515000 0.594611 0.554167 0.611976 0.569167 0.610778 0.586667 0.604790 0.604167 0.603593 0.616667 0.598802 0.631667 0.598204 0.726667 0.648503 0.759167 0.662275 0.782500 0.668862 0.796667 0.668862 0.841667 0.641317 0.850000 0.629341 0.851667 0.619760 0.849167 0.610778 0.840833 0.601198 0.818333 0.586826 0.747500 0.553293 0.710000 0.529341 0.709167 0.517964 0.695000 0.500599 0.691667 0.489222 0.681667 0.474850 0.667500 0.462874 0.645000 0.453293 0.620000 0.450299 0.603333 0.452096 0.587500 0.457485
0 0.727500 0.435329 0.715000 0.414970 0.707500 0.408982 0.700000 0.405988 0.680833 0.405389 0.650833 0.414371 0.642500 0.412575 0.637500 0.407784 0.627500 0.405988 0.614167 0.408982 0.605000 0.415569 0.599167 0.424551 0.589167 0.431737 0.579167 0.431737 0.562500 0.435329 0.550833 0.435329 0.539167 0.437725 0.514167 0.438323 0.492500 0.441317 0.475833 0.447904 0.470833 0.456886 0.470833 0.469461 0.479167 0.480240 0.492500 0.484431 0.598333 0.476048 0.602500 0.477246 0.609167 0.484431 0.622500 0.492814 0.631667 0.495210 0.643333 0.491617 0.656667 0.479641 0.670833 0.472455 0.677500 0.473653 0.686667 0.478443 0.697500 0.478443 0.700833 0.480240 0.714167 0.476647 0.724167 0.468263 0.729167 0.456886
1 0.090833 0.322755 0.085000 0.343713 0.089167 0.353892 0.142500 0.375449 0.829167 0.520359 0.836667 0.528742 0.836667 0.561078 0.857500 0.569461 0.885000 0.573054 0.910833 0.555689 0.939167 0.507186 0.957500 0.449701 0.941667 0.429341 0.920000 0.423952 0.896667 0.423353 0.878333 0.445509 0.859167 0.447305 0.732500 0.426347 0.339167 0.337725 0.150833 0.300599 0.111667 0.301796
1 0.054167 0.612575 0.053333 0.685629 0.058333 0.694611 0.073333 0.700000 0.102500 0.697605 0.114167 0.674251 0.128333 0.669461 0.309167 0.678443 0.359167 0.686826 0.390000 0.685030 0.735833 0.703593 0.760833 0.699401 0.777500 0.674251 0.773333 0.653892 0.736667 0.643114 0.138333 0.611976 0.121667 0.602994 0.109167 0.580240 0.083333 0.574251 0.065000 0.584431
0 0.428333 0.162874 0.405833 0.168263 0.391667 0.188024 0.389167 0.220359 0.378333 0.251497 0.378333 0.268862 0.364167 0.317365 0.364167 0.334132 0.352500 0.365269 0.345000 0.370659 0.323333 0.368862 0.301667 0.371856 0.318333 0.411976 0.293333 0.433533 0.289167 0.447305 0.294167 0.465868 0.308333 0.477246 0.356667 0.486826 0.411667 0.485030 0.440833 0.487425 0.466667 0.481437 0.480000 0.468862 0.485000 0.450299 0.481667 0.428743 0.503333 0.409581 0.501667 0.400000 0.486667 0.382635 0.470833 0.376048 0.470000 0.366467 0.480833 0.352695 0.479167 0.339521 0.496667 0.320958 0.502500 0.305389 0.509167 0.247305 0.515000 0.234132 0.512500 0.198802 0.505000 0.187425 0.487500 0.176048
3 0.884167 0.541916 0.858333 0.534132 0.817500 0.542515 0.435000 0.681437 0.414167 0.680838 0.373333 0.646707 0.330833 0.658683 0.318333 0.675449 0.334167 0.720359 0.401667 0.802994 0.441667 0.832934 0.453333 0.834731 0.482500 0.825749 0.500833 0.809581 0.497500 0.767066 0.525833 0.760479 0.540833 0.750898 0.562500 0.749102 0.591667 0.735329 0.614167 0.735329 0.623333 0.726347 0.657500 0.719162 0.696667 0.704192 0.728333 0.686228 0.831667 0.655090 0.865000 0.640120 0.886667 0.623952 0.913333 0.592814 0.898333 0.557485
2 0.495833 0.375449 0.485833 0.378443 0.479167 0.385629 0.473333 0.398802 0.474167 0.419760 0.483333 0.429341 0.515833 0.434731 0.524167 0.446108 0.518333 0.482036 0.518333 0.505389 0.507500 0.559880 0.508333 0.588024 0.518333 0.596407 0.531667 0.599401 0.555833 0.600000 0.567500 0.602994 0.611667 0.602994 0.622500 0.595808 0.630000 0.573054 0.628333 0.562874 0.635000 0.544311 0.640000 0.473054 0.644167 0.455689 0.653333 0.444910 0.681667 0.448503 0.690833 0.442515 0.700000 0.426946 0.698333 0.403593 0.691667 0.398204 0.676667 0.394611 0.640833 0.391018 0.617500 0.392216 0.570833 0.381437
0 0.510833 0.389222 0.504167 0.405389 0.495833 0.471856 0.496667 0.507186 0.508333 0.524551 0.522500 0.528144 0.548333 0.549701 0.580833 0.549701 0.594167 0.544311 0.614167 0.542515 0.643333 0.534132 0.670000 0.518563 0.691667 0.525150 0.718333 0.525748 0.828333 0.543114 0.873333 0.546707 0.904167 0.543114 0.924167 0.531737 0.933333 0.479641 0.927500 0.468263 0.910000 0.456287 0.878333 0.453892 0.853333 0.447904 0.822500 0.447305 0.680000 0.433533 0.670000 0.427545 0.665833 0.403593 0.656667 0.392814 0.627500 0.391018 0.596667 0.402395 0.584167 0.395808 0.573333 0.384431 0.542500 0.378443 0.525000 0.380240
4 0.604167 0.367665 0.577500 0.393413 0.536667 0.458683 0.527500 0.480240 0.526667 0.507784 0.530833 0.516766 0.565833 0.530539 0.580000 0.531737 0.631667 0.500000 0.810833 0.557485 0.832500 0.559880 0.840833 0.556886 0.857500 0.541916 0.872500 0.522156 0.882500 0.500000 0.879167 0.486826 0.864167 0.477246 0.820833 0.459880 0.675000 0.414970 0.675833 0.395210 0.681667 0.379042 0.664167 0.368862 0.628333 0.358084
