3 0.746667 0.217365 0.708333 0.193413 0.696667 0.194611 0.673333 0.204192 0.669167 0.214371 0.675000 0.235928 0.665833 0.246108 0.632500 0.256287 0.402500 0.341916 0.385833 0.357485 0.385833 0.367665 0.393333 0.374251 0.400000 0.388024 0.412500 0.397605 0.440000 0.397605 0.455833 0.394611 0.563333 0.357485 0.645833 0.323952 0.701667 0.307186 0.712500 0.300000 0.721667 0.303593 0.741667 0.319760 0.751667 0.322755 0.781667 0.312575 0.787500 0.301796 0.785000 0.279641 0.772500 0.252695
0 0.155833 0.229341 0.141667 0.265868 0.147500 0.276048 0.155000 0.281437 0.369167 0.323952 0.379167 0.331138 0.386667 0.360479 0.391667 0.365868 0.404167 0.365868 0.420833 0.358084 0.437500 0.361677 0.454167 0.371856 0.480833 0.376647 0.495833 0.375449 0.507500 0.367665 0.520833 0.324551 0.530000 0.271856 0.520000 0.257485 0.480833 0.251497 0.462500 0.239521 0.450833 0.239521 0.434167 0.232934 0.420000 0.235928 0.399167 0.255090 0.373333 0.256287 0.364167 0.250299 0.330000 0.241317 0.313333 0.241317 0.299167 0.235928 0.255833 0.229341 0.210000 0.212575 0.168333 0.219162
1 0.118333 0.467066 0.115833 0.500599 0.135000 0.511976 0.848333 0.591018 0.855833 0.596407 0.863333 0.622755 0.891667 0.633533 0.917500 0.634132 0.936667 0.620958 0.967500 0.555689 0.969167 0.523952 0.962500 0.502994 0.954167 0.492814 0.936667 0.488623 0.901667 0.488024 0.886667 0.510180 0.862500 0.514970 0.410833 0.470659 0.390833 0.464671 0.360833 0.465269 0.223333 0.447904 0.145833 0.444311 0.125000 0.452695
4 0.647500 0.383832 0.633333 0.374251 0.614167 0.376048 0.592500 0.381437 0.590000 0.386228 0.594167 0.410180 0.585000 0.417365 0.572500 0.422156 0.535833 0.425748 0.410833 0.446707 0.401667 0.452096 0.401667 0.457485 0.407500 0.474252 0.408333 0.494611 0.414167 0.506587 0.426667 0.509581 0.448333 0.508982 0.489167 0.502395 0.511667 0.496407 0.575833 0.488623 0.596667 0.483832 0.607500 0.485030 0.612500 0.488024 0.609167 0.498204 0.625833 0.511976 0.639167 0.513174 0.670833 0.508383 0.676667 0.501796 0.678333 0.495210 0.676667 0.467066 0.657500 0.400599
3 0.708333 0.152096 0.649167 0.160479 0.581667 0.180240 0.549167 0.199401 0.545833 0.211377 0.551667 0.228144 0.562500 0.240120 0.613333 0.250898 0.620833 0.258084 0.660000 0.389222 0.701667 0.504790 0.724167 0.532335 0.749167 0.535329 0.773333 0.531138 0.798333 0.519760 0.809167 0.508982 0.812500 0.490419 0.799167 0.441916 0.779167 0.395210 0.741667 0.264072 0.727500 0.234132 0.735833 0.222754 0.773333 0.204192 0.776667 0.194611 0.774167 0.179042 0.765833 0.166467
3 0.519167 0.381437 0.508333 0.379641 0.485833 0.386826 0.346667 0.491018 0.284167 0.533533 0.274167 0.535329 0.265000 0.529341 0.238333 0.522754 0.214167 0.537126 0.209167 0.546707 0.223333 0.565269 0.250833 0.586228 0.307500 0.620958 0.335833 0.629341 0.361667 0.613174 0.365000 0.608982 0.363333 0.603593 0.343333 0.583832 0.345833 0.574850 0.396667 0.541317 0.446667 0.502395 0.528333 0.444910 0.547500 0.428144 0.552500 0.420359 0.553333 0.411377 0.537500 0.394611
1 0.070833 0.504192 0.067500 0.521557 0.110833 0.550299 0.187500 0.576647 0.814167 0.831737 0.803333 0.867066 0.835833 0.885030 0.860833 0.884431 0.883333 0.869461 0.954167 0.782635 0.962500 0.765868 0.961667 0.743713 0.927500 0.725748 0.905000 0.725748 0.875833 0.749102 0.863333 0.749102 0.155833 0.470659 0.135833 0.467665 0.103333 0.472455
1 0.905833 0.316168 0.870833 0.303593 0.815833 0.334731 0.704167 0.446707 0.683333 0.452096 0.642500 0.504192 0.607500 0.523952 0.565833 0.579641 0.547500 0.574850 0.510833 0.623353 0.495833 0.629341 0.317500 0.799401 0.299167 0.808383 0.252500 0.793413 0.225000 0.811976 0.220833 0.832335 0.239167 0.848503 0.359167 0.910180 0.405833 0.917964 0.425833 0.906587 0.440000 0.879641 0.420833 0.856287 0.420833 0.842515 0.465833 0.808383 0.571667 0.696407 0.615833 0.661078 0.620000 0.648503 0.639167 0.638323 0.650000 0.621557 0.756667 0.529940 0.807500 0.473653 0.930000 0.377844 0.939167 0.339521
4 0.527500 0.338323 0.510833 0.331737 0.495000 0.331138 0.475000 0.336527 0.452500 0.348503 0.448333 0.362275 0.456667 0.385030 0.453333 0.389820 0.433333 0.396407 0.410833 0.408982 0.332500 0.444311 0.316667 0.456287 0.310833 0.467665 0.316667 0.491018 0.336667 0.510180 0.346667 0.514970 0.354167 0.515569 0.378333 0.508982 0.391667 0.508982 0.404167 0.505988 0.448333 0.482036 0.476667 0.472455 0.501667 0.460479 0.515833 0.459281 0.528333 0.466467 0.560000 0.470060 0.571667 0.468263 0.602500 0.454491 0.606667 0.448503 0.604167 0.423353 0.589167 0.395210 0.560833 0.362275
3 0.061667 0.612575 0.055000 0.632934 0.057500 0.646108 0.065833 0.662874 0.084167 0.674251 0.142500 0.688024 0.223333 0.700599 0.385000 0.736527 0.430000 0.743114 0.438333 0.758683 0.443333 0.785030 0.475833 0.796407 0.495833 0.795210 0.523333 0.780240 0.540833 0.765868 0.557500 0.726946 0.561667 0.680239 0.553333 0.650299 0.540000 0.640719 0.500000 0.636527 0.476667 0.646707 0.458333 0.660479 0.441667 0.662874 0.283333 0.630539 0.120000 0.602395 0.080833 0.602395
4 0.610833 0.164072 0.592500 0.165269 0.574167 0.173653 0.467500 0.283234 0.456667 0.285629 0.443333 0.283234 0.432500 0.286228 0.403333 0.286228 0.393333 0.291617 0.366667 0.318563 0.371667 0.330539 0.385000 0.347305 0.409167 0.367665 0.466667 0.398204 0.519167 0.414970 0.550000 0.417365 0.566667 0.414371 0.581667 0.405389 0.596667 0.389222 0.602500 0.376647 0.579167 0.353892 0.571667 0.341317 0.573333 0.337126 0.593333 0.316168 0.595000 0.309581 0.670833 0.234731 0.678333 0.223353 0.679167 0.211377 0.661667 0.185030 0.642500 0.173653
3 0.349167 0.396407 0.329167 0.408383 0.320833 0.439521 0.322500 0.490419 0.333333 0.539521 0.330833 0.636527 0.335833 0.661078 0.330000 0.668263 0.302500 0.673653 0.289167 0.691018 0.291667 0.710778 0.305000 0.720958 0.346667 0.729341 0.424167 0.725150 0.441667 0.726946 0.471667 0.722156 0.495000 0.710778 0.500000 0.685030 0.492500 0.672455 0.447500 0.664072 0.440000 0.655689 0.441667 0.637725 0.431667 0.585030 0.436667 0.526946 0.425833 0.417964 0.416667 0.404192 0.401667 0.397605 0.386667 0.395210
3 0.465000 0.235329 0.455833 0.266467 0.455833 0.300599 0.465833 0.329341 0.473333 0.333533 0.496667 0.336527 0.508333 0.334731 0.523333 0.327545 0.536667 0.313772 0.545000 0.310778 0.784167 0.344311 0.820833 0.345509 0.835833 0.341916 0.845000 0.331737 0.848333 0.313772 0.845833 0.303593 0.834167 0.291617 0.820833 0.286826 0.755833 0.276647 0.699167 0.271257 0.584167 0.252695 0.551667 0.251497 0.542500 0.238922 0.534167 0.218563 0.524167 0.213174 0.501667 0.211377 0.489167 0.221557 0.468333 0.230539
3 0.572500 0.167665 0.561667 0.176048 0.555833 0.191617 0.550833 0.282036 0.550000 0.374850 0.543333 0.382036 0.533333 0.380838 0.513333 0.385629 0.507500 0.389222 0.505833 0.411976 0.510833 0.417964 0.534167 0.423952 0.591667 0.425150 0.635833 0.422754 0.667500 0.414371 0.670000 0.405389 0.666667 0.387425 0.658333 0.384431 0.634167 0.382635 0.626667 0.377246 0.630000 0.337725 0.632500 0.186228 0.622500 0.171257 0.597500 0.167665
3 0.643333 0.217964 0.615833 0.197006 0.610000 0.183832 0.584167 0.159880 0.542500 0.148503 0.519167 0.156287 0.501667 0.168263 0.502500 0.192814 0.491667 0.205389 0.452500 0.219162 0.424167 0.240120 0.288333 0.277844 0.240833 0.295210 0.209167 0.300599 0.186667 0.312575 0.088333 0.340120 0.056667 0.357485 0.048333 0.373653 0.050000 0.386826 0.087500 0.420958 0.124167 0.422156 0.201667 0.400599 0.232500 0.387425 0.265000 0.383234 0.304167 0.370659 0.315833 0.373054 0.320000 0.363473 0.393333 0.347904 0.429167 0.331138 0.452500 0.328743 0.480000 0.333533 0.491667 0.330539 0.512500 0.308982 0.545833 0.301796 0.567500 0.304192 0.595833 0.334731 0.615833 0.338323 0.661667 0.323353 0.675833 0.300599 0.665000 0.260479
