3 0.781667 0.274251 0.759167 0.264671 0.744167 0.253293 0.711667 0.253293 0.619167 0.300599 0.554167 0.344311 0.402500 0.435329 0.379167 0.434731 0.341667 0.419162 0.322500 0.422156 0.291667 0.443713 0.292500 0.466467 0.305833 0.485030 0.342500 0.518563 0.390833 0.552096 0.429167 0.566467 0.454167 0.564072 0.477500 0.550299 0.484167 0.538323 0.472500 0.511377 0.479167 0.492814 0.755833 0.323353 0.788333 0.295210 0.790000 0.287425
2 0.220000 0.439521 0.190833 0.467665 0.175833 0.492814 0.176667 0.496407 0.167500 0.514970 0.161667 0.556287 0.164167 0.563473 0.176667 0.574251 0.207500 0.584431 0.232500 0.581437 0.246667 0.575449 0.258333 0.566467 0.265000 0.566467 0.320000 0.581437 0.329167 0.586228 0.346667 0.588623 0.366667 0.596407 0.385000 0.600000 0.409167 0.611377 0.435833 0.616766 0.442500 0.614970 0.464167 0.597006 0.475833 0.575449 0.480833 0.552695 0.474167 0.543713 0.452500 0.535329 0.441667 0.534132 0.380000 0.515569 0.347500 0.501198 0.320000 0.495210 0.305833 0.489222 0.302500 0.482635 0.302500 0.460479 0.297500 0.452695 0.283333 0.441916 0.253333 0.433533 0.230833 0.434132
3 0.360833 0.288623 0.361667 0.317964 0.370833 0.349701 0.380833 0.365868 0.395833 0.379641 0.412500 0.386228 0.442500 0.380838 0.449167 0.373653 0.457500 0.354491 0.473333 0.346108 0.575000 0.338323 0.594167 0.334132 0.618333 0.334132 0.743333 0.323353 0.779167 0.313174 0.785000 0.304790 0.778333 0.295210 0.783333 0.285629 0.777500 0.270659 0.762500 0.262874 0.744167 0.259880 0.671667 0.261677 0.450833 0.280240 0.445000 0.278443 0.439167 0.270659 0.417500 0.255689 0.387500 0.252096 0.379167 0.256287 0.368333 0.267665
3 0.432500 0.331737 0.399167 0.368263 0.370000 0.421557 0.362500 0.466467 0.372500 0.476647 0.397500 0.487425 0.419167 0.491018 0.453333 0.484431 0.479167 0.470659 0.491667 0.471257 0.810833 0.613772 0.871667 0.629341 0.885000 0.628743 0.903333 0.618563 0.921667 0.594012 0.925833 0.575449 0.921667 0.561078 0.902500 0.544311 0.816667 0.504192 0.765000 0.485629 0.589167 0.402395 0.544167 0.388024 0.540833 0.356886 0.545000 0.335329 0.535000 0.323353 0.500833 0.311976 0.480000 0.320958 0.443333 0.325150
4 0.310833 0.211377 0.296667 0.213772 0.282500 0.224551 0.276667 0.234731 0.279167 0.242515 0.275000 0.259880 0.264167 0.283234 0.261667 0.310180 0.251667 0.330539 0.244167 0.359281 0.238333 0.363473 0.210000 0.362874 0.184167 0.370060 0.165833 0.397605 0.163333 0.413772 0.192500 0.431138 0.240000 0.443713 0.301667 0.453293 0.350000 0.456287 0.374167 0.453293 0.391667 0.447904 0.400000 0.440719 0.412500 0.408982 0.410833 0.401198 0.352500 0.381437 0.366667 0.368862 0.379167 0.322755 0.405833 0.249701 0.406667 0.232934 0.399167 0.224551 0.383333 0.223353 0.370833 0.217964 0.351667 0.213772
3 0.327500 0.215569 0.244167 0.228144 0.172500 0.247904 0.132500 0.266467 0.125833 0.277246 0.140000 0.310180 0.165833 0.322156 0.184167 0.346108 0.196667 0.379641 0.259167 0.498204 0.290833 0.584431 0.318333 0.611976 0.340000 0.625749 0.354167 0.627545 0.380833 0.624551 0.415833 0.609581 0.424167 0.601198 0.426667 0.586228 0.392500 0.486826 0.313333 0.298204 0.323333 0.281437 0.352500 0.271257 0.370000 0.260479 0.356667 0.224551
0 0.494167 0.477844 0.481667 0.478443 0.470833 0.483832 0.462500 0.498204 0.460000 0.523353 0.447500 0.538323 0.429167 0.543713 0.419167 0.550898 0.418333 0.559880 0.445833 0.585030 0.445833 0.593413 0.437500 0.602395 0.425833 0.632335 0.407500 0.661677 0.403333 0.677844 0.386667 0.696407 0.377500 0.718563 0.378333 0.729940 0.385833 0.737126 0.435833 0.752096 0.472500 0.729341 0.492500 0.690419 0.500000 0.683234 0.507500 0.681437 0.502500 0.674850 0.503333 0.670060 0.516667 0.661677 0.520000 0.656287 0.533333 0.652096 0.530833 0.646707 0.533333 0.614970 0.540833 0.610180 0.559167 0.613174 0.580000 0.611976 0.587500 0.604790 0.584167 0.564671 0.606667 0.546707 0.619167 0.526347 0.617500 0.516168 0.607500 0.511377 0.576667 0.504192 0.550000 0.492216 0.520833 0.488623
3 0.272500 0.610778 0.265833 0.669461 0.275000 0.708383 0.289167 0.738922 0.298333 0.746108 0.313333 0.749701 0.349167 0.744910 0.378333 0.731737 0.416667 0.726946 0.488333 0.725748 0.514167 0.721557 0.530000 0.723952 0.545833 0.719760 0.722500 0.720958 0.770000 0.710778 0.786667 0.698204 0.780833 0.652695 0.763333 0.640120 0.738333 0.636527 0.694167 0.637725 0.638333 0.634132 0.374167 0.631737 0.360833 0.625749 0.349167 0.592216 0.326667 0.586228 0.300000 0.587425 0.279167 0.596407
1 0.818333 0.451497 0.808333 0.452096 0.794167 0.458683 0.721667 0.513772 0.715000 0.516168 0.698333 0.529341 0.686667 0.534132 0.682500 0.541317 0.665000 0.550299 0.656667 0.559880 0.625000 0.581437 0.590833 0.600000 0.584167 0.601198 0.574167 0.598204 0.564167 0.604790 0.562500 0.609581 0.566667 0.616168 0.610000 0.647305 0.618333 0.649701 0.632500 0.641916 0.634167 0.637725 0.625000 0.626946 0.626667 0.622755 0.650000 0.607784 0.699167 0.568263 0.710833 0.561677 0.715000 0.556287 0.733333 0.545509 0.766667 0.517964 0.799167 0.496407 0.831667 0.468862 0.831667 0.462275
1 0.069167 0.491617 0.058333 0.523353 0.088333 0.541317 0.700833 0.729341 0.705000 0.737725 0.695833 0.764671 0.699167 0.769461 0.736667 0.779641 0.763333 0.760479 0.810833 0.673054 0.808333 0.654491 0.793333 0.645509 0.770000 0.641916 0.749167 0.659880 0.731667 0.658683 0.610000 0.616766 0.584167 0.613174 0.158333 0.482635 0.094167 0.476647 0.078333 0.482036
4 0.587500 0.262275 0.558333 0.273653 0.528333 0.295210 0.509167 0.313174 0.467500 0.361078 0.461667 0.377844 0.461667 0.391018 0.469167 0.400000 0.498333 0.416168 0.505833 0.417964 0.522500 0.411377 0.540000 0.398204 0.548333 0.396407 0.555833 0.402395 0.567500 0.404790 0.585833 0.417964 0.615833 0.431138 0.693333 0.475449 0.712500 0.481437 0.723333 0.480240 0.750833 0.458683 0.767500 0.439521 0.775000 0.425748 0.774167 0.418563 0.765833 0.410180 0.748333 0.402395 0.710833 0.377246 0.667500 0.359880 0.621667 0.331138 0.620833 0.322156 0.631667 0.304192 0.632500 0.292814 0.621667 0.278443 0.598333 0.265269
3 0.575833 0.450898 0.561667 0.449102 0.545833 0.453293 0.495833 0.478443 0.398333 0.539521 0.331667 0.574251 0.230833 0.635928 0.217500 0.636527 0.190833 0.617964 0.173333 0.610778 0.159167 0.615569 0.132500 0.632934 0.131667 0.644910 0.145000 0.663473 0.227500 0.739521 0.271667 0.765269 0.282500 0.765868 0.307500 0.755090 0.320000 0.744311 0.316667 0.731737 0.298333 0.710778 0.308333 0.696407 0.370000 0.662275 0.398333 0.641317 0.460000 0.611377 0.548333 0.560479 0.621667 0.504790 0.626667 0.496407 0.624167 0.486228
2 0.555000 0.307784 0.535833 0.305389 0.512500 0.310180 0.398333 0.371856 0.390833 0.371856 0.367500 0.364671 0.352500 0.363473 0.327500 0.370060 0.300833 0.388024 0.295833 0.399401 0.294167 0.414970 0.298333 0.431138 0.305833 0.444910 0.331667 0.467066 0.384167 0.498802 0.404167 0.504192 0.417500 0.504790 0.437500 0.500599 0.457500 0.491617 0.473333 0.478443 0.480833 0.465868 0.480833 0.440120 0.485000 0.432934 0.524167 0.413174 0.596667 0.367665 0.598333 0.347904 0.584167 0.326946
0 0.587500 0.606587 0.575000 0.593413 0.512500 0.545509 0.480000 0.525150 0.460833 0.520359 0.439167 0.525748 0.420833 0.523353 0.402500 0.525150 0.381667 0.541317 0.379167 0.551497 0.368333 0.561677 0.356667 0.584431 0.355833 0.607784 0.334167 0.616168 0.316667 0.628743 0.204167 0.689820 0.180000 0.711377 0.175000 0.724551 0.176667 0.732335 0.223333 0.771257 0.235833 0.775449 0.261667 0.774252 0.312500 0.746707 0.435000 0.668862 0.446667 0.667665 0.475833 0.681437 0.492500 0.682635 0.511667 0.669461 0.522500 0.645509 0.533333 0.643114 0.543333 0.646108 0.558333 0.644311 0.583333 0.630539 0.590000 0.622755
0 0.291667 0.500000 0.290000 0.501198 0.285833 0.501796 0.283333 0.504790 0.286667 0.526347 0.288333 0.528144 0.293333 0.550299 0.282500 0.555689 0.280833 0.561078 0.288333 0.567665 0.291667 0.582635 0.296667 0.583832 0.307500 0.583832 0.315000 0.582036 0.327500 0.581437 0.328333 0.580240 0.333333 0.580240 0.337500 0.578443 0.338333 0.576048 0.336667 0.565269 0.332500 0.559281 0.337500 0.554491 0.337500 0.550898 0.333333 0.547305 0.332500 0.547904 0.325833 0.545509 0.324167 0.546108 0.321667 0.544311 0.320000 0.534132 0.318333 0.533533 0.317500 0.524551 0.315000 0.519760 0.314167 0.511377 0.312500 0.510180 0.312500 0.506587 0.310833 0.505389 0.310000 0.502395 0.305833 0.500000
