0 0.419167 0.219162 0.391667 0.231138 0.378333 0.241317 0.370833 0.250898 0.376667 0.265868 0.502500 0.390419 0.506667 0.403593 0.487500 0.416766 0.480833 0.431138 0.490833 0.438922 0.508333 0.437725 0.517500 0.440719 0.537500 0.472455 0.556667 0.488024 0.577500 0.488024 0.598333 0.480240 0.634167 0.456886 0.656667 0.449102 0.683333 0.432934 0.683333 0.417365 0.649167 0.391018 0.641667 0.379042 0.639167 0.358084 0.626667 0.355689 0.605833 0.356886 0.591667 0.344910 0.587500 0.334132 0.576667 0.327545 0.573333 0.320958 0.558333 0.318563 0.545833 0.296407 0.530833 0.294611 0.525833 0.285030 0.504167 0.270659 0.496667 0.259281 0.473333 0.245509 0.445000 0.222156 0.430833 0.217964
1 0.245000 0.528742 0.140000 0.518563 0.125000 0.522156 0.115833 0.533533 0.115833 0.546707 0.139167 0.555090 0.141667 0.565269 0.126667 0.625150 0.118333 0.641317 0.119167 0.657485 0.114167 0.663473 0.055000 0.920359 0.060833 0.959281 0.068333 0.965868 0.082500 0.970060 0.118333 0.969461 0.132500 0.948503 0.224167 0.570060 0.232500 0.565868 0.261667 0.566467 0.268333 0.563473 0.272500 0.540719
4 0.487500 0.420958 0.445000 0.434731 0.356667 0.494611 0.287500 0.559880 0.274167 0.586228 0.271667 0.608383 0.280833 0.622755 0.325000 0.652096 0.337500 0.655090 0.374167 0.640719 0.392500 0.627545 0.405833 0.625150 0.415833 0.635329 0.435833 0.641317 0.461667 0.664072 0.512500 0.692216 0.622500 0.767665 0.649167 0.777246 0.663333 0.776048 0.715833 0.741317 0.752500 0.704790 0.756667 0.684431 0.745000 0.669461 0.721667 0.656886 0.665000 0.611976 0.600833 0.580240 0.535833 0.530539 0.536667 0.514371 0.557500 0.488024 0.558333 0.468263 0.545833 0.447305 0.505000 0.421557
0 0.256667 0.058683 0.216667 0.063473 0.202500 0.067665 0.183333 0.068862 0.171667 0.073054 0.165833 0.083234 0.168333 0.092814 0.180000 0.107784 0.175000 0.128743 0.191667 0.138323 0.198333 0.146707 0.209167 0.154491 0.208333 0.174850 0.213333 0.180240 0.213333 0.186826 0.220000 0.200599 0.220000 0.208982 0.230833 0.231138 0.237500 0.238922 0.242500 0.254491 0.251667 0.259281 0.260000 0.259880 0.285833 0.256287 0.296667 0.247305 0.297500 0.238922 0.292500 0.223952 0.293333 0.217964 0.286667 0.204192 0.288333 0.192216 0.282500 0.183234 0.282500 0.171257 0.276667 0.159880 0.277500 0.149102 0.274167 0.135329 0.276667 0.128743 0.295833 0.120359 0.299167 0.116168 0.299167 0.110180 0.283333 0.096407 0.285000 0.076048 0.280000 0.064072 0.269167 0.059281
4 0.180000 0.460479 0.145000 0.491018 0.140833 0.498204 0.142500 0.511976 0.162500 0.531138 0.306667 0.619162 0.295000 0.663473 0.305833 0.677844 0.341667 0.697605 0.370833 0.695808 0.425000 0.674850 0.466667 0.647904 0.495000 0.612575 0.503333 0.574251 0.501667 0.562275 0.480000 0.542515 0.464167 0.534132 0.451667 0.533533 0.415833 0.547305 0.389167 0.545509 0.246667 0.461078 0.215000 0.448503 0.205833 0.449701
2 0.500000 0.198802 0.449167 0.222754 0.409167 0.251497 0.380833 0.280240 0.345000 0.331138 0.343333 0.341317 0.352500 0.361078 0.384167 0.384431 0.403333 0.389222 0.423333 0.390419 0.445000 0.387425 0.464167 0.380240 0.473333 0.382036 0.610000 0.470659 0.632500 0.493413 0.665000 0.510778 0.678333 0.510778 0.717500 0.495210 0.749167 0.469461 0.770833 0.442515 0.768333 0.429341 0.745000 0.408982 0.710000 0.389222 0.661667 0.355090 0.631667 0.326946 0.582500 0.294012 0.584167 0.283234 0.599167 0.256886 0.597500 0.241916 0.588333 0.225150 0.570000 0.210778 0.548333 0.200000 0.525000 0.194611
3 0.586667 0.339521 0.575833 0.350299 0.575833 0.364072 0.581667 0.380240 0.616667 0.444910 0.629167 0.461677 0.665833 0.534731 0.675833 0.576048 0.671667 0.582036 0.652500 0.588623 0.647500 0.595210 0.659167 0.616168 0.670833 0.620958 0.694167 0.622755 0.744167 0.614371 0.803333 0.598802 0.820000 0.591018 0.830833 0.581437 0.829167 0.570060 0.820833 0.556886 0.810833 0.550299 0.783333 0.555689 0.761667 0.553293 0.735000 0.498204 0.652500 0.350299 0.631667 0.338323 0.609167 0.340719
3 0.237500 0.442515 0.218333 0.443114 0.203333 0.447904 0.195833 0.458084 0.194167 0.477246 0.200000 0.483234 0.224167 0.493413 0.230000 0.502994 0.219167 0.525150 0.215833 0.550299 0.209167 0.568862 0.203333 0.573653 0.203333 0.584431 0.191667 0.614371 0.188333 0.635329 0.173333 0.666467 0.164167 0.701796 0.164167 0.710180 0.170833 0.718563 0.219167 0.730539 0.240833 0.723952 0.243333 0.712575 0.259167 0.685629 0.260000 0.653293 0.270000 0.629341 0.270000 0.620958 0.281667 0.600000 0.283333 0.576647 0.295833 0.553892 0.300000 0.534132 0.317500 0.517365 0.355833 0.511377 0.365833 0.498802 0.361667 0.485629 0.345833 0.469461 0.310833 0.459880 0.290833 0.450898
0 0.445000 0.611377 0.432500 0.622755 0.423333 0.635329 0.425833 0.641317 0.440833 0.656287 0.450833 0.662874 0.479167 0.673653 0.485000 0.679042 0.485833 0.683832 0.495833 0.680838 0.508333 0.691617 0.510833 0.697006 0.521667 0.697006 0.539167 0.701198 0.545833 0.705988 0.543333 0.712575 0.543333 0.725150 0.555833 0.731737 0.575000 0.729940 0.580833 0.732335 0.590833 0.732934 0.599167 0.743713 0.615000 0.752096 0.625000 0.755090 0.635833 0.753293 0.663333 0.724551 0.670000 0.712575 0.683333 0.698802 0.685000 0.691018 0.679167 0.683234 0.662500 0.677844 0.644167 0.674850 0.630000 0.664671 0.627500 0.656287 0.622500 0.650898 0.612500 0.649102 0.600000 0.652695 0.586667 0.659880 0.579167 0.659281 0.563333 0.651497 0.543333 0.645509 0.517500 0.632934 0.496667 0.626946 0.480000 0.616168 0.456667 0.609581
2 0.453333 0.209581 0.418333 0.246108 0.403333 0.269461 0.371667 0.344311 0.368333 0.362275 0.372500 0.385629 0.400000 0.410180 0.420833 0.422156 0.466667 0.434731 0.505000 0.432335 0.564167 0.412575 0.777500 0.486228 0.805833 0.485629 0.834167 0.474252 0.862500 0.449102 0.883333 0.407784 0.877500 0.379042 0.860000 0.363473 0.804167 0.338323 0.659167 0.289222 0.635000 0.277246 0.625833 0.231138 0.610000 0.214970 0.581667 0.198802 0.531667 0.188623 0.507500 0.195210 0.495833 0.194012
3 0.725000 0.120958 0.705833 0.109581 0.685000 0.103593 0.673333 0.103593 0.649167 0.114970 0.645833 0.124551 0.660833 0.150898 0.659167 0.156886 0.642500 0.162874 0.607500 0.185629 0.445000 0.277246 0.430000 0.293413 0.426667 0.305389 0.428333 0.314970 0.440833 0.331138 0.459167 0.338323 0.485833 0.334132 0.545833 0.304790 0.599167 0.270659 0.675833 0.228743 0.700833 0.220359 0.716667 0.210180 0.727500 0.209581 0.750000 0.219760 0.768333 0.215569 0.781667 0.208383 0.786667 0.197605 0.779167 0.175449 0.762500 0.154491
2 0.575833 0.344311 0.560833 0.349102 0.545833 0.359281 0.522500 0.389820 0.525000 0.399401 0.555000 0.423952 0.556667 0.432934 0.415000 0.567066 0.403333 0.585030 0.404167 0.591018 0.415000 0.600599 0.446667 0.620359 0.485000 0.639521 0.512500 0.647904 0.524167 0.647305 0.531667 0.638922 0.578333 0.616766 0.620000 0.579042 0.630833 0.562874 0.645000 0.553892 0.686667 0.514371 0.698333 0.508982 0.724167 0.517964 0.743333 0.513772 0.765000 0.496407 0.778333 0.474252 0.777500 0.464671 0.766667 0.452695 0.727500 0.431138 0.703333 0.413174 0.657500 0.392216 0.628333 0.374850 0.591667 0.347904
0 0.593333 0.329940 0.580833 0.327545 0.564167 0.329940 0.370833 0.412575 0.360833 0.414371 0.329167 0.395808 0.312500 0.394012 0.304167 0.401198 0.303333 0.412575 0.293333 0.419760 0.262500 0.422156 0.234167 0.435928 0.227500 0.450898 0.248333 0.479641 0.290833 0.522156 0.310833 0.533533 0.330000 0.534132 0.385833 0.513174 0.420000 0.510180 0.427500 0.500599 0.420000 0.480838 0.430000 0.467066 0.485833 0.447904 0.495833 0.440719 0.525000 0.431737 0.552500 0.417964 0.600833 0.405389 0.618333 0.386228 0.623333 0.374251 0.622500 0.367066
4 0.490833 0.755090 0.478333 0.773054 0.475000 0.785030 0.469167 0.838922 0.472500 0.877844 0.482500 0.896407 0.492500 0.905389 0.500000 0.908383 0.545833 0.908982 0.550000 0.907186 0.558333 0.880240 0.563333 0.874850 0.576667 0.876647 0.587500 0.873653 0.610833 0.877245 0.638333 0.875449 0.745000 0.880240 0.759167 0.877844 0.766667 0.873054 0.771667 0.849102 0.770833 0.823353 0.766667 0.808982 0.757500 0.802395 0.740833 0.799401 0.725833 0.800599 0.679167 0.795808 0.629167 0.798802 0.600000 0.797605 0.590833 0.794611 0.572500 0.794012 0.564167 0.786228 0.560000 0.768263 0.549167 0.758084 0.532500 0.752096 0.503333 0.750898
4 0.707500 0.433533 0.698333 0.430539 0.651667 0.433533 0.552500 0.460479 0.415833 0.489820 0.399167 0.489222 0.390833 0.485030 0.394167 0.468263 0.362500 0.447305 0.340833 0.447305 0.293333 0.458084 0.283333 0.472455 0.290833 0.524551 0.333333 0.625150 0.355833 0.656886 0.382500 0.671856 0.445833 0.655090 0.450000 0.651497 0.437500 0.608383 0.467500 0.588024 0.527500 0.577844 0.725000 0.530539 0.740000 0.520359 0.725833 0.485629 0.722500 0.459880
3 0.808333 0.312575 0.791667 0.317964 0.788333 0.320359 0.788333 0.325150 0.799167 0.340719 0.801667 0.342515 0.801667 0.344910 0.804167 0.346108 0.804167 0.348503 0.807500 0.350898 0.807500 0.353293 0.818333 0.369461 0.818333 0.371257 0.822500 0.376647 0.821667 0.377246 0.825000 0.380240 0.826667 0.385030 0.839167 0.402994 0.841667 0.404790 0.841667 0.408383 0.831667 0.414371 0.829167 0.417964 0.835000 0.426347 0.838333 0.428144 0.844167 0.426347 0.849167 0.426347 0.853333 0.423952 0.875833 0.416766 0.881667 0.413174 0.892500 0.408982 0.899167 0.402395 0.892500 0.392814 0.882500 0.393413 0.878333 0.395210 0.874167 0.394012 0.843333 0.349701 0.840000 0.348503 0.820000 0.318563 0.812500 0.313174
