0 0.368333 0.245509 0.328333 0.272455 0.343333 0.309581 0.351667 0.318563 0.386667 0.341317 0.391667 0.347904 0.390833 0.354491 0.403333 0.355090 0.416667 0.373054 0.419167 0.385629 0.434167 0.389222 0.471667 0.406587 0.473333 0.412575 0.461667 0.422156 0.452500 0.436527 0.460000 0.450898 0.474167 0.454491 0.487500 0.453892 0.500000 0.461078 0.515000 0.463473 0.520833 0.470060 0.523333 0.486826 0.546667 0.506587 0.563333 0.510778 0.580833 0.501796 0.600833 0.485030 0.619167 0.477844 0.632500 0.468263 0.643333 0.454491 0.670000 0.444311 0.678333 0.431138 0.676667 0.422754 0.667500 0.414371 0.626667 0.397006 0.623333 0.388623 0.610833 0.379641 0.613333 0.362275 0.608333 0.353892 0.591667 0.349701 0.560833 0.358683 0.546667 0.358084 0.523333 0.338323 0.491667 0.317964 0.465000 0.293413 0.439167 0.279042 0.423333 0.259880 0.392500 0.241916 0.384167 0.240719
3 0.307500 0.324551 0.283333 0.352695 0.255000 0.399401 0.250833 0.413174 0.254167 0.423952 0.289167 0.435928 0.297500 0.432934 0.310833 0.416168 0.322500 0.410180 0.391667 0.440719 0.468333 0.468263 0.555833 0.504790 0.585833 0.514371 0.608333 0.513772 0.616667 0.508383 0.642500 0.475449 0.626667 0.458683 0.423333 0.378443 0.360833 0.358084 0.358333 0.353293 0.368333 0.334132 0.365833 0.325150 0.333333 0.311976 0.320833 0.314970
3 0.180000 0.599401 0.180833 0.685629 0.188333 0.699401 0.194167 0.700599 0.228333 0.699401 0.234167 0.693413 0.242500 0.667066 0.250833 0.661677 0.373333 0.664671 0.444167 0.662275 0.495833 0.664671 0.554167 0.663473 0.580833 0.655090 0.589167 0.633533 0.587500 0.608982 0.583333 0.602994 0.569167 0.595808 0.441667 0.594012 0.375000 0.597605 0.285833 0.595808 0.254167 0.598802 0.246667 0.595210 0.243333 0.586228 0.245000 0.575449 0.240000 0.567665 0.214167 0.564671 0.200000 0.565269 0.191667 0.569461
4 0.785833 0.480838 0.765833 0.470659 0.743333 0.470060 0.685000 0.483832 0.680833 0.495808 0.682500 0.528144 0.670833 0.533533 0.666667 0.543114 0.459167 0.593413 0.435000 0.604192 0.427500 0.612575 0.434167 0.626347 0.435000 0.642515 0.465000 0.692814 0.490000 0.704790 0.521667 0.702994 0.541667 0.694611 0.570833 0.688024 0.586667 0.688024 0.699167 0.650299 0.721667 0.646108 0.735000 0.646707 0.766667 0.674251 0.786667 0.680239 0.804167 0.677245 0.815000 0.679042 0.860833 0.670659 0.869167 0.661677 0.870833 0.629341 0.856667 0.583832 0.818333 0.513174
1 0.088333 0.431737 0.065833 0.507186 0.069167 0.527545 0.085833 0.534132 0.117500 0.535329 0.138333 0.509581 0.152500 0.507186 0.363333 0.544311 0.410000 0.559281 0.825833 0.633533 0.866667 0.633533 0.888333 0.607784 0.889167 0.585030 0.849167 0.565868 0.181667 0.443114 0.165000 0.434731 0.158333 0.403593 0.119167 0.389820 0.105000 0.400599
1 0.325000 0.571257 0.320000 0.574850 0.320833 0.581437 0.326667 0.585629 0.340833 0.583832 0.345000 0.585629 0.350833 0.600000 0.385000 0.642515 0.389167 0.653293 0.424167 0.702994 0.432500 0.718563 0.444167 0.732335 0.452500 0.747904 0.459167 0.752695 0.476667 0.750299 0.482500 0.746108 0.485000 0.741317 0.479167 0.727545 0.465833 0.711377 0.449167 0.682635 0.425000 0.650898 0.410000 0.625150 0.380000 0.582036 0.376667 0.573054 0.389167 0.565269 0.385833 0.558084 0.381667 0.555090 0.372500 0.555689 0.360000 0.561078
4 0.555833 0.597605 0.535000 0.595808 0.515833 0.599401 0.445833 0.635329 0.371667 0.666467 0.346667 0.680838 0.280000 0.664671 0.265833 0.667665 0.224167 0.687425 0.222500 0.701198 0.226667 0.722156 0.241667 0.751497 0.277500 0.793413 0.325000 0.829341 0.345000 0.838323 0.376667 0.843114 0.395000 0.838323 0.420000 0.825749 0.432500 0.814970 0.420833 0.779042 0.424167 0.766467 0.456667 0.750299 0.465000 0.743114 0.595000 0.680838 0.603333 0.667665 0.600833 0.635928 0.586667 0.617964
1 0.232500 0.195210 0.071667 0.261078 0.051667 0.282036 0.057500 0.303593 0.077500 0.321557 0.122500 0.314371 0.140833 0.328144 0.222500 0.451497 0.247500 0.473653 0.552500 0.888623 0.617500 0.936527 0.661667 0.935329 0.700000 0.919162 0.713333 0.905988 0.702500 0.868263 0.261667 0.268862 0.269167 0.257485 0.311667 0.233533 0.311667 0.223952 0.285000 0.191617
0 0.669167 0.549102 0.656667 0.553892 0.651667 0.560479 0.641667 0.675449 0.635833 0.696407 0.628333 0.702994 0.596667 0.708982 0.590833 0.713174 0.590000 0.728144 0.611667 0.741916 0.605000 0.748503 0.602500 0.756886 0.590000 0.769461 0.588333 0.790419 0.590833 0.797605 0.611667 0.807784 0.665000 0.813772 0.709167 0.814371 0.734167 0.810778 0.752500 0.800599 0.755833 0.780838 0.741667 0.764671 0.738333 0.756287 0.750000 0.741916 0.760833 0.737126 0.768333 0.729341 0.763333 0.716766 0.745000 0.712575 0.722500 0.703593 0.725833 0.697006 0.725000 0.674850 0.730000 0.601198 0.734167 0.588623 0.734167 0.560479 0.726667 0.553892 0.712500 0.550299
0 0.493333 0.185030 0.471667 0.185030 0.459167 0.191018 0.447500 0.206587 0.437500 0.238323 0.428333 0.254491 0.424167 0.271257 0.415000 0.276647 0.390833 0.282036 0.381667 0.288623 0.376667 0.297605 0.375833 0.304790 0.380000 0.325749 0.366667 0.347305 0.367500 0.367066 0.373333 0.374850 0.397500 0.387425 0.422500 0.393413 0.450000 0.394611 0.470000 0.389820 0.478333 0.381437 0.484167 0.371257 0.488333 0.348503 0.501667 0.341916 0.513333 0.326946 0.512500 0.309581 0.506667 0.301198 0.497500 0.294611 0.490833 0.284431 0.515833 0.219760 0.517500 0.201796 0.510833 0.191617
