3 0.378333 0.513772 0.318333 0.550299 0.280000 0.579641 0.261667 0.598204 0.254167 0.616766 0.285833 0.641916 0.301667 0.639521 0.330000 0.624551 0.343333 0.625150 0.565000 0.809581 0.603333 0.833533 0.625833 0.834132 0.650833 0.823353 0.676667 0.805988 0.679167 0.799401 0.669167 0.777246 0.548333 0.672455 0.447500 0.594012 0.424167 0.571856 0.424167 0.564671 0.435833 0.558084 0.452500 0.532934 0.433333 0.512575 0.410000 0.503593
2 0.615000 0.621557 0.540833 0.632335 0.463333 0.637126 0.361667 0.650299 0.331667 0.659281 0.317500 0.673653 0.314167 0.692814 0.325833 0.723353 0.335833 0.732335 0.346667 0.737126 0.397500 0.738922 0.409167 0.747305 0.411667 0.788024 0.432500 0.879641 0.454167 0.944910 0.472500 0.957485 0.512500 0.958084 0.561667 0.951497 0.611667 0.938323 0.621667 0.929940 0.624167 0.902395 0.614167 0.875449 0.595833 0.780838 0.575000 0.722156 0.584167 0.711976 0.627500 0.701198 0.637500 0.694012 0.644167 0.679641 0.645000 0.664072 0.638333 0.642515 0.628333 0.625749
0 0.223333 0.226347 0.203333 0.265269 0.192500 0.302395 0.194167 0.325150 0.208333 0.339521 0.235000 0.343713 0.260000 0.335329 0.271667 0.334731 0.290000 0.346108 0.302500 0.362275 0.324167 0.361078 0.350000 0.332934 0.358333 0.336527 0.498333 0.357485 0.532500 0.365269 0.555000 0.367665 0.563333 0.365269 0.571667 0.357485 0.583333 0.323353 0.583333 0.316168 0.572500 0.307186 0.531667 0.298204 0.405833 0.277844 0.380833 0.271257 0.368333 0.262874 0.365000 0.236527 0.360833 0.232934 0.339167 0.229940 0.315000 0.243114 0.294167 0.232934 0.284167 0.224551 0.268333 0.219162 0.241667 0.217365
2 0.140000 0.593413 0.135000 0.596407 0.133333 0.596407 0.131667 0.598204 0.125000 0.632335 0.120833 0.634731 0.113333 0.636527 0.110833 0.638323 0.105833 0.645509 0.104167 0.654491 0.105833 0.658683 0.111667 0.664671 0.116667 0.667665 0.126667 0.671257 0.150000 0.675449 0.160833 0.674251 0.162500 0.674850 0.170000 0.672455 0.173333 0.670060 0.178333 0.663473 0.180833 0.656886 0.180000 0.650299 0.178333 0.649701 0.179167 0.649102 0.176667 0.645509 0.168333 0.639521 0.167500 0.637126 0.170000 0.628144 0.170000 0.617964 0.172500 0.605389 0.170833 0.601198 0.167500 0.598802 0.167500 0.597605 0.163333 0.595210 0.154167 0.593413
0 0.465000 0.719162 0.455833 0.725150 0.454167 0.728144 0.455833 0.731737 0.483333 0.755090 0.495000 0.762874 0.493333 0.771257 0.495000 0.773653 0.494167 0.774252 0.499167 0.778443 0.504167 0.778443 0.507500 0.779641 0.512500 0.785629 0.513333 0.785030 0.516667 0.788024 0.525833 0.788024 0.542500 0.777844 0.550833 0.769461 0.550000 0.765868 0.536667 0.755090 0.534167 0.747904 0.527500 0.745509 0.517500 0.747904 0.513333 0.747305 0.487500 0.728743 0.479167 0.721557 0.470000 0.717964 0.465833 0.719760
3 0.266667 0.289820 0.226667 0.306587 0.176667 0.334731 0.160833 0.350299 0.158333 0.355689 0.160833 0.363473 0.178333 0.378443 0.190000 0.377246 0.212500 0.369461 0.223333 0.370659 0.235833 0.380240 0.244167 0.392814 0.386667 0.535329 0.405000 0.545509 0.431667 0.547904 0.452500 0.536527 0.461667 0.524551 0.460833 0.512575 0.454167 0.500000 0.405833 0.445509 0.397500 0.440719 0.362500 0.401796 0.335000 0.376647 0.310833 0.345509 0.294167 0.332335 0.303333 0.319162 0.313333 0.313174 0.315000 0.304192 0.301667 0.289820 0.292500 0.285629
3 0.166667 0.088024 0.146667 0.120958 0.146667 0.127545 0.164167 0.140719 0.420000 0.210778 0.470000 0.220359 0.473333 0.226347 0.467500 0.246707 0.471667 0.255689 0.509167 0.266467 0.520000 0.262874 0.532500 0.252096 0.554167 0.216766 0.568333 0.183234 0.575833 0.156886 0.570833 0.138922 0.530000 0.129940 0.521667 0.134731 0.510000 0.153892 0.499167 0.160479 0.419167 0.135329 0.197500 0.077844 0.174167 0.081437
1 0.795000 0.124551 0.733333 0.115569 0.686667 0.119162 0.668333 0.137725 0.669167 0.162874 0.692500 0.173054 0.697500 0.189222 0.667500 0.240719 0.616667 0.371257 0.576667 0.429940 0.572500 0.452695 0.514167 0.549102 0.479167 0.637725 0.420000 0.711377 0.410833 0.745509 0.420833 0.768263 0.439167 0.777844 0.495000 0.788024 0.511667 0.783832 0.529167 0.765269 0.618333 0.604790 0.621667 0.585030 0.655000 0.541916 0.665833 0.486826 0.687500 0.478443 0.704167 0.414970 0.721667 0.401198 0.811667 0.234731 0.819167 0.208383 0.832500 0.202994 0.873333 0.202994 0.896667 0.183832 0.897500 0.160479
3 0.450833 0.261078 0.445833 0.269461 0.448333 0.286228 0.490833 0.325150 0.530000 0.342515 0.579167 0.382036 0.595833 0.391018 0.615833 0.413772 0.653333 0.434731 0.687500 0.465269 0.714167 0.482635 0.728333 0.508982 0.710833 0.529940 0.705833 0.544311 0.726667 0.565269 0.745000 0.570060 0.779167 0.565868 0.814167 0.546707 0.854167 0.531737 0.896667 0.506587 0.911667 0.493413 0.926667 0.474252 0.925833 0.462275 0.918333 0.452096 0.894167 0.437725 0.876667 0.434731 0.836667 0.448503 0.817500 0.444910 0.791667 0.420958 0.754167 0.399401 0.669167 0.331138 0.630833 0.307784 0.565833 0.252695 0.531667 0.232934 0.505833 0.229940
3 0.152500 0.810778 0.144167 0.817964 0.142500 0.822156 0.139167 0.823952 0.126667 0.838922 0.125000 0.844311 0.116667 0.855090 0.115833 0.864671 0.125000 0.869461 0.133333 0.871257 0.145000 0.861677 0.149167 0.861677 0.218333 0.891018 0.227500 0.892814 0.275000 0.913772 0.276667 0.913174 0.280000 0.914970 0.290833 0.913772 0.303333 0.900599 0.304167 0.896407 0.301667 0.892814 0.275833 0.880838 0.274167 0.881437 0.267500 0.877245 0.265833 0.877844 0.263333 0.875449 0.257500 0.874251 0.255000 0.871856 0.241667 0.866467 0.241667 0.865269 0.228333 0.859880 0.215000 0.852096 0.213333 0.852695 0.210833 0.850299 0.177500 0.835928 0.171667 0.834731 0.169167 0.830539 0.174167 0.820958 0.173333 0.815569 0.160000 0.809581 0.156667 0.808982
3 0.190000 0.472455 0.109167 0.565868 0.090000 0.605988 0.096667 0.620958 0.130000 0.632934 0.145000 0.633533 0.173333 0.608982 0.185000 0.605988 0.197500 0.608383 0.243333 0.630539 0.318333 0.658084 0.470833 0.727545 0.569167 0.759281 0.594167 0.759880 0.603333 0.756287 0.634167 0.711976 0.635000 0.701796 0.620000 0.685629 0.542500 0.649102 0.395000 0.589820 0.382500 0.580838 0.252500 0.529341 0.248333 0.519162 0.266667 0.483832 0.258333 0.473054 0.222500 0.459880 0.205833 0.462874
0 0.829167 0.300599 0.829167 0.303593 0.825833 0.307784 0.826667 0.308982 0.823333 0.312575 0.824167 0.313772 0.820833 0.318563 0.820833 0.323353 0.818333 0.326347 0.819167 0.327545 0.814167 0.337126 0.815833 0.339521 0.817500 0.339521 0.817500 0.340719 0.825000 0.343114 0.841667 0.343114 0.847500 0.346707 0.850000 0.350299 0.858333 0.349701 0.865833 0.342515 0.868333 0.341317 0.873333 0.341317 0.885000 0.344311 0.886667 0.343713 0.891667 0.345509 0.892500 0.344910 0.896667 0.346707 0.898333 0.346108 0.910833 0.349701 0.912500 0.349102 0.918333 0.350898 0.920000 0.350299 0.925833 0.352695 0.931667 0.352695 0.936667 0.354491 0.945000 0.352695 0.945833 0.349701 0.950833 0.343114 0.950000 0.341916 0.951667 0.338323 0.950833 0.335928 0.949167 0.335928 0.949167 0.334132 0.945833 0.332335 0.944167 0.332934 0.942500 0.331737 0.936667 0.331138 0.932500 0.329341 0.925833 0.329341 0.920000 0.326946 0.918333 0.327545 0.913333 0.325749 0.906667 0.324551 0.905833 0.325150 0.901667 0.323353 0.898333 0.323353 0.892500 0.321557 0.891667 0.322156 0.884167 0.319162 0.882500 0.319760 0.879167 0.318563 0.876667 0.315569 0.877500 0.309581 0.874167 0.304790 0.869167 0.304790 0.864167 0.307186 0.857500 0.307784 0.852500 0.306587 0.843333 0.300000 0.836667 0.298802 0.833333 0.299401 0.832500 0.300599
4 0.553333 0.110778 0.522500 0.109581 0.490833 0.113174 0.422500 0.129341 0.393333 0.138323 0.368333 0.149701 0.352500 0.160479 0.345000 0.171257 0.345833 0.185629 0.351667 0.200000 0.362500 0.211976 0.372500 0.213772 0.422500 0.208383 0.428333 0.211976 0.431667 0.247305 0.450833 0.276048 0.450833 0.286228 0.470833 0.325150 0.472500 0.335329 0.485833 0.354491 0.497500 0.359880 0.547500 0.350299 0.583333 0.337725 0.595000 0.328144 0.597500 0.320958 0.595833 0.308383 0.573333 0.273653 0.573333 0.261078 0.551667 0.228743 0.541667 0.202994 0.533333 0.195808 0.536667 0.184431 0.560833 0.170659 0.578333 0.149102 0.578333 0.138922 0.567500 0.114970
3 0.226667 0.100000 0.180000 0.119162 0.181667 0.141317 0.317500 0.313174 0.348333 0.344311 0.346667 0.349701 0.322500 0.363473 0.318333 0.371257 0.337500 0.398802 0.351667 0.400599 0.370833 0.397605 0.418333 0.380240 0.479167 0.349701 0.495833 0.337126 0.500000 0.326946 0.476667 0.301198 0.466667 0.300599 0.440833 0.310778 0.424167 0.309581 0.384167 0.252695 0.263333 0.105988 0.243333 0.098204
3 0.158333 0.673653 0.138333 0.683832 0.122500 0.697605 0.121667 0.707186 0.125833 0.716168 0.270833 0.860479 0.272500 0.866467 0.255833 0.884431 0.255833 0.888024 0.270833 0.903593 0.283333 0.907186 0.308333 0.902994 0.355000 0.880240 0.385833 0.858683 0.396667 0.844311 0.393333 0.835329 0.378333 0.823353 0.354167 0.820958 0.339167 0.825150 0.333333 0.822156 0.196667 0.691617 0.170833 0.673653
0 0.398333 0.648503 0.371667 0.659880 0.364167 0.675449 0.394167 0.793413 0.390000 0.800000 0.376667 0.805988 0.359167 0.822156 0.355833 0.832335 0.365000 0.845509 0.390833 0.858084 0.409167 0.874251 0.398333 0.891018 0.399167 0.903593 0.395833 0.908383 0.405000 0.923353 0.424167 0.932934 0.449167 0.937725 0.495833 0.933533 0.540000 0.916766 0.550000 0.909581 0.558333 0.896407 0.555000 0.874850 0.535833 0.850898 0.533333 0.843114 0.536667 0.835928 0.548333 0.826946 0.549167 0.817964 0.536667 0.800000 0.525833 0.793413 0.504167 0.787425 0.490000 0.778443 0.472500 0.725748 0.458333 0.670060 0.447500 0.656287 0.426667 0.648503
2 0.791667 0.385030 0.770000 0.370659 0.753333 0.364671 0.729167 0.361677 0.694167 0.364671 0.665833 0.373054 0.640833 0.389222 0.621667 0.419162 0.610000 0.427545 0.550833 0.434731 0.415833 0.461677 0.395000 0.488024 0.396667 0.519760 0.417500 0.556287 0.449167 0.570060 0.475833 0.571257 0.668333 0.542515 0.677500 0.544910 0.701667 0.563473 0.724167 0.573054 0.759167 0.574850 0.806667 0.563473 0.825000 0.548503 0.840000 0.528144 0.848333 0.492216 0.834167 0.450898
0 0.807500 0.261078 0.806667 0.264072 0.805000 0.264671 0.802500 0.268862 0.802500 0.271257 0.800833 0.271856 0.800833 0.275449 0.799167 0.276048 0.795000 0.288623 0.789167 0.293413 0.788333 0.295808 0.790833 0.300000 0.795000 0.300599 0.795833 0.301796 0.800833 0.301796 0.801667 0.302994 0.805833 0.302994 0.813333 0.297006 0.815000 0.297006 0.818333 0.300000 0.818333 0.304192 0.820000 0.304790 0.820000 0.306587 0.823333 0.308383 0.822500 0.310180 0.825000 0.311377 0.824167 0.312575 0.827500 0.314371 0.835833 0.312575 0.842500 0.307784 0.847500 0.307784 0.851667 0.310180 0.855000 0.310180 0.855833 0.311377 0.859167 0.311377 0.865833 0.313174 0.866667 0.314371 0.870000 0.314371 0.872500 0.316168 0.875833 0.316168 0.879167 0.317964 0.888333 0.319760 0.894167 0.322755 0.904167 0.324551 0.905000 0.325749 0.916667 0.328144 0.920000 0.326946 0.927500 0.313772 0.927500 0.311377 0.924167 0.307784 0.859167 0.286228 0.859167 0.285030 0.856667 0.284431 0.856667 0.279042 0.858333 0.274850 0.857500 0.271856 0.855000 0.269461 0.846667 0.268862 0.844167 0.270659 0.831667 0.268263 0.825833 0.261677 0.822500 0.261078 0.822500 0.259880 0.815833 0.258683 0.810833 0.258683
4 0.565000 0.095808 0.549167 0.086826 0.540000 0.085629 0.500833 0.095808 0.496667 0.102395 0.507500 0.132335 0.505000 0.138922 0.490833 0.136527 0.457500 0.144311 0.433333 0.155090 0.361667 0.174850 0.345833 0.183832 0.344167 0.190419 0.356667 0.217365 0.380833 0.241916 0.393333 0.243713 0.408333 0.241916 0.418333 0.235928 0.447500 0.225749 0.459167 0.225150 0.467500 0.220359 0.500833 0.210180 0.515000 0.202994 0.526667 0.201198 0.531667 0.197605 0.544167 0.198802 0.576667 0.219162 0.592500 0.219760 0.618333 0.213174 0.625833 0.208982 0.625833 0.186826 0.613333 0.156287 0.587500 0.117964
