0 0.660833 0.614371 0.624167 0.619162 0.616667 0.640120 0.617500 0.649102 0.625833 0.671856 0.621667 0.680239 0.630000 0.683832 0.630000 0.693413 0.625000 0.702395 0.631667 0.706587 0.641667 0.722156 0.638333 0.728144 0.630833 0.729341 0.618333 0.735329 0.617500 0.746707 0.632500 0.755689 0.633333 0.759880 0.640000 0.765269 0.635833 0.776048 0.637500 0.792216 0.640000 0.797006 0.647500 0.801198 0.663333 0.799401 0.675833 0.795808 0.697500 0.795210 0.717500 0.789222 0.733333 0.789222 0.742500 0.785030 0.744167 0.777844 0.741667 0.768862 0.729167 0.753892 0.730000 0.741317 0.740000 0.728743 0.735000 0.722754 0.707500 0.716766 0.701667 0.711976 0.700833 0.702994 0.692500 0.684431 0.687500 0.662874 0.681667 0.652096 0.680833 0.637126 0.672500 0.620359 0.668333 0.616766
2 0.667500 0.613174 0.655833 0.610180 0.621667 0.613772 0.593333 0.625150 0.419167 0.673653 0.409167 0.674251 0.400833 0.670659 0.372500 0.643114 0.357500 0.641916 0.336667 0.645509 0.307500 0.658683 0.300833 0.664671 0.299167 0.674850 0.308333 0.695808 0.310833 0.713772 0.366667 0.817964 0.383333 0.834731 0.393333 0.838922 0.415000 0.840120 0.447500 0.833533 0.461667 0.826946 0.471667 0.817964 0.473333 0.810180 0.461667 0.787425 0.465000 0.779042 0.476667 0.771257 0.560000 0.750898 0.665000 0.716766 0.694167 0.710778 0.708333 0.702395 0.713333 0.695210 0.712500 0.686826 0.685000 0.635329
1 0.045833 0.550299 0.036667 0.568263 0.064167 0.591617 0.606667 0.822755 0.613333 0.847904 0.610000 0.861078 0.627500 0.872455 0.642500 0.873653 0.654167 0.867665 0.697500 0.825749 0.728333 0.773653 0.728333 0.766467 0.716667 0.758084 0.689167 0.750898 0.662500 0.770060 0.645000 0.768862 0.129167 0.544311 0.097500 0.533533 0.071667 0.531138
0 0.312500 0.323353 0.300833 0.329341 0.281667 0.344311 0.278333 0.355090 0.283333 0.364671 0.400833 0.445509 0.404167 0.450898 0.393333 0.470060 0.399167 0.479641 0.415833 0.479042 0.425000 0.482036 0.431667 0.487425 0.436667 0.499401 0.449167 0.506587 0.461667 0.510180 0.471667 0.506587 0.491667 0.491617 0.521667 0.462275 0.535000 0.452695 0.540000 0.444910 0.538333 0.438922 0.512500 0.425150 0.506667 0.411976 0.495833 0.404192 0.484167 0.398802 0.460833 0.394012 0.444167 0.384431 0.439167 0.379042 0.429167 0.376048 0.417500 0.366467 0.402500 0.358084 0.396667 0.356886 0.388333 0.348503 0.359167 0.331737 0.332500 0.323353
2 0.461667 0.409581 0.435833 0.455090 0.425833 0.486228 0.445833 0.513174 0.460000 0.521557 0.508333 0.533533 0.545833 0.548503 0.635833 0.569461 0.702500 0.594611 0.710000 0.611377 0.693333 0.632934 0.702500 0.650898 0.715000 0.658084 0.761667 0.672455 0.791667 0.670060 0.805833 0.664072 0.828333 0.638922 0.849167 0.603593 0.871667 0.546707 0.887500 0.490419 0.885000 0.473653 0.872500 0.456886 0.838333 0.441916 0.798333 0.438323 0.778333 0.445509 0.761667 0.464072 0.747500 0.467066 0.690000 0.455090 0.674167 0.455689 0.499167 0.407784 0.472500 0.405389
1 0.423333 0.062275 0.388333 0.076048 0.380833 0.104192 0.648333 0.758084 0.641667 0.771856 0.597500 0.792814 0.594167 0.809581 0.608333 0.835329 0.646667 0.846108 0.735833 0.837126 0.836667 0.811377 0.860833 0.789222 0.852500 0.754491 0.835833 0.743114 0.790000 0.744910 0.772500 0.730539 0.505833 0.089222 0.475000 0.061078
2 0.495833 0.224551 0.467500 0.305988 0.465000 0.368862 0.459167 0.386228 0.463333 0.416766 0.483333 0.432335 0.507500 0.438323 0.556667 0.437725 0.574167 0.428743 0.595000 0.392814 0.608333 0.387425 0.645833 0.392814 0.692500 0.392216 0.738333 0.400000 0.868333 0.404790 0.886667 0.400599 0.900833 0.386228 0.899167 0.359880 0.908333 0.335329 0.909167 0.313772 0.902500 0.295210 0.890833 0.287425 0.839167 0.277246 0.744167 0.271257 0.673333 0.261677 0.615833 0.262275 0.608333 0.253892 0.605833 0.231138 0.587500 0.218563 0.558333 0.211377 0.523333 0.209581
3 0.297500 0.258084 0.271667 0.268862 0.245833 0.283234 0.237500 0.290419 0.235833 0.294012 0.236667 0.297006 0.246667 0.305389 0.252500 0.304192 0.261667 0.300000 0.266667 0.301796 0.310833 0.347904 0.315833 0.350299 0.345833 0.382635 0.350000 0.385629 0.360000 0.388024 0.365833 0.386228 0.380833 0.377844 0.380833 0.371257 0.365833 0.355090 0.362500 0.353293 0.362500 0.351497 0.357500 0.347904 0.357500 0.346108 0.353333 0.343713 0.353333 0.341916 0.335833 0.322755 0.330833 0.314371 0.326667 0.311976 0.326667 0.310180 0.313333 0.295808 0.300833 0.284431 0.300833 0.280240 0.309167 0.274850 0.308333 0.274251 0.312500 0.270659 0.312500 0.267665 0.304167 0.258683 0.301667 0.257485
2 0.412500 0.228144 0.337500 0.273653 0.300000 0.309581 0.249167 0.370060 0.228333 0.404790 0.235000 0.447904 0.265000 0.472455 0.314167 0.485629 0.327500 0.485629 0.368333 0.467066 0.385000 0.465868 0.422500 0.480838 0.489167 0.520958 0.512500 0.527545 0.537500 0.544910 0.557500 0.550299 0.580000 0.571257 0.616667 0.583832 0.640000 0.600599 0.675833 0.601198 0.701667 0.589222 0.746667 0.549102 0.763333 0.523952 0.756667 0.500000 0.730000 0.476647 0.664167 0.441916 0.623333 0.411377 0.590000 0.398802 0.507500 0.342515 0.495833 0.320958 0.526667 0.279641 0.516667 0.262275 0.493333 0.242515 0.447500 0.227545
3 0.269167 0.361677 0.242500 0.368263 0.232500 0.376048 0.232500 0.408982 0.236667 0.420359 0.244167 0.423353 0.288333 0.423952 0.309167 0.433533 0.302500 0.474252 0.301667 0.771257 0.315000 0.792216 0.361667 0.798204 0.405000 0.797605 0.415833 0.792216 0.425000 0.777844 0.431667 0.752695 0.430833 0.597605 0.439167 0.431138 0.511667 0.415569 0.514167 0.369461 0.501667 0.362874 0.349167 0.357485
