4 0.640833 0.556287 0.583333 0.556287 0.517500 0.567665 0.501667 0.573653 0.489167 0.582036 0.480833 0.595808 0.482500 0.614371 0.488333 0.628144 0.525833 0.635928 0.540833 0.644311 0.543333 0.666467 0.547500 0.673653 0.556667 0.764671 0.566667 0.775449 0.598333 0.786826 0.625000 0.786826 0.651667 0.780838 0.660000 0.776647 0.666667 0.768862 0.670000 0.755689 0.662500 0.707784 0.660833 0.656886 0.656667 0.638922 0.664167 0.632335 0.674167 0.628743 0.682500 0.620359 0.695833 0.613772 0.701667 0.605389 0.699167 0.572455 0.685833 0.565868
0 0.080000 0.118563 0.069167 0.137725 0.063333 0.155090 0.069167 0.173653 0.078333 0.181437 0.088333 0.185629 0.108333 0.186826 0.130000 0.182635 0.141667 0.195210 0.160833 0.201198 0.176667 0.201796 0.192500 0.197605 0.207500 0.197605 0.221667 0.202994 0.260833 0.211377 0.316667 0.229341 0.341667 0.234731 0.355000 0.232335 0.362500 0.228743 0.375000 0.214371 0.379167 0.199401 0.375833 0.192216 0.365833 0.185030 0.238333 0.144311 0.233333 0.136527 0.231667 0.122754 0.221667 0.110180 0.208333 0.107784 0.170000 0.109581 0.161667 0.105988 0.155833 0.098802 0.140833 0.090419 0.124167 0.089820 0.105000 0.093413
1 0.104167 0.785629 0.105000 0.808383 0.113333 0.825749 0.147500 0.834731 0.170000 0.832335 0.179167 0.814371 0.200000 0.808383 0.505833 0.837725 0.560000 0.839521 0.759167 0.861677 0.841667 0.864671 0.859167 0.857485 0.868333 0.826347 0.865833 0.813772 0.852500 0.805988 0.794167 0.797605 0.217500 0.743713 0.207500 0.739521 0.193333 0.709581 0.161667 0.704790 0.140833 0.710180 0.128333 0.724551
0 0.097500 0.308982 0.079167 0.317365 0.074167 0.328144 0.075000 0.332934 0.083333 0.346707 0.090000 0.352695 0.097500 0.364671 0.104167 0.370060 0.133333 0.409581 0.130833 0.416766 0.124167 0.422156 0.119167 0.434731 0.121667 0.441916 0.126667 0.446707 0.145000 0.454491 0.151667 0.465269 0.165000 0.476048 0.172500 0.479641 0.184167 0.482036 0.204167 0.479641 0.241667 0.466467 0.257500 0.452695 0.258333 0.441317 0.247500 0.426946 0.238333 0.420958 0.241667 0.407186 0.234167 0.397006 0.218333 0.392216 0.195000 0.392814 0.188333 0.388024 0.137500 0.321557 0.126667 0.311377 0.113333 0.305988
0 0.649167 0.194611 0.630000 0.185629 0.615000 0.186228 0.605000 0.189222 0.541667 0.225749 0.506667 0.243114 0.464167 0.234731 0.453333 0.238922 0.449167 0.242515 0.444167 0.263473 0.432500 0.273653 0.420000 0.271257 0.408333 0.273054 0.395000 0.279641 0.385000 0.289820 0.383333 0.302994 0.385833 0.314970 0.407500 0.340120 0.435833 0.356287 0.447500 0.359281 0.459167 0.359281 0.471667 0.356886 0.482500 0.352096 0.503333 0.330539 0.514167 0.327545 0.530000 0.329940 0.539167 0.326946 0.550833 0.316168 0.552500 0.302395 0.550000 0.292216 0.558333 0.283234 0.610833 0.252695 0.631667 0.243114 0.656667 0.225150 0.661667 0.214371 0.660000 0.208383
1 0.910833 0.443114 0.896667 0.436527 0.884167 0.438323 0.836667 0.458683 0.398333 0.698802 0.390833 0.698204 0.364167 0.680239 0.356667 0.680239 0.330833 0.695808 0.339167 0.719162 0.410833 0.782635 0.429167 0.789222 0.449167 0.784431 0.461667 0.774252 0.450833 0.755090 0.455833 0.749102 0.535000 0.705988 0.555833 0.698802 0.575000 0.683832 0.611667 0.667066 0.899167 0.507186 0.931667 0.474850 0.932500 0.465868
3 0.626667 0.274850 0.617500 0.271856 0.605000 0.272455 0.598333 0.274850 0.584167 0.276048 0.580000 0.278443 0.575833 0.277844 0.547500 0.284431 0.534167 0.285629 0.515833 0.291018 0.506667 0.291018 0.496667 0.294611 0.493333 0.294012 0.490833 0.295808 0.475000 0.297605 0.465000 0.301198 0.457500 0.295808 0.456667 0.292216 0.450833 0.289820 0.446667 0.285629 0.435833 0.285030 0.426667 0.288024 0.423333 0.292814 0.421667 0.300599 0.426667 0.320958 0.432500 0.330539 0.431667 0.333533 0.439167 0.344311 0.442500 0.344910 0.443333 0.347305 0.450000 0.352096 0.456667 0.352695 0.467500 0.350299 0.473333 0.344910 0.472500 0.333533 0.477500 0.328144 0.492500 0.327545 0.504167 0.323952 0.510000 0.323952 0.519167 0.320958 0.522500 0.321557 0.538333 0.317365 0.540833 0.317964 0.547500 0.315569 0.570000 0.311976 0.576667 0.308982 0.585833 0.308982 0.620833 0.301198 0.627500 0.297605 0.632500 0.291617 0.632500 0.285030 0.628333 0.280240
2 0.400833 0.561677 0.351667 0.602994 0.327500 0.618563 0.278333 0.661677 0.273333 0.670060 0.276667 0.685030 0.293333 0.699401 0.307500 0.707186 0.318333 0.709581 0.336667 0.707186 0.358333 0.694611 0.369167 0.692216 0.393333 0.713174 0.472500 0.759880 0.515833 0.782635 0.533333 0.784431 0.565000 0.766467 0.587500 0.743713 0.597500 0.728144 0.595000 0.718563 0.580000 0.704790 0.480000 0.644311 0.446667 0.629341 0.440833 0.619162 0.453333 0.590419 0.430000 0.570659 0.407500 0.561078
3 0.450833 0.320958 0.435833 0.311377 0.415833 0.311377 0.396667 0.320958 0.389167 0.332934 0.395000 0.352695 0.386667 0.361078 0.358333 0.368862 0.330833 0.383234 0.245000 0.413174 0.218333 0.426347 0.148333 0.449102 0.125833 0.461078 0.120000 0.472455 0.129167 0.492814 0.140000 0.506587 0.146667 0.510180 0.162500 0.511976 0.207500 0.498802 0.234167 0.482036 0.280833 0.465868 0.294167 0.458683 0.318333 0.453892 0.341667 0.441317 0.382500 0.428743 0.405000 0.418563 0.431667 0.416766 0.449167 0.430539 0.460000 0.435329 0.468333 0.435329 0.485000 0.429940 0.494167 0.420359 0.495833 0.401198 0.485833 0.384431 0.475000 0.352695
3 0.315000 0.726946 0.306667 0.737126 0.303333 0.748503 0.305000 0.762275 0.315833 0.773054 0.360000 0.794012 0.395833 0.807186 0.504167 0.858683 0.533333 0.869461 0.534167 0.886228 0.530833 0.900599 0.550000 0.913174 0.564167 0.914970 0.588333 0.908383 0.604167 0.900599 0.624167 0.879042 0.641667 0.844311 0.644167 0.822755 0.636667 0.814371 0.625833 0.809581 0.609167 0.806587 0.573333 0.817365 0.564167 0.816168 0.475833 0.776048 0.357500 0.726946 0.331667 0.722156 0.323333 0.722754
0 0.722500 0.386228 0.712500 0.387425 0.709167 0.388623 0.707500 0.391617 0.709167 0.398204 0.708333 0.402994 0.710000 0.409581 0.710000 0.421557 0.708333 0.423353 0.700833 0.426347 0.700000 0.428743 0.705000 0.434731 0.703333 0.440120 0.705000 0.445509 0.708333 0.446707 0.735833 0.445509 0.739167 0.444311 0.740833 0.441916 0.740833 0.438323 0.738333 0.432335 0.741667 0.428743 0.741667 0.426347 0.739167 0.423952 0.733333 0.422754 0.730833 0.420359 0.729167 0.413772 0.730000 0.408982 0.728333 0.404790 0.729167 0.402994 0.727500 0.391018 0.725833 0.387425
0 0.923333 0.182036 0.903333 0.171856 0.880000 0.175449 0.845000 0.192216 0.830833 0.195808 0.690000 0.255090 0.674167 0.256287 0.655000 0.240120 0.637500 0.234731 0.625000 0.241317 0.625833 0.254491 0.620000 0.260479 0.570833 0.273054 0.550000 0.283832 0.545833 0.294012 0.555000 0.314371 0.585000 0.343713 0.594167 0.361677 0.616667 0.384431 0.641667 0.382635 0.679167 0.361677 0.695000 0.358084 0.720000 0.359880 0.725000 0.358084 0.730833 0.347904 0.727500 0.340120 0.730833 0.333533 0.748333 0.324551 0.762500 0.323353 0.775000 0.315569 0.785000 0.313174 0.789167 0.302395 0.821667 0.295210 0.825833 0.285030 0.840000 0.282036 0.861667 0.268263 0.881667 0.262874 0.910000 0.242515 0.936667 0.229940 0.945833 0.215569
3 0.723333 0.373653 0.708333 0.355689 0.690833 0.350299 0.668333 0.353293 0.646667 0.363473 0.640000 0.388623 0.645833 0.402994 0.634167 0.410778 0.605000 0.417964 0.578333 0.418563 0.513333 0.435928 0.486667 0.438922 0.455833 0.450299 0.391667 0.458084 0.245833 0.492814 0.199167 0.517365 0.197500 0.534132 0.207500 0.562275 0.232500 0.583234 0.251667 0.588623 0.274167 0.588623 0.373333 0.567665 0.436667 0.549701 0.666667 0.501796 0.683333 0.502395 0.705000 0.530539 0.723333 0.539521 0.758333 0.532335 0.769167 0.526946 0.774167 0.517365 0.772500 0.495210 0.740000 0.413174 0.730000 0.400000
2 0.705833 0.129341 0.682500 0.110778 0.645000 0.089222 0.598333 0.074251 0.569167 0.070659 0.546667 0.072455 0.515833 0.081437 0.481667 0.102395 0.464167 0.120359 0.456667 0.136527 0.454167 0.176647 0.447500 0.187425 0.418333 0.196407 0.313333 0.253892 0.291667 0.271856 0.283333 0.283832 0.282500 0.307186 0.306667 0.344311 0.332500 0.354491 0.398333 0.369461 0.439167 0.351497 0.551667 0.289820 0.565000 0.288024 0.575833 0.293413 0.623333 0.294012 0.690833 0.277246 0.714167 0.256287 0.725833 0.237725 0.731667 0.217365 0.728333 0.172455
3 0.276667 0.507186 0.250833 0.529940 0.248333 0.541916 0.259167 0.556886 0.281667 0.565269 0.298333 0.562874 0.310000 0.558084 0.324167 0.560479 0.342500 0.581437 0.356667 0.591018 0.382500 0.616168 0.386667 0.624551 0.401667 0.635329 0.499167 0.730539 0.520000 0.740719 0.532500 0.739521 0.575000 0.717964 0.577500 0.703593 0.551667 0.676048 0.524167 0.658683 0.519167 0.650898 0.483333 0.619760 0.466667 0.598802 0.431667 0.571257 0.421667 0.558683 0.405833 0.546108 0.399167 0.523952 0.401667 0.516766 0.415833 0.500599 0.415833 0.494611 0.405000 0.480838 0.388333 0.475449 0.361667 0.474850 0.337500 0.485629 0.313333 0.491018
2 0.174167 0.162874 0.166667 0.172455 0.165833 0.175449 0.160833 0.180240 0.160000 0.185030 0.163333 0.187425 0.185833 0.196407 0.190000 0.199401 0.195000 0.200599 0.195833 0.201796 0.214167 0.208982 0.216667 0.211377 0.213333 0.217964 0.215000 0.223353 0.224167 0.227545 0.230833 0.228743 0.234167 0.228144 0.240000 0.223353 0.249167 0.211377 0.253333 0.202994 0.256667 0.200000 0.262500 0.186826 0.260833 0.182635 0.251667 0.178443 0.242500 0.177246 0.240000 0.178443 0.239167 0.181437 0.235000 0.183832 0.230000 0.182635 0.229167 0.181437 0.225833 0.180838 0.209167 0.173054 0.202500 0.171257 0.190000 0.165868 0.185833 0.165269 0.181667 0.162874
0 0.552500 0.158084 0.516667 0.180838 0.500000 0.188024 0.479167 0.207784 0.454167 0.220958 0.448333 0.228743 0.450833 0.243114 0.495833 0.264671 0.507500 0.279042 0.507500 0.297006 0.512500 0.303593 0.520833 0.307186 0.562500 0.300599 0.576667 0.304192 0.588333 0.316168 0.639167 0.350898 0.644167 0.358084 0.670000 0.373653 0.678333 0.385030 0.700000 0.400000 0.717500 0.407784 0.737500 0.404192 0.770833 0.379042 0.769167 0.367665 0.761667 0.354491 0.747500 0.340719 0.717500 0.320359 0.710000 0.307186 0.695000 0.301796 0.682500 0.279042 0.644167 0.257485 0.640833 0.249701 0.651667 0.240120 0.659167 0.226946 0.646667 0.214371 0.622500 0.210180 0.612500 0.202994 0.600833 0.200599 0.591667 0.182036 0.568333 0.161078
0 0.140000 0.407784 0.137500 0.417365 0.138333 0.420359 0.136667 0.423952 0.138333 0.433533 0.140833 0.435329 0.160833 0.437126 0.166667 0.440719 0.169167 0.440719 0.170833 0.441916 0.179167 0.439521 0.182500 0.434132 0.185833 0.432335 0.198333 0.432335 0.203333 0.433533 0.207500 0.432934 0.212500 0.434132 0.215833 0.433533 0.220833 0.434731 0.225000 0.434132 0.239167 0.435329 0.245833 0.433533 0.248333 0.429940 0.249167 0.420359 0.245833 0.417365 0.229167 0.414970 0.220833 0.414970 0.211667 0.413174 0.199167 0.413174 0.194167 0.411976 0.186667 0.412575 0.180000 0.406587 0.180000 0.404790 0.170833 0.402395 0.165833 0.402994 0.163333 0.405389 0.153333 0.403593 0.145000 0.403593
0 0.715000 0.334132 0.696667 0.331138 0.687500 0.334731 0.669167 0.349102 0.657500 0.373653 0.646667 0.376647 0.630833 0.376048 0.620833 0.383234 0.616667 0.393413 0.635000 0.418563 0.636667 0.426347 0.626667 0.431737 0.585833 0.475449 0.544167 0.512575 0.530833 0.532335 0.531667 0.540719 0.539167 0.549701 0.570000 0.567665 0.579167 0.569461 0.592500 0.567665 0.636667 0.538922 0.710833 0.463473 0.725000 0.461677 0.750000 0.466467 0.761667 0.462874 0.770000 0.453892 0.768333 0.432934 0.780000 0.426946 0.792500 0.426946 0.816667 0.406587 0.820000 0.397006 0.812500 0.384431 0.765000 0.356287
2 0.355833 0.582635 0.280833 0.598802 0.171667 0.641317 0.122500 0.665868 0.108333 0.691617 0.116667 0.716168 0.141667 0.738323 0.157500 0.741317 0.183333 0.732934 0.213333 0.759880 0.253333 0.817365 0.285833 0.855090 0.307500 0.902395 0.330833 0.923353 0.357500 0.919162 0.397500 0.904790 0.450833 0.877844 0.455833 0.865269 0.426667 0.800599 0.412500 0.778443 0.400833 0.768263 0.389167 0.741916 0.372500 0.719760 0.370000 0.705988 0.354167 0.685629 0.358333 0.669461 0.386667 0.661677 0.407500 0.641317 0.400000 0.620359 0.385000 0.597605
