0 0.595000 0.804790 0.570833 0.811377 0.563333 0.815569 0.563333 0.820359 0.569167 0.830539 0.568333 0.838922 0.570833 0.841317 0.575000 0.843114 0.581667 0.842515 0.587500 0.844910 0.606667 0.877245 0.611667 0.880838 0.616667 0.881437 0.630000 0.877245 0.631667 0.873653 0.625833 0.860479 0.624167 0.859880 0.620833 0.850898 0.619167 0.850299 0.617500 0.844910 0.612500 0.838922 0.610833 0.834731 0.614167 0.829341 0.616667 0.828144 0.615000 0.820958 0.613333 0.819162 0.610000 0.818563 0.606667 0.816168 0.607500 0.814970 0.603333 0.807186 0.600833 0.805389
4 0.727500 0.387425 0.715833 0.378443 0.654167 0.379042 0.646667 0.395210 0.644167 0.419162 0.633333 0.425748 0.614167 0.429940 0.412500 0.423952 0.398333 0.426347 0.375000 0.423952 0.360000 0.428144 0.352500 0.441916 0.353333 0.461677 0.345833 0.481437 0.346667 0.510180 0.372500 0.519760 0.401667 0.523353 0.474167 0.520359 0.573333 0.525150 0.609167 0.522754 0.627500 0.526946 0.631667 0.531138 0.625833 0.546707 0.648333 0.575449 0.668333 0.577844 0.706667 0.576048 0.720000 0.564072 0.734167 0.508982 0.731667 0.485030 0.739167 0.432934 0.735000 0.404192
4 0.664167 0.179641 0.641667 0.171856 0.610000 0.170060 0.592500 0.176647 0.575833 0.187425 0.558333 0.204192 0.577500 0.239521 0.575000 0.252096 0.545833 0.271257 0.538333 0.279641 0.429167 0.345509 0.420000 0.353892 0.414167 0.370659 0.421667 0.399401 0.440833 0.417365 0.467500 0.431138 0.488333 0.434731 0.513333 0.428743 0.578333 0.385629 0.645000 0.348503 0.667500 0.331737 0.681667 0.331138 0.695000 0.335928 0.706667 0.334731 0.741667 0.340120 0.755833 0.334731 0.791667 0.312575 0.790833 0.299401 0.782500 0.277844 0.765833 0.253293 0.723333 0.214371
3 0.561667 0.277844 0.524167 0.335928 0.505833 0.376647 0.502500 0.394611 0.508333 0.402994 0.546667 0.411377 0.563333 0.388623 0.576667 0.382036 0.610833 0.395210 0.821667 0.456287 0.869167 0.468263 0.891667 0.467665 0.909167 0.447305 0.918333 0.429341 0.917500 0.422754 0.904167 0.413174 0.870833 0.400599 0.752500 0.368263 0.607500 0.323353 0.605000 0.317365 0.610000 0.286228 0.571667 0.273653
3 0.678333 0.706587 0.663333 0.689222 0.640000 0.682635 0.601667 0.684431 0.472500 0.707784 0.329167 0.727545 0.295000 0.728144 0.280833 0.719162 0.268333 0.702994 0.238333 0.704790 0.220833 0.710778 0.212500 0.728144 0.215000 0.761677 0.230000 0.810180 0.248333 0.841317 0.266667 0.855090 0.295833 0.850898 0.315833 0.840719 0.326667 0.822755 0.327500 0.813174 0.348333 0.805988 0.365000 0.805389 0.411667 0.794611 0.430000 0.795210 0.445833 0.789820 0.461667 0.790419 0.475000 0.785030 0.548333 0.775449 0.565833 0.770060 0.580000 0.770060 0.671667 0.749701 0.685833 0.738922 0.685833 0.726347
2 0.266667 0.404192 0.257500 0.438922 0.258333 0.519760 0.264167 0.567066 0.272500 0.596407 0.299167 0.617365 0.345833 0.622755 0.380000 0.616766 0.391667 0.608982 0.398333 0.587425 0.414167 0.581437 0.460833 0.580838 0.485833 0.574251 0.524167 0.576647 0.600000 0.574251 0.620000 0.578443 0.676667 0.580240 0.704167 0.576647 0.713333 0.570659 0.714167 0.483234 0.691667 0.465269 0.667500 0.459880 0.597500 0.459281 0.559167 0.453293 0.472500 0.454491 0.452500 0.449102 0.409167 0.446707 0.387500 0.437725 0.385833 0.405389 0.377500 0.392814 0.364167 0.387425 0.307500 0.383832 0.276667 0.394012
2 0.804167 0.150898 0.793333 0.143713 0.748333 0.132934 0.722500 0.131737 0.702500 0.133533 0.680000 0.140719 0.665000 0.152695 0.652500 0.170659 0.645833 0.173653 0.615833 0.174251 0.579167 0.169461 0.546667 0.170659 0.516667 0.166467 0.437500 0.168862 0.419167 0.178443 0.394167 0.210180 0.387500 0.256287 0.405000 0.276048 0.430833 0.285030 0.480000 0.286228 0.515833 0.291617 0.622500 0.293413 0.631667 0.298802 0.641667 0.316168 0.658333 0.333533 0.692500 0.343713 0.737500 0.344311 0.760000 0.336527 0.779167 0.323952 0.807500 0.273653 0.817500 0.217365
1 0.912500 0.153892 0.891667 0.147305 0.839167 0.168862 0.777500 0.217365 0.254167 0.576048 0.207500 0.558683 0.175000 0.576048 0.167500 0.588623 0.180000 0.611377 0.277500 0.687425 0.328333 0.704790 0.360833 0.688024 0.370000 0.670060 0.347500 0.644910 0.354167 0.631737 0.934167 0.223952 0.946667 0.186826
3 0.349167 0.308982 0.327500 0.355689 0.330000 0.361677 0.350833 0.373653 0.410833 0.394611 0.711667 0.471856 0.723333 0.482036 0.720000 0.517964 0.740833 0.528742 0.759167 0.533533 0.777500 0.532934 0.800833 0.519760 0.820833 0.501796 0.841667 0.469461 0.856667 0.434132 0.860833 0.394012 0.847500 0.379042 0.808333 0.370060 0.796667 0.373653 0.774167 0.391617 0.757500 0.394611 0.714167 0.387425 0.690833 0.378443 0.666667 0.376048 0.608333 0.358683 0.555833 0.350299 0.468333 0.322755 0.392500 0.305389 0.362500 0.302395
1 0.510000 0.047904 0.403333 0.049701 0.380833 0.055090 0.375000 0.068862 0.377500 0.088623 0.416667 0.097006 0.425000 0.105389 0.396667 0.572455 0.399167 0.595210 0.410833 0.614970 0.441667 0.620958 0.475000 0.617964 0.493333 0.586826 0.516667 0.174251 0.515000 0.109581 0.525000 0.100599 0.567500 0.089820 0.572500 0.077844 0.562500 0.058084
4 0.624167 0.489820 0.600833 0.493413 0.579167 0.500000 0.531667 0.520359 0.500833 0.540120 0.485833 0.556287 0.484167 0.570060 0.495833 0.587425 0.510000 0.599401 0.524167 0.601198 0.539167 0.595210 0.550833 0.592814 0.560833 0.593413 0.568333 0.598802 0.575000 0.610180 0.641667 0.683234 0.661667 0.694611 0.670833 0.695808 0.705833 0.689820 0.723333 0.680838 0.736667 0.667665 0.735833 0.654491 0.724167 0.634132 0.688333 0.600000 0.675833 0.582036 0.653333 0.558084 0.653333 0.553293 0.665000 0.543713 0.669167 0.535928 0.670000 0.517964 0.664167 0.508383 0.645000 0.489820
4 0.700000 0.393413 0.664167 0.388024 0.592500 0.388024 0.499167 0.397605 0.439167 0.408982 0.405833 0.423353 0.390000 0.435928 0.385000 0.454491 0.396667 0.498802 0.430000 0.506587 0.467500 0.505988 0.480833 0.511976 0.479167 0.562874 0.492500 0.608982 0.505000 0.707186 0.515000 0.723952 0.525833 0.731737 0.583333 0.732934 0.642500 0.723353 0.666667 0.714371 0.679167 0.697006 0.684167 0.678443 0.676667 0.638922 0.679167 0.624551 0.656667 0.561677 0.649167 0.507784 0.658333 0.488623 0.700833 0.479641 0.721667 0.458084 0.727500 0.440719 0.721667 0.410778 0.715000 0.399401
0 0.140833 0.061677 0.140000 0.062275 0.137500 0.061078 0.133333 0.061078 0.129167 0.062874 0.122500 0.068263 0.120833 0.073054 0.121667 0.073653 0.115833 0.077246 0.114167 0.076647 0.110000 0.078443 0.109167 0.077844 0.104167 0.082036 0.105000 0.082635 0.103333 0.084431 0.103333 0.087425 0.107500 0.093413 0.107500 0.097006 0.105833 0.098204 0.106667 0.098802 0.099167 0.104192 0.100000 0.104790 0.090833 0.112575 0.091667 0.113174 0.080000 0.122156 0.080833 0.122754 0.070833 0.131737 0.070833 0.135928 0.074167 0.139521 0.085000 0.146108 0.090000 0.146108 0.100000 0.140719 0.116667 0.126946 0.125833 0.120958 0.125000 0.120359 0.140833 0.110180 0.141667 0.110778 0.144167 0.109581 0.145000 0.110180 0.154167 0.108982 0.160833 0.103593 0.160833 0.097006 0.166667 0.093413 0.167500 0.094012 0.174167 0.088623 0.175000 0.082635 0.172500 0.079042 0.151667 0.066467
3 0.620833 0.812575 0.603333 0.805389 0.600000 0.806587 0.595000 0.805988 0.591667 0.808982 0.593333 0.822755 0.590000 0.825150 0.573333 0.826347 0.572500 0.827545 0.532500 0.834132 0.502500 0.841317 0.500000 0.840719 0.489167 0.843713 0.457500 0.847904 0.449167 0.851497 0.445000 0.855689 0.445000 0.859880 0.448333 0.866467 0.447500 0.868862 0.450833 0.873653 0.454167 0.875449 0.467500 0.876647 0.483333 0.873054 0.486667 0.873653 0.498333 0.870659 0.503333 0.870659 0.509167 0.868263 0.517500 0.868263 0.521667 0.865868 0.526667 0.865868 0.537500 0.862275 0.540000 0.862874 0.553333 0.860479 0.556667 0.858683 0.575833 0.856886 0.595000 0.852096 0.601667 0.854491 0.604167 0.861078 0.607500 0.864671 0.614167 0.865868 0.621667 0.864072 0.627500 0.859281 0.628333 0.849102 0.621667 0.824551 0.621667 0.815569 0.619167 0.813772
0 0.493333 0.688623 0.455000 0.705988 0.418333 0.727545 0.414167 0.736527 0.418333 0.749701 0.430833 0.761078 0.445833 0.764072 0.454167 0.769461 0.456667 0.778443 0.452500 0.792216 0.457500 0.800000 0.470833 0.807186 0.486667 0.807186 0.503333 0.804192 0.510833 0.805988 0.535000 0.829940 0.549167 0.848503 0.565833 0.863473 0.570000 0.870659 0.577500 0.874251 0.581667 0.882635 0.590833 0.890419 0.605000 0.895210 0.625833 0.887425 0.640833 0.877245 0.651667 0.865269 0.654167 0.856287 0.621667 0.822156 0.611667 0.803593 0.596667 0.792814 0.593333 0.783832 0.581667 0.773054 0.581667 0.763473 0.591667 0.749102 0.585000 0.731138 0.575833 0.725748 0.571667 0.720359 0.563333 0.717964 0.555000 0.711377 0.535833 0.688623 0.526667 0.683832 0.514167 0.683832
3 0.361667 0.626946 0.325000 0.646707 0.320000 0.659281 0.321667 0.671257 0.353333 0.710180 0.410000 0.767665 0.478333 0.846108 0.505833 0.871257 0.506667 0.882635 0.482500 0.910180 0.488333 0.925749 0.503333 0.938323 0.535000 0.938323 0.575000 0.928743 0.602500 0.918563 0.656667 0.883832 0.669167 0.862275 0.667500 0.847904 0.648333 0.831138 0.624167 0.831737 0.603333 0.836527 0.594167 0.836527 0.407500 0.640719 0.380000 0.625749
3 0.644167 0.261677 0.588333 0.259281 0.530833 0.262275 0.484167 0.274850 0.475000 0.280240 0.473333 0.285629 0.479167 0.312575 0.528333 0.319760 0.534167 0.326946 0.558333 0.564671 0.566667 0.581437 0.578333 0.591617 0.586667 0.593413 0.622500 0.592216 0.645000 0.586826 0.659167 0.558084 0.647500 0.435329 0.640000 0.398204 0.640000 0.365868 0.635000 0.340120 0.627500 0.326946 0.639167 0.314371 0.682500 0.303593 0.680833 0.273054 0.667500 0.265868
4 0.701667 0.353293 0.680000 0.354491 0.651667 0.373653 0.635833 0.416168 0.612500 0.449701 0.601667 0.485030 0.582500 0.510778 0.562500 0.550898 0.554167 0.555689 0.511667 0.550898 0.475833 0.556287 0.440833 0.592814 0.433333 0.610778 0.435000 0.619760 0.465833 0.642515 0.522500 0.665868 0.614167 0.691617 0.675833 0.703593 0.715833 0.703593 0.745000 0.697605 0.759167 0.688024 0.783333 0.648503 0.783333 0.635329 0.716667 0.605389 0.708333 0.597006 0.730833 0.584431 0.750833 0.552695 0.766667 0.515569 0.824167 0.420359 0.829167 0.398802 0.822500 0.386228 0.799167 0.381437 0.760000 0.363473
