0 0.328333 0.629940 0.319167 0.660479 0.310000 0.676647 0.307500 0.687425 0.310000 0.698802 0.300000 0.720958 0.302500 0.730539 0.315000 0.740120 0.367500 0.738323 0.387500 0.744311 0.402500 0.758683 0.413333 0.762874 0.425000 0.761677 0.451667 0.739521 0.462500 0.737126 0.551667 0.747904 0.563333 0.752096 0.591667 0.752695 0.610833 0.759281 0.642500 0.762275 0.660833 0.761078 0.672500 0.751497 0.680000 0.727545 0.680000 0.716168 0.670833 0.708383 0.654167 0.700599 0.630833 0.695210 0.590000 0.691018 0.574167 0.683832 0.556667 0.685629 0.529167 0.672455 0.515833 0.674251 0.481667 0.671856 0.472500 0.666467 0.468333 0.640120 0.448333 0.635928 0.424167 0.643114 0.410833 0.641317 0.400000 0.643713 0.380000 0.633533 0.355000 0.627545 0.340833 0.626347
4 0.620833 0.507186 0.573333 0.553892 0.560833 0.574850 0.567500 0.583832 0.600833 0.604192 0.687500 0.631737 0.780833 0.670060 0.795000 0.679641 0.795833 0.685629 0.783333 0.695210 0.783333 0.727545 0.804167 0.737725 0.835000 0.747305 0.850000 0.742515 0.890000 0.708982 0.908333 0.680239 0.948333 0.634731 0.965000 0.603593 0.967500 0.585629 0.962500 0.578443 0.941667 0.568263 0.910000 0.559281 0.893333 0.570060 0.875833 0.591018 0.850833 0.592216 0.832500 0.587425 0.795833 0.570659 0.780833 0.567665 0.669167 0.520958 0.636667 0.509581
2 0.608333 0.579641 0.560000 0.610778 0.535000 0.635928 0.506667 0.653892 0.471667 0.690419 0.432500 0.722754 0.432500 0.737725 0.466667 0.767066 0.510000 0.784431 0.524167 0.785629 0.528333 0.777246 0.540000 0.773653 0.556667 0.760479 0.569167 0.764072 0.590833 0.786826 0.612500 0.794012 0.653333 0.823952 0.686667 0.841916 0.710000 0.862874 0.769167 0.883234 0.810000 0.861078 0.850833 0.820958 0.860833 0.798802 0.847500 0.783234 0.801667 0.749701 0.683333 0.680838 0.663333 0.661677 0.676667 0.634132 0.678333 0.608982 0.644167 0.582635
3 0.648333 0.359880 0.625000 0.362874 0.595833 0.359880 0.585833 0.362874 0.575833 0.372455 0.568333 0.392814 0.566667 0.429341 0.575833 0.541317 0.574167 0.600599 0.579167 0.631138 0.572500 0.638922 0.578333 0.647305 0.575833 0.650898 0.536667 0.663473 0.530000 0.672455 0.530833 0.689820 0.537500 0.702395 0.565833 0.708982 0.710833 0.706587 0.735833 0.700599 0.747500 0.694611 0.751667 0.688024 0.752500 0.667665 0.745000 0.655090 0.731667 0.650299 0.710833 0.650898 0.691667 0.646707 0.697500 0.587425 0.683333 0.497605 0.681667 0.402994 0.674167 0.377246
0 0.122500 0.202395 0.101667 0.235329 0.089167 0.264072 0.093333 0.276048 0.105833 0.283234 0.123333 0.288024 0.130833 0.288024 0.140000 0.284431 0.150000 0.285629 0.159167 0.291617 0.167500 0.305988 0.179167 0.310778 0.195000 0.310778 0.220000 0.295210 0.226667 0.294012 0.263333 0.304192 0.290833 0.314970 0.310000 0.318563 0.323333 0.324551 0.334167 0.325150 0.344167 0.330539 0.360833 0.333533 0.373333 0.332335 0.384167 0.319162 0.389167 0.304192 0.390000 0.288623 0.384167 0.279641 0.337500 0.265868 0.307500 0.252096 0.289167 0.249701 0.278333 0.243114 0.261667 0.238922 0.253333 0.230539 0.253333 0.220359 0.250000 0.213772 0.232500 0.202395 0.214167 0.198802 0.194167 0.198204 0.160833 0.186826 0.146667 0.185629 0.135833 0.190419
0 0.592500 0.391018 0.576667 0.390419 0.565000 0.392814 0.560833 0.396407 0.545000 0.421557 0.524167 0.476048 0.507500 0.501796 0.494167 0.511377 0.470833 0.514970 0.459167 0.519162 0.450833 0.532335 0.459167 0.546707 0.461667 0.558683 0.450000 0.571257 0.446667 0.586826 0.436667 0.602994 0.436667 0.613174 0.444167 0.620958 0.473333 0.635928 0.521667 0.649102 0.560000 0.648503 0.571667 0.644311 0.583333 0.628743 0.586667 0.608383 0.596667 0.588024 0.603333 0.582036 0.616667 0.577246 0.625000 0.569461 0.625000 0.554491 0.617500 0.544311 0.601667 0.533533 0.600000 0.518563 0.610000 0.487425 0.635000 0.434132 0.637500 0.416168 0.634167 0.407186 0.626667 0.401198
1 0.090833 0.128144 0.086667 0.154491 0.116667 0.173653 0.760833 0.375449 0.774167 0.389222 0.780000 0.420359 0.809167 0.432934 0.828333 0.435329 0.856667 0.425748 0.889167 0.400000 0.916667 0.365269 0.915833 0.317964 0.900000 0.302994 0.876667 0.294611 0.858333 0.294611 0.815000 0.314371 0.154167 0.111377 0.118333 0.110180
2 0.286667 0.456886 0.284167 0.484431 0.295000 0.538323 0.305000 0.570060 0.315833 0.591018 0.336667 0.602395 0.368333 0.602395 0.390833 0.596407 0.398333 0.589222 0.399167 0.576048 0.406667 0.570659 0.437500 0.567066 0.459167 0.559880 0.483333 0.559281 0.535000 0.552695 0.589167 0.551497 0.607500 0.547305 0.612500 0.542515 0.608333 0.505389 0.602500 0.483234 0.595000 0.476048 0.585000 0.471856 0.561667 0.470060 0.528333 0.473653 0.493333 0.472455 0.462500 0.477246 0.436667 0.478443 0.418333 0.476647 0.385833 0.477844 0.370000 0.470659 0.369167 0.455090 0.365833 0.449102 0.358333 0.442515 0.351667 0.440719 0.310000 0.441916 0.291667 0.450299
0 0.880833 0.188623 0.877500 0.187425 0.870000 0.188623 0.867500 0.191018 0.868333 0.192814 0.865833 0.195210 0.860833 0.193413 0.851667 0.192216 0.849167 0.194012 0.848333 0.196407 0.849167 0.200000 0.845000 0.202994 0.806667 0.213772 0.805000 0.217964 0.808333 0.225150 0.813333 0.226946 0.820000 0.225150 0.820833 0.225749 0.822500 0.224551 0.827500 0.223952 0.829167 0.222754 0.830000 0.223353 0.831667 0.222156 0.854167 0.216766 0.856667 0.216766 0.861667 0.221557 0.865000 0.222156 0.867500 0.220958 0.868333 0.217964 0.877500 0.213174 0.880000 0.214970 0.884167 0.215569 0.890833 0.213772 0.892500 0.211976 0.891667 0.207784
3 0.602500 0.256287 0.578333 0.245509 0.536667 0.259880 0.535000 0.274251 0.545000 0.301198 0.542500 0.312575 0.535000 0.317365 0.507500 0.323353 0.402500 0.362874 0.369167 0.371856 0.339167 0.385629 0.254167 0.413772 0.185000 0.444910 0.173333 0.453892 0.166667 0.468862 0.174167 0.485030 0.193333 0.504790 0.221667 0.511377 0.255833 0.505389 0.486667 0.419162 0.524167 0.409581 0.562500 0.407186 0.603333 0.391617 0.634167 0.415569 0.648333 0.414970 0.678333 0.402395 0.684167 0.396407 0.684167 0.386228 0.671667 0.352695 0.653333 0.332335 0.620000 0.273054
0 0.570000 0.682635 0.555000 0.674251 0.541667 0.673054 0.527500 0.676048 0.394167 0.738922 0.380833 0.737126 0.364167 0.729940 0.339167 0.728743 0.325000 0.737725 0.311667 0.758683 0.302500 0.765868 0.290833 0.768862 0.279167 0.767665 0.260833 0.773054 0.249167 0.785030 0.242500 0.801198 0.257500 0.828743 0.280000 0.852695 0.300000 0.867665 0.323333 0.874850 0.341667 0.874251 0.360833 0.867066 0.372500 0.853293 0.378333 0.838922 0.402500 0.838323 0.425000 0.826946 0.433333 0.818563 0.440000 0.801796 0.450833 0.791617 0.557500 0.738323 0.581667 0.723353 0.587500 0.712575 0.586667 0.704790
0 0.380000 0.628743 0.361667 0.627545 0.346667 0.636527 0.327500 0.655689 0.301667 0.675449 0.274167 0.701198 0.264167 0.707186 0.245000 0.725748 0.229167 0.728743 0.217500 0.722754 0.203333 0.720958 0.198333 0.722156 0.193333 0.736527 0.197500 0.752096 0.190833 0.755090 0.180000 0.755090 0.167500 0.758084 0.157500 0.765269 0.153333 0.773653 0.154167 0.781437 0.160833 0.788623 0.180833 0.802395 0.229167 0.824551 0.255000 0.828743 0.273333 0.816766 0.281667 0.802395 0.297500 0.798802 0.302500 0.795210 0.309167 0.779042 0.302500 0.768862 0.303333 0.761677 0.311667 0.755689 0.317500 0.747305 0.362500 0.720958 0.395833 0.693413 0.411667 0.670060 0.410833 0.653293 0.404167 0.645509
3 0.085833 0.336527 0.073333 0.379042 0.075833 0.401198 0.090000 0.417365 0.115833 0.425748 0.145833 0.425748 0.167500 0.397006 0.176667 0.391018 0.233333 0.398802 0.243333 0.404192 0.395833 0.424551 0.486667 0.441916 0.540000 0.458084 0.553333 0.455090 0.567500 0.457485 0.596667 0.451497 0.595000 0.443713 0.606667 0.418563 0.609167 0.395210 0.583333 0.376647 0.535833 0.362275 0.219167 0.308383 0.206667 0.303593 0.200000 0.279042 0.190833 0.270659 0.155833 0.264072 0.138333 0.267665 0.115000 0.288024
0 0.357500 0.625749 0.353333 0.627545 0.350000 0.635928 0.352500 0.640120 0.357500 0.641317 0.360833 0.644910 0.358333 0.648503 0.352500 0.648503 0.349167 0.649701 0.344167 0.655090 0.346667 0.658084 0.354167 0.662275 0.355833 0.665269 0.350000 0.677245 0.350833 0.679042 0.348333 0.682635 0.349167 0.684431 0.346667 0.688024 0.347500 0.689820 0.345000 0.693413 0.345833 0.694611 0.343333 0.698802 0.344167 0.700000 0.341667 0.704192 0.342500 0.705389 0.339167 0.714970 0.343333 0.718563 0.357500 0.722156 0.363333 0.722156 0.365000 0.720958 0.365833 0.721557 0.372500 0.707784 0.371667 0.706587 0.375000 0.701198 0.374167 0.699401 0.376667 0.695808 0.375833 0.694611 0.378333 0.690419 0.377500 0.689222 0.380000 0.685030 0.379167 0.683832 0.380833 0.681437 0.380833 0.678443 0.385000 0.670060 0.388333 0.668862 0.392500 0.668862 0.400000 0.671257 0.400000 0.670060 0.401667 0.669461 0.401667 0.667665 0.398333 0.665868 0.398333 0.660479 0.396667 0.658084 0.392500 0.655689 0.390833 0.652695 0.393333 0.650299 0.400000 0.650898 0.405000 0.649102 0.408333 0.644910 0.408333 0.638323 0.405000 0.635928 0.386667 0.631138 0.380000 0.630539 0.371667 0.628144 0.367500 0.628144 0.365000 0.626347 0.363333 0.626946
2 0.685000 0.586228 0.673333 0.588623 0.654167 0.604192 0.628333 0.647904 0.584167 0.708982 0.565833 0.743114 0.559167 0.746108 0.525000 0.743114 0.508333 0.747904 0.491667 0.763473 0.482500 0.792216 0.494167 0.811377 0.566667 0.844311 0.675833 0.875449 0.702500 0.877844 0.712500 0.876048 0.730833 0.866467 0.751667 0.834132 0.747500 0.815569 0.711667 0.792814 0.706667 0.782036 0.722500 0.767066 0.749167 0.717964 0.757500 0.711976 0.780000 0.664072 0.795000 0.641916 0.796667 0.622755 0.787500 0.613174 0.770833 0.606587 0.755000 0.605389 0.725000 0.591617
0 0.956667 0.168862 0.942500 0.167066 0.868333 0.177844 0.841667 0.183234 0.818333 0.185629 0.813333 0.182635 0.811667 0.177246 0.805833 0.170659 0.800833 0.168263 0.792500 0.167665 0.779167 0.177844 0.745000 0.181437 0.727500 0.185030 0.724167 0.188623 0.725000 0.200599 0.730000 0.219760 0.735000 0.226347 0.736667 0.245509 0.740000 0.250299 0.743333 0.252096 0.764167 0.250898 0.775000 0.248503 0.780000 0.244311 0.794167 0.241916 0.803333 0.241916 0.814167 0.245509 0.820833 0.238323 0.825000 0.228144 0.830000 0.225150 0.856667 0.221557 0.884167 0.215569 0.915833 0.212575 0.931667 0.208982 0.949167 0.208383 0.959167 0.205988 0.963333 0.202395 0.964167 0.191617 0.963333 0.183832
3 0.230833 0.367665 0.210833 0.372455 0.177500 0.389222 0.170833 0.407186 0.176667 0.429940 0.288333 0.597006 0.308333 0.635329 0.311667 0.667066 0.333333 0.700000 0.324167 0.708982 0.300000 0.719760 0.297500 0.731737 0.315833 0.756886 0.324167 0.761078 0.347500 0.760479 0.398333 0.750299 0.417500 0.740120 0.511667 0.714371 0.531667 0.704192 0.548333 0.685629 0.528333 0.653892 0.508333 0.652096 0.467500 0.658683 0.451667 0.656886 0.446667 0.652695 0.429167 0.617365 0.312500 0.435329 0.265833 0.379042 0.250000 0.370060
0 0.601667 0.556886 0.599167 0.558683 0.591667 0.568862 0.591667 0.571257 0.593333 0.572455 0.592500 0.573054 0.605833 0.579042 0.607500 0.580838 0.611667 0.582036 0.613333 0.583832 0.617500 0.585030 0.619167 0.586826 0.623333 0.588024 0.625000 0.589820 0.630833 0.591617 0.632500 0.593413 0.636667 0.594611 0.644167 0.599401 0.645000 0.602395 0.643333 0.605389 0.643333 0.610778 0.645000 0.612575 0.648333 0.613772 0.655000 0.613174 0.661667 0.615569 0.666667 0.619162 0.665833 0.619760 0.671667 0.621557 0.671667 0.622755 0.673333 0.622156 0.676667 0.623353 0.679167 0.621557 0.680833 0.621557 0.690833 0.611377 0.693333 0.610180 0.695833 0.605988 0.704167 0.597006 0.703333 0.592814 0.696667 0.588623 0.685833 0.585629 0.682500 0.583234 0.681667 0.579641 0.679167 0.577844 0.672500 0.577246 0.665833 0.580838 0.665000 0.580240 0.661667 0.581437 0.649167 0.576647 0.641667 0.571856 0.634167 0.569461 0.632500 0.567665 0.625000 0.565269 0.623333 0.563473 0.615833 0.561078 0.614167 0.559281 0.607500 0.556886
3 0.285833 0.276048 0.239167 0.295808 0.219167 0.312575 0.140833 0.353293 0.120000 0.371856 0.110000 0.388623 0.143333 0.419162 0.166667 0.416168 0.202500 0.402395 0.219167 0.401198 0.226667 0.405389 0.250000 0.430539 0.441667 0.593413 0.505000 0.637725 0.523333 0.644910 0.544167 0.645509 0.566667 0.635329 0.592500 0.614371 0.592500 0.591617 0.581667 0.576048 0.473333 0.482036 0.400000 0.425150 0.366667 0.391617 0.353333 0.363473 0.319167 0.334731 0.345833 0.305988 0.342500 0.296407 0.315000 0.275449 0.305000 0.272455
3 0.408333 0.323952 0.406667 0.334132 0.415000 0.347904 0.470000 0.376647 0.514167 0.385629 0.589167 0.416168 0.615833 0.433533 0.660000 0.446108 0.703333 0.468263 0.730833 0.477246 0.755000 0.500000 0.746667 0.535928 0.752500 0.542515 0.772500 0.551497 0.794167 0.552695 0.822500 0.542515 0.847500 0.518563 0.878333 0.497605 0.917500 0.452096 0.925000 0.431138 0.920833 0.420359 0.910833 0.411976 0.882500 0.402994 0.865833 0.402994 0.832500 0.423353 0.812500 0.423952 0.778333 0.405389 0.738333 0.394012 0.635000 0.347305 0.591667 0.333533 0.510833 0.294611 0.470833 0.282635 0.445000 0.286826
