1 0.645833 0.183832 0.597500 0.168263 0.566667 0.167066 0.541667 0.173054 0.526667 0.187425 0.520000 0.210778 0.538333 0.237725 0.523333 0.265868 0.402500 0.384431 0.082500 0.723353 0.082500 0.750299 0.100833 0.773054 0.142500 0.774850 0.180000 0.751497 0.622500 0.297006 0.635833 0.292216 0.682500 0.296407 0.699167 0.290419 0.720833 0.258683 0.717500 0.241317 0.699167 0.216168
2 0.433333 0.494012 0.400833 0.498802 0.363333 0.514970 0.348333 0.533533 0.348333 0.544910 0.363333 0.578443 0.406667 0.643114 0.420000 0.670060 0.395833 0.695808 0.393333 0.704790 0.399167 0.729341 0.420000 0.750898 0.436667 0.755090 0.444167 0.759880 0.477500 0.765269 0.520000 0.756287 0.549167 0.746108 0.604167 0.719162 0.620000 0.708982 0.633333 0.694012 0.634167 0.674850 0.627500 0.654491 0.610833 0.634731 0.589167 0.624551 0.565833 0.619162 0.555833 0.619760 0.543333 0.615569 0.471667 0.505988 0.460000 0.498204
3 0.539167 0.364671 0.530833 0.402395 0.536667 0.446707 0.545000 0.466467 0.563333 0.474850 0.587500 0.473054 0.613333 0.462874 0.646667 0.459880 0.705000 0.461078 0.722500 0.458683 0.735000 0.461078 0.753333 0.458084 0.774167 0.461078 0.830833 0.460479 0.855000 0.464072 0.885000 0.464671 0.926667 0.456886 0.938333 0.448503 0.939167 0.423353 0.935833 0.410778 0.921667 0.401796 0.906667 0.398802 0.869167 0.398204 0.821667 0.393413 0.618333 0.384431 0.607500 0.379042 0.600000 0.352096 0.581667 0.346707 0.550833 0.349701 0.545000 0.353293
0 0.405833 0.105389 0.376667 0.102395 0.359167 0.098204 0.343333 0.099401 0.334167 0.104790 0.327500 0.117365 0.326667 0.128144 0.311667 0.135329 0.310833 0.143114 0.316667 0.153892 0.324167 0.158683 0.323333 0.164072 0.315000 0.171257 0.314167 0.177844 0.301667 0.186826 0.295000 0.196407 0.281667 0.229341 0.276667 0.235329 0.276667 0.240120 0.272500 0.247904 0.272500 0.257485 0.281667 0.270060 0.313333 0.282635 0.328333 0.281437 0.339167 0.271257 0.346667 0.250898 0.355833 0.238323 0.358333 0.228144 0.364167 0.220958 0.386667 0.176647 0.393333 0.172455 0.405833 0.174850 0.419167 0.174850 0.415833 0.151497 0.433333 0.141317 0.437500 0.134731 0.438333 0.122754 0.433333 0.115569
1 0.790833 0.193413 0.773333 0.191617 0.755833 0.192814 0.750833 0.194611 0.748333 0.198802 0.749167 0.204192 0.759167 0.213174 0.757500 0.224551 0.754167 0.228743 0.755000 0.238922 0.752500 0.241916 0.749167 0.265269 0.745833 0.271257 0.733333 0.334132 0.730833 0.337126 0.730000 0.344910 0.727500 0.348503 0.728333 0.359880 0.733333 0.362275 0.748333 0.363473 0.754167 0.358084 0.758333 0.332934 0.763333 0.320359 0.763333 0.314371 0.765833 0.310778 0.772500 0.279042 0.775833 0.272455 0.775833 0.265269 0.781667 0.248503 0.782500 0.239521 0.785000 0.235329 0.788333 0.215569 0.792500 0.211377 0.802500 0.210778 0.804167 0.201796 0.802500 0.198802
3 0.452500 0.101796 0.451667 0.118563 0.485833 0.155689 0.534167 0.187425 0.570833 0.221557 0.585833 0.240719 0.626667 0.268263 0.640000 0.285629 0.660833 0.300599 0.670000 0.324551 0.647500 0.354491 0.650000 0.362874 0.662500 0.374850 0.688333 0.380838 0.715000 0.379641 0.744167 0.364671 0.773333 0.358084 0.821667 0.331138 0.841667 0.311976 0.844167 0.302994 0.834167 0.282036 0.821667 0.273653 0.808333 0.271257 0.777500 0.278443 0.757500 0.279042 0.682500 0.214970 0.676667 0.204192 0.662500 0.196407 0.635000 0.167665 0.610000 0.150898 0.550000 0.092216 0.528333 0.079641 0.510833 0.075449 0.496667 0.078443
4 0.503333 0.801198 0.490000 0.797605 0.473333 0.800000 0.347500 0.844910 0.325833 0.855090 0.315000 0.850898 0.294167 0.834132 0.285833 0.830539 0.251667 0.841317 0.236667 0.851497 0.233333 0.860479 0.235000 0.883234 0.246667 0.908982 0.275000 0.941317 0.325000 0.977246 0.342500 0.977844 0.355833 0.974850 0.377500 0.962874 0.382500 0.947904 0.381667 0.920958 0.395833 0.917964 0.441667 0.898802 0.454167 0.895808 0.534167 0.862874 0.540000 0.850299 0.539167 0.840719 0.522500 0.815569
3 0.278333 0.237725 0.243333 0.259281 0.218333 0.283234 0.220833 0.297006 0.230833 0.308982 0.583333 0.548503 0.582500 0.562275 0.550833 0.587425 0.556667 0.601198 0.597500 0.625749 0.638333 0.611377 0.699167 0.568862 0.766667 0.510180 0.780000 0.488623 0.779167 0.479042 0.751667 0.457485 0.735833 0.452096 0.698333 0.471856 0.675000 0.470060 0.489167 0.359880 0.341667 0.258683 0.299167 0.237126
0 0.179167 0.673653 0.154167 0.702395 0.150833 0.719162 0.175000 0.741916 0.209167 0.753293 0.218333 0.769461 0.234167 0.774850 0.265000 0.769461 0.282500 0.761677 0.290833 0.763473 0.320833 0.782036 0.437500 0.838323 0.452500 0.838922 0.463333 0.836527 0.484167 0.823353 0.497500 0.802395 0.495000 0.794012 0.472500 0.776048 0.412500 0.744910 0.365000 0.713174 0.345000 0.704790 0.350833 0.678443 0.341667 0.667066 0.330000 0.663473 0.306667 0.665269 0.287500 0.657485 0.276667 0.641317 0.263333 0.637126 0.255000 0.631138 0.238333 0.632335 0.217500 0.644910
3 0.595833 0.084431 0.570833 0.091617 0.555833 0.123353 0.565833 0.135928 0.590833 0.143114 0.609167 0.156287 0.610833 0.173054 0.597500 0.195210 0.565833 0.280240 0.530833 0.338922 0.489167 0.427545 0.470833 0.482635 0.476667 0.507784 0.528333 0.532335 0.557500 0.526347 0.571667 0.516168 0.586667 0.494611 0.704167 0.251497 0.749167 0.197605 0.761667 0.194012 0.800833 0.199401 0.806667 0.197006 0.820833 0.169461 0.818333 0.153892 0.790833 0.136527 0.695000 0.104790
0 0.471667 0.523952 0.460000 0.543713 0.459167 0.554491 0.462500 0.564072 0.481667 0.575449 0.491667 0.585030 0.518333 0.597006 0.530000 0.606587 0.548333 0.610778 0.577500 0.625150 0.589167 0.634731 0.596667 0.650898 0.613333 0.662874 0.626667 0.665269 0.656667 0.663473 0.675833 0.679641 0.690833 0.685629 0.710833 0.689820 0.735000 0.690419 0.750000 0.686826 0.764167 0.679641 0.787500 0.657485 0.799167 0.641317 0.804167 0.614371 0.799167 0.602994 0.781667 0.591018 0.760833 0.585030 0.745000 0.585629 0.733333 0.583234 0.723333 0.563473 0.707500 0.552695 0.689167 0.550898 0.639167 0.563473 0.599167 0.549701 0.539167 0.524551 0.508333 0.515569 0.495833 0.515569
3 0.417500 0.634132 0.425000 0.646707 0.422500 0.658683 0.426667 0.665868 0.428333 0.684431 0.455000 0.714970 0.468333 0.720958 0.483333 0.720958 0.501667 0.716766 0.517500 0.700599 0.520000 0.686228 0.530000 0.687425 0.543333 0.683832 0.559167 0.685629 0.578333 0.680239 0.654167 0.675449 0.715833 0.667066 0.755833 0.667066 0.783333 0.656886 0.792500 0.649701 0.794167 0.644311 0.792500 0.627545 0.786667 0.618563 0.779167 0.613772 0.763333 0.610180 0.708333 0.608982 0.681667 0.612575 0.660833 0.611976 0.650000 0.615569 0.640000 0.614970 0.628333 0.617964 0.620000 0.616766 0.614167 0.619162 0.583333 0.617964 0.552500 0.622755 0.532500 0.620359 0.505000 0.622156 0.480000 0.603593 0.468333 0.600599 0.450000 0.602395 0.435833 0.607784 0.425000 0.618563
3 0.710000 0.161078 0.710000 0.168263 0.712500 0.172455 0.718333 0.176647 0.737500 0.182036 0.766667 0.186826 0.775000 0.189820 0.780000 0.189820 0.803333 0.195808 0.806667 0.195210 0.816667 0.198802 0.821667 0.198802 0.835000 0.202994 0.850000 0.205389 0.858333 0.208982 0.858333 0.223952 0.871667 0.228743 0.878333 0.228743 0.885000 0.224551 0.903333 0.194611 0.904167 0.186826 0.905833 0.185629 0.905000 0.170060 0.903333 0.167665 0.890833 0.163473 0.885000 0.162874 0.881667 0.164671 0.875833 0.172455 0.874167 0.172455 0.870000 0.177246 0.866667 0.177844 0.764167 0.156287 0.759167 0.153892 0.745833 0.152096 0.740833 0.149701 0.725833 0.148503 0.715833 0.152096
3 0.269167 0.330539 0.240833 0.351497 0.220000 0.375449 0.222500 0.388623 0.234167 0.400599 0.596667 0.599401 0.596667 0.611377 0.570000 0.638323 0.581667 0.652096 0.615000 0.668862 0.634167 0.664671 0.653333 0.654491 0.705833 0.608982 0.757500 0.553293 0.770000 0.528742 0.768333 0.520359 0.739167 0.501796 0.725833 0.498204 0.691667 0.518563 0.670000 0.519162 0.480833 0.429341 0.323333 0.342515 0.287500 0.328743
2 0.359167 0.167665 0.341667 0.183234 0.342500 0.201796 0.325000 0.219162 0.308333 0.246108 0.303333 0.267066 0.306667 0.277844 0.331667 0.294012 0.386667 0.308383 0.520000 0.354491 0.585833 0.365868 0.591667 0.377246 0.584167 0.399401 0.591667 0.419162 0.648333 0.441916 0.665000 0.442515 0.690833 0.435329 0.747500 0.367066 0.779167 0.298802 0.800833 0.268263 0.810000 0.243713 0.805833 0.231138 0.792500 0.219760 0.747500 0.204192 0.719167 0.201198 0.700000 0.207186 0.656667 0.243713 0.606667 0.227545 0.590833 0.226946 0.581667 0.219760 0.567500 0.219760 0.535833 0.210778 0.503333 0.197605 0.485833 0.196407 0.470000 0.189222 0.392500 0.170060
0 0.286667 0.744910 0.280000 0.781437 0.298333 0.792814 0.350000 0.797006 0.422500 0.805988 0.447500 0.811976 0.503333 0.817365 0.508333 0.820359 0.517500 0.845509 0.530000 0.851497 0.552500 0.841916 0.565833 0.841317 0.592500 0.853293 0.615000 0.853892 0.625000 0.852096 0.633333 0.844311 0.641667 0.789222 0.640833 0.773054 0.645000 0.760479 0.641667 0.745509 0.635000 0.741916 0.593333 0.740120 0.578333 0.731737 0.549167 0.725748 0.540000 0.725748 0.501667 0.736527 0.476667 0.730539 0.460000 0.732934 0.440000 0.728743 0.410000 0.728743 0.395833 0.724551 0.337500 0.721557 0.315833 0.726347 0.296667 0.734132
0 0.785000 0.861677 0.784167 0.862874 0.779167 0.862874 0.776667 0.864671 0.775833 0.867665 0.774167 0.868263 0.773333 0.922754 0.769167 0.928144 0.764167 0.931138 0.762500 0.936527 0.763333 0.942515 0.765833 0.943114 0.770000 0.947305 0.770000 0.952695 0.768333 0.953293 0.769167 0.962275 0.770833 0.964671 0.774167 0.966467 0.773333 0.967066 0.778333 0.967665 0.780000 0.968862 0.817500 0.967066 0.828333 0.964671 0.834167 0.959281 0.835000 0.951497 0.834167 0.949102 0.831667 0.947904 0.832500 0.946707 0.830000 0.945509 0.829167 0.941317 0.830000 0.938922 0.833333 0.935928 0.833333 0.934132 0.835000 0.933533 0.835000 0.929940 0.831667 0.923952 0.827500 0.921557 0.820000 0.919760 0.815000 0.916766 0.813333 0.910180 0.814167 0.905988 0.812500 0.905389 0.813333 0.901198 0.810000 0.889222 0.810833 0.885030 0.807500 0.871856 0.808333 0.868862 0.806667 0.867665 0.807500 0.867066 0.803333 0.863473 0.797500 0.862275
3 0.240833 0.690419 0.240833 0.692814 0.237500 0.695210 0.237500 0.698802 0.242500 0.706587 0.280000 0.732335 0.282500 0.732335 0.316667 0.755090 0.320833 0.759281 0.338333 0.770060 0.337500 0.774850 0.330000 0.781437 0.330833 0.786826 0.337500 0.791018 0.345833 0.792216 0.354167 0.789222 0.385000 0.769461 0.391667 0.766467 0.394167 0.763473 0.395833 0.763473 0.395000 0.748503 0.392500 0.748503 0.389167 0.744910 0.383333 0.744910 0.371667 0.752096 0.367500 0.752695 0.330000 0.725748 0.301667 0.707186 0.293333 0.702994 0.269167 0.685030 0.260000 0.682036 0.255000 0.682036 0.250833 0.683832 0.244167 0.689820
