4 0.379167 0.414970 0.358333 0.417365 0.336667 0.429940 0.294167 0.492216 0.245000 0.550898 0.231667 0.573653 0.220000 0.577844 0.204167 0.576647 0.190833 0.581437 0.151667 0.586228 0.142500 0.592814 0.115833 0.628144 0.123333 0.641317 0.144167 0.661078 0.175833 0.682036 0.248333 0.711976 0.319167 0.728144 0.345000 0.729341 0.377500 0.722754 0.392500 0.711976 0.405833 0.693413 0.413333 0.673054 0.373333 0.640719 0.370000 0.628144 0.389167 0.600599 0.390833 0.592216 0.472500 0.480838 0.470833 0.464671 0.443333 0.433533 0.416667 0.422156
4 0.388333 0.486826 0.382500 0.488623 0.377500 0.496407 0.377500 0.501198 0.375000 0.507186 0.375833 0.510180 0.372500 0.517964 0.373333 0.519162 0.370833 0.525150 0.371667 0.528144 0.367500 0.541317 0.368333 0.547305 0.363333 0.549102 0.358333 0.548503 0.353333 0.549701 0.349167 0.552096 0.340833 0.563473 0.339167 0.576048 0.340833 0.578443 0.348333 0.582635 0.366667 0.589820 0.395833 0.594611 0.414167 0.594611 0.420000 0.592814 0.425833 0.588623 0.426667 0.589222 0.431667 0.586228 0.436667 0.577844 0.436667 0.571257 0.438333 0.568862 0.437500 0.565269 0.434167 0.562874 0.421667 0.558084 0.416667 0.553892 0.418333 0.551497 0.417500 0.550299 0.420833 0.540719 0.420833 0.534132 0.425000 0.520958 0.425000 0.510778 0.427500 0.504790 0.425833 0.502994 0.426667 0.500000 0.425000 0.498204 0.425833 0.497006 0.415833 0.490419 0.405833 0.488024 0.404167 0.488623 0.395833 0.486826
3 0.236667 0.542515 0.234167 0.570060 0.247500 0.633533 0.263333 0.662874 0.270000 0.665868 0.293333 0.665868 0.307500 0.661078 0.324167 0.629940 0.345833 0.631138 0.358333 0.627545 0.380000 0.629940 0.400000 0.626946 0.412500 0.631138 0.421667 0.626946 0.445000 0.628743 0.477500 0.626347 0.502500 0.620359 0.586667 0.619162 0.624167 0.611976 0.656667 0.597605 0.661667 0.592216 0.660833 0.573054 0.664167 0.567665 0.660000 0.553892 0.640833 0.544311 0.593333 0.543713 0.314167 0.562275 0.300000 0.556886 0.294167 0.538922 0.285000 0.526946 0.252500 0.528144 0.242500 0.532335
1 0.279167 0.074251 0.217500 0.105389 0.200000 0.139521 0.208333 0.167665 0.222500 0.180838 0.292500 0.198204 0.573333 0.886228 0.601667 0.913772 0.651667 0.919760 0.695833 0.899401 0.698333 0.858683 0.430833 0.183832 0.439167 0.163473 0.481667 0.130539 0.475000 0.098802 0.459167 0.079641 0.420000 0.066467 0.338333 0.065868
0 0.261667 0.280240 0.254167 0.298204 0.255833 0.305389 0.260833 0.309581 0.268333 0.313174 0.287500 0.316766 0.298333 0.320958 0.312500 0.321557 0.325000 0.327545 0.339167 0.328144 0.350000 0.332934 0.365000 0.334731 0.379167 0.340120 0.395000 0.343114 0.404167 0.348503 0.404167 0.361677 0.410000 0.368263 0.418333 0.370060 0.436667 0.366467 0.460833 0.376647 0.477500 0.379042 0.487500 0.373653 0.493333 0.367066 0.505000 0.341916 0.505833 0.331737 0.513333 0.317365 0.514167 0.311377 0.505833 0.303593 0.495833 0.300599 0.469167 0.300599 0.448333 0.288623 0.431667 0.294012 0.407500 0.295808 0.404167 0.297605 0.382500 0.288623 0.372500 0.289222 0.366667 0.286228 0.357500 0.286228 0.343333 0.283234 0.337500 0.280240 0.306667 0.277246 0.294167 0.277844 0.275000 0.273653 0.267500 0.276048
2 0.733333 0.722754 0.721667 0.725150 0.707500 0.734132 0.694167 0.759880 0.698333 0.776048 0.710000 0.783832 0.731667 0.792216 0.738333 0.798204 0.717500 0.828144 0.689167 0.896407 0.676667 0.938323 0.683333 0.948503 0.715000 0.961078 0.761667 0.968862 0.781667 0.968862 0.794167 0.962275 0.805833 0.946707 0.845000 0.857485 0.851667 0.826946 0.864167 0.817964 0.906667 0.814970 0.920833 0.798204 0.927500 0.770060 0.915000 0.764072 0.849167 0.750299 0.820833 0.740120
3 0.325000 0.698802 0.323333 0.741916 0.331667 0.778443 0.341667 0.789222 0.360833 0.793413 0.400000 0.791617 0.412500 0.761078 0.423333 0.751497 0.731667 0.756287 0.784167 0.764072 0.797500 0.759281 0.809167 0.761677 0.824167 0.752096 0.835000 0.752695 0.838333 0.746707 0.834167 0.741317 0.838333 0.707186 0.831667 0.693413 0.813333 0.682635 0.776667 0.674850 0.704167 0.671257 0.592500 0.671856 0.480833 0.665868 0.431667 0.667665 0.420000 0.661677 0.407500 0.635928 0.361667 0.632335 0.350000 0.638922 0.339167 0.655090
4 0.827500 0.140719 0.811667 0.130539 0.795833 0.123952 0.762500 0.119760 0.745000 0.120359 0.726667 0.124551 0.707500 0.133533 0.694167 0.149102 0.695000 0.166467 0.684167 0.187425 0.644167 0.202994 0.626667 0.213174 0.591667 0.227545 0.574167 0.237126 0.562500 0.246707 0.558333 0.261078 0.565833 0.279641 0.577500 0.292814 0.588333 0.300000 0.616667 0.303593 0.632500 0.299401 0.698333 0.269461 0.735000 0.256287 0.781667 0.261078 0.810833 0.261677 0.829167 0.258084 0.846667 0.249701 0.860833 0.234132 0.860000 0.226347 0.864167 0.217365 0.867500 0.194611 0.851667 0.165269
0 0.618333 0.491018 0.600000 0.490419 0.574167 0.494012 0.559167 0.504790 0.558333 0.531737 0.553333 0.545509 0.550833 0.574850 0.552500 0.602994 0.547500 0.631138 0.516667 0.645509 0.505833 0.653293 0.500833 0.662874 0.503333 0.677245 0.521667 0.698204 0.519167 0.707186 0.511667 0.714371 0.509167 0.728743 0.513333 0.741916 0.543333 0.753892 0.586667 0.760479 0.630000 0.759281 0.647500 0.755689 0.665833 0.740120 0.669167 0.731138 0.663333 0.699401 0.673333 0.692814 0.681667 0.682036 0.681667 0.669461 0.674167 0.655090 0.640000 0.632934 0.639167 0.587425 0.643333 0.565868 0.644167 0.511976 0.637500 0.499401 0.628333 0.493413
3 0.418333 0.159880 0.402500 0.175449 0.396667 0.189222 0.395833 0.211976 0.406667 0.225749 0.457500 0.256287 0.520000 0.285629 0.631667 0.350299 0.707500 0.388623 0.707500 0.409581 0.699167 0.433533 0.725000 0.453892 0.745000 0.458084 0.803333 0.442515 0.839167 0.410778 0.870000 0.364072 0.878333 0.334132 0.870833 0.319760 0.835000 0.304192 0.805000 0.307784 0.779167 0.316168 0.763333 0.313772 0.625000 0.238323 0.479167 0.165269 0.438333 0.154491
3 0.653333 0.671257 0.648333 0.651497 0.635833 0.642515 0.617500 0.640120 0.593333 0.643713 0.575000 0.664671 0.574167 0.676647 0.564167 0.680239 0.535000 0.679641 0.510000 0.673653 0.458333 0.673653 0.423333 0.669461 0.390000 0.671257 0.371667 0.665868 0.349167 0.666467 0.335000 0.662874 0.194167 0.657485 0.169167 0.659880 0.144167 0.667066 0.135000 0.680838 0.130000 0.706587 0.140833 0.729940 0.156667 0.740120 0.178333 0.745509 0.330000 0.750898 0.547500 0.765269 0.560833 0.770060 0.565833 0.798802 0.575000 0.808982 0.610000 0.812575 0.620833 0.810778 0.630000 0.803593 0.639167 0.783234 0.646667 0.695210
4 0.390833 0.640719 0.379167 0.649701 0.374167 0.661078 0.374167 0.668263 0.377500 0.679042 0.410833 0.720359 0.436667 0.760479 0.437500 0.773653 0.429167 0.804192 0.430833 0.816168 0.435833 0.823952 0.458333 0.841317 0.493333 0.848503 0.521667 0.846707 0.562500 0.834132 0.592500 0.819162 0.601667 0.810778 0.611667 0.795808 0.616667 0.781437 0.616667 0.766467 0.607500 0.748503 0.598333 0.738323 0.590000 0.734731 0.561667 0.732934 0.554167 0.729341 0.535833 0.727545 0.530000 0.724551 0.520000 0.708383 0.504167 0.692814 0.479167 0.657485 0.457500 0.636527 0.441667 0.630539 0.421667 0.631737
4 0.520833 0.587425 0.508333 0.564072 0.493333 0.554491 0.429167 0.547305 0.415000 0.554491 0.394167 0.604192 0.385833 0.611377 0.365833 0.599401 0.311667 0.590419 0.262500 0.590419 0.133333 0.574850 0.105000 0.577844 0.093333 0.585629 0.079167 0.632335 0.084167 0.681437 0.101667 0.693413 0.125833 0.699401 0.158333 0.697605 0.199167 0.700599 0.218333 0.706587 0.323333 0.709581 0.335833 0.713772 0.352500 0.711976 0.368333 0.720958 0.390833 0.770060 0.412500 0.780838 0.471667 0.785629 0.498333 0.755689 0.518333 0.699401 0.525833 0.647904
2 0.413333 0.711976 0.388333 0.739521 0.382500 0.749102 0.382500 0.753293 0.390833 0.758084 0.396667 0.759880 0.400833 0.759880 0.406667 0.756287 0.409167 0.752695 0.411667 0.752695 0.431667 0.761078 0.432500 0.760479 0.435000 0.762275 0.441667 0.764072 0.444167 0.765868 0.450833 0.767665 0.453333 0.769461 0.454167 0.768862 0.464167 0.773653 0.468333 0.774850 0.472500 0.773653 0.485000 0.759281 0.486667 0.756287 0.486667 0.752096 0.471667 0.743713 0.468333 0.743114 0.465833 0.741317 0.465000 0.741916 0.447500 0.734132 0.431667 0.728743 0.430833 0.725150 0.434167 0.720958 0.433333 0.716766 0.425000 0.711976
3 0.226667 0.435928 0.192500 0.465868 0.155000 0.514970 0.151667 0.532335 0.158333 0.539521 0.177500 0.547904 0.190833 0.549102 0.215000 0.533533 0.228333 0.533533 0.285833 0.560479 0.318333 0.568263 0.347500 0.579042 0.475000 0.637126 0.505000 0.645509 0.511667 0.644910 0.525833 0.632335 0.541667 0.610778 0.532500 0.597006 0.435000 0.550898 0.273333 0.480240 0.266667 0.468263 0.281667 0.448503 0.272500 0.438922 0.250000 0.428743 0.239167 0.429940
1 0.040000 0.769461 0.038333 0.773653 0.044167 0.778443 0.050000 0.779042 0.058333 0.774252 0.061667 0.774252 0.070000 0.782635 0.087500 0.791018 0.104167 0.801796 0.116667 0.807186 0.125000 0.814371 0.141667 0.823353 0.149167 0.829341 0.170833 0.841317 0.215000 0.869461 0.222500 0.870659 0.228333 0.868862 0.233333 0.864671 0.235833 0.860479 0.235000 0.856886 0.224167 0.847904 0.208333 0.839521 0.198333 0.832335 0.194167 0.831138 0.184167 0.823353 0.150833 0.804790 0.129167 0.789820 0.085833 0.764072 0.079167 0.758084 0.085000 0.749701 0.077500 0.744311 0.068333 0.746707
3 0.242500 0.478443 0.225000 0.486826 0.215833 0.495210 0.217500 0.505988 0.225000 0.517964 0.234167 0.524551 0.263333 0.519760 0.281667 0.522754 0.299167 0.555090 0.302500 0.568263 0.335833 0.625749 0.343333 0.645509 0.381667 0.716168 0.403333 0.729341 0.424167 0.726946 0.445833 0.728144 0.455833 0.717964 0.455833 0.704192 0.440000 0.665269 0.403333 0.604192 0.372500 0.538922 0.371667 0.524551 0.364167 0.501198 0.369167 0.495210 0.386667 0.489222 0.390833 0.483832 0.379167 0.461677 0.360833 0.457485 0.334167 0.458084 0.288333 0.466467
0 0.524167 0.443114 0.512500 0.437126 0.498333 0.436527 0.487500 0.440719 0.481667 0.444910 0.476667 0.453293 0.455833 0.446707 0.441667 0.447305 0.435833 0.451497 0.434167 0.465269 0.429167 0.471856 0.385000 0.485629 0.365000 0.488623 0.325833 0.499401 0.315000 0.504790 0.312500 0.507784 0.311667 0.516168 0.316667 0.527545 0.327500 0.537725 0.340000 0.539521 0.388333 0.528742 0.404167 0.527545 0.411667 0.525150 0.418333 0.520359 0.425833 0.520359 0.440833 0.516168 0.452500 0.516766 0.464167 0.523952 0.483333 0.526946 0.490833 0.523952 0.495833 0.514970 0.499167 0.512575 0.506667 0.511377 0.521667 0.513772 0.538333 0.510180 0.546667 0.503593 0.549167 0.498802 0.547500 0.480240 0.535833 0.462275 0.535000 0.457485
