1 0.538333 0.135928 0.500000 0.131737 0.460833 0.171856 0.400000 0.302994 0.382500 0.311377 0.365833 0.367665 0.340833 0.394012 0.322500 0.459281 0.303333 0.457485 0.288333 0.511377 0.275000 0.523353 0.174167 0.722156 0.163333 0.731737 0.111667 0.727545 0.093333 0.750299 0.096667 0.770659 0.130000 0.785629 0.260000 0.816168 0.308333 0.813772 0.322500 0.798802 0.325000 0.770060 0.296667 0.751497 0.290833 0.739521 0.321667 0.695210 0.375833 0.567665 0.403333 0.525150 0.404167 0.508982 0.415833 0.498802 0.420833 0.478443 0.485000 0.369461 0.512500 0.300599 0.585833 0.193413 0.589167 0.174850 0.580833 0.152096
0 0.550000 0.350299 0.551667 0.364072 0.564167 0.400000 0.576667 0.413174 0.590833 0.416168 0.627500 0.410180 0.648333 0.420359 0.653333 0.418563 0.660000 0.407186 0.674167 0.400000 0.685000 0.398204 0.738333 0.398204 0.820000 0.383832 0.834167 0.377844 0.843333 0.365868 0.842500 0.335928 0.832500 0.328144 0.814167 0.326347 0.785833 0.331138 0.759167 0.331737 0.741667 0.335329 0.696667 0.337725 0.686667 0.340719 0.669167 0.341317 0.659167 0.343713 0.647500 0.340120 0.647500 0.334132 0.638333 0.320958 0.611667 0.334132 0.600833 0.334132 0.586667 0.328743 0.567500 0.331138 0.553333 0.338922
1 0.205000 0.266467 0.176667 0.329940 0.167500 0.367066 0.170000 0.384431 0.214167 0.394012 0.235000 0.369461 0.252500 0.365868 0.520000 0.417964 0.559167 0.430539 0.888333 0.498204 0.931667 0.500000 0.946667 0.491617 0.955000 0.478443 0.957500 0.451497 0.923333 0.435329 0.287500 0.304790 0.266667 0.294611 0.255000 0.265269 0.232500 0.253892 0.220833 0.255090
3 0.403333 0.483832 0.398333 0.489222 0.396667 0.501198 0.416667 0.533533 0.440000 0.550898 0.463333 0.583832 0.475000 0.595210 0.480833 0.610180 0.499167 0.626946 0.518333 0.655689 0.532500 0.670659 0.535833 0.691018 0.517500 0.703593 0.510833 0.711976 0.510833 0.717365 0.519167 0.729341 0.533333 0.735928 0.555000 0.737126 0.582500 0.728743 0.617500 0.722754 0.664167 0.705389 0.680833 0.693413 0.684167 0.686228 0.681667 0.676647 0.669167 0.664072 0.652500 0.658084 0.623333 0.662874 0.611667 0.656886 0.600000 0.636527 0.580000 0.617964 0.537500 0.558683 0.518333 0.539521 0.486667 0.492814 0.465000 0.471856 0.449167 0.468862
0 0.675833 0.444910 0.648333 0.472455 0.643333 0.484431 0.639167 0.515569 0.625833 0.523952 0.635833 0.531737 0.626667 0.544910 0.616667 0.552695 0.622500 0.562275 0.623333 0.580838 0.617500 0.587425 0.585833 0.594012 0.580833 0.604790 0.593333 0.624551 0.596667 0.640120 0.580833 0.655689 0.575833 0.676048 0.576667 0.681437 0.584167 0.688623 0.650833 0.698802 0.672500 0.698204 0.704167 0.702395 0.713333 0.701198 0.725000 0.691018 0.725000 0.670659 0.720833 0.656287 0.729167 0.640719 0.744167 0.632934 0.750833 0.625749 0.749167 0.616766 0.738333 0.608383 0.718333 0.600000 0.715000 0.592814 0.720000 0.552695 0.728333 0.522156 0.727500 0.502994 0.736667 0.488623 0.735833 0.459281 0.725833 0.451497
0 0.767500 0.288024 0.744167 0.283234 0.725000 0.289222 0.697500 0.314970 0.679167 0.328144 0.670000 0.338922 0.637500 0.364671 0.596667 0.362874 0.587500 0.365269 0.578333 0.373653 0.580000 0.397605 0.573333 0.408982 0.565833 0.410778 0.557500 0.409581 0.546667 0.413174 0.535000 0.422754 0.527500 0.434132 0.530000 0.447305 0.538333 0.461677 0.550000 0.471856 0.569167 0.483234 0.602500 0.494611 0.619167 0.495808 0.640000 0.489820 0.650833 0.481437 0.665000 0.455689 0.675000 0.450898 0.692500 0.450898 0.700000 0.446707 0.709167 0.434731 0.707500 0.421557 0.700000 0.407784 0.704167 0.399401 0.749167 0.356287 0.770000 0.340120 0.787500 0.319162 0.790000 0.311377 0.785000 0.301198
1 0.390000 0.476048 0.334167 0.496407 0.302500 0.513772 0.281667 0.533533 0.285833 0.547904 0.305833 0.561677 0.325833 0.557485 0.340833 0.564671 0.361667 0.597605 0.435000 0.679641 0.460833 0.724551 0.473333 0.733533 0.524167 0.811976 0.565000 0.855689 0.596667 0.921557 0.618333 0.941317 0.638333 0.947904 0.654167 0.946108 0.690000 0.929341 0.695000 0.919760 0.689167 0.904192 0.611667 0.793413 0.600000 0.784431 0.580000 0.745509 0.546667 0.717964 0.552500 0.707784 0.511667 0.668862 0.511667 0.658683 0.411667 0.523952 0.434167 0.502395 0.432500 0.485629 0.414167 0.472455
2 0.322500 0.527545 0.305833 0.534132 0.289167 0.548503 0.275833 0.586228 0.267500 0.598204 0.253333 0.650299 0.245833 0.659281 0.233333 0.687425 0.217500 0.694012 0.195000 0.686826 0.173333 0.693413 0.155833 0.727545 0.161667 0.744311 0.166667 0.749102 0.198333 0.761078 0.212500 0.762275 0.238333 0.769461 0.279167 0.772455 0.295000 0.776048 0.362500 0.779641 0.375833 0.777246 0.394167 0.768263 0.406667 0.747305 0.405000 0.723952 0.395833 0.715569 0.375000 0.707784 0.371667 0.697006 0.378333 0.670060 0.376667 0.659880 0.395000 0.614970 0.395000 0.602994 0.402500 0.589820 0.405833 0.570060 0.411667 0.561677 0.411667 0.545509 0.403333 0.538922 0.355000 0.529940
3 0.140000 0.511377 0.109167 0.537126 0.103333 0.555689 0.114167 0.573653 0.374167 0.718563 0.382500 0.726347 0.366667 0.749701 0.366667 0.762275 0.389167 0.775449 0.397500 0.777844 0.409167 0.776048 0.431667 0.762874 0.494167 0.702994 0.515833 0.686826 0.525000 0.671257 0.520833 0.659281 0.507500 0.651497 0.489167 0.646707 0.463333 0.655689 0.453333 0.664072 0.444167 0.663473 0.424167 0.653293 0.401667 0.635928 0.363333 0.617365 0.349167 0.607186 0.325000 0.598204 0.312500 0.586228 0.240000 0.547904 0.230833 0.538922 0.170833 0.513174 0.149167 0.508982
3 0.337500 0.540120 0.335833 0.569461 0.345833 0.617964 0.361667 0.645509 0.381667 0.652695 0.420000 0.649102 0.451667 0.635928 0.495000 0.631737 0.570833 0.632934 0.599167 0.629341 0.615833 0.632335 0.644167 0.628144 0.671667 0.632335 0.747500 0.630539 0.781667 0.635329 0.822500 0.635329 0.875000 0.625749 0.890000 0.618563 0.894167 0.611377 0.889167 0.561078 0.871667 0.549701 0.842500 0.544910 0.797500 0.544910 0.733333 0.538922 0.455833 0.528742 0.440833 0.521557 0.430833 0.485629 0.406667 0.477844 0.363333 0.482036 0.354167 0.487425
