2 0.320000 0.554491 0.293333 0.558683 0.245000 0.575449 0.173333 0.613174 0.154167 0.632934 0.151667 0.664072 0.166667 0.692216 0.186667 0.708383 0.204167 0.717365 0.250833 0.725748 0.259167 0.731138 0.270833 0.753892 0.339167 0.852695 0.366667 0.861078 0.383333 0.861078 0.413333 0.856886 0.449167 0.841317 0.462500 0.832934 0.473333 0.808383 0.460000 0.773054 0.412500 0.701796 0.395000 0.668862 0.398333 0.660479 0.417500 0.643114 0.424167 0.629940 0.416667 0.597006 0.399167 0.576048 0.387500 0.568862 0.358333 0.559880
4 0.172500 0.442515 0.158333 0.448503 0.092500 0.498204 0.069167 0.520958 0.045000 0.550898 0.039167 0.573653 0.048333 0.585030 0.082500 0.604192 0.112500 0.587425 0.124167 0.584431 0.140000 0.595808 0.154167 0.595808 0.164167 0.601796 0.174167 0.613174 0.207500 0.627545 0.217500 0.637126 0.289167 0.680838 0.308333 0.685629 0.357500 0.646108 0.368333 0.632934 0.370000 0.620359 0.356667 0.608383 0.320000 0.589222 0.305833 0.573653 0.283333 0.560479 0.274167 0.551497 0.211667 0.513772 0.205833 0.505988 0.223333 0.488024 0.228333 0.477246 0.226667 0.465269 0.195000 0.444311 0.183333 0.440719
4 0.161667 0.173054 0.145833 0.198802 0.139167 0.226946 0.139167 0.306587 0.153333 0.357485 0.170000 0.380240 0.180833 0.385629 0.245000 0.389222 0.256667 0.385030 0.270833 0.332934 0.277500 0.325749 0.295833 0.334731 0.349167 0.337725 0.390833 0.332934 0.523333 0.334132 0.545000 0.329341 0.554167 0.322156 0.552500 0.307186 0.559167 0.289222 0.555833 0.255090 0.549167 0.236527 0.535833 0.224551 0.513333 0.218563 0.485833 0.223353 0.415000 0.220359 0.385833 0.224551 0.290000 0.226946 0.270833 0.218563 0.262500 0.198802 0.243333 0.176048 0.190000 0.169461
2 0.736667 0.098204 0.706667 0.110180 0.676667 0.138323 0.675833 0.144910 0.701667 0.174850 0.699167 0.185030 0.600833 0.251497 0.591667 0.261078 0.581667 0.264671 0.575833 0.272455 0.532500 0.298802 0.518333 0.314970 0.517500 0.320359 0.527500 0.332934 0.559167 0.359281 0.587500 0.377844 0.613333 0.389222 0.622500 0.389820 0.630000 0.382635 0.681667 0.365868 0.732500 0.332335 0.746667 0.317964 0.755833 0.314970 0.810000 0.277844 0.825000 0.273653 0.846667 0.285030 0.865833 0.283234 0.887500 0.271856 0.908333 0.250299 0.910833 0.240719 0.900000 0.224551 0.870000 0.201796 0.850833 0.182036 0.781667 0.132934 0.756667 0.106587
0 0.760000 0.092814 0.757500 0.091018 0.751667 0.089820 0.716667 0.103593 0.715833 0.104790 0.708333 0.107186 0.705000 0.109581 0.700833 0.110778 0.700833 0.111976 0.693333 0.114970 0.685000 0.113174 0.681667 0.111377 0.679167 0.112575 0.675833 0.111976 0.668333 0.114970 0.666667 0.117964 0.667500 0.118563 0.665000 0.121557 0.662500 0.121557 0.650833 0.126347 0.648333 0.128743 0.648333 0.133533 0.656667 0.144910 0.658333 0.145509 0.663333 0.151497 0.667500 0.153892 0.668333 0.155689 0.669167 0.155090 0.671667 0.157485 0.675833 0.158084 0.687500 0.153892 0.689167 0.152096 0.695833 0.149701 0.704167 0.149701 0.706667 0.148503 0.708333 0.149102 0.713333 0.144311 0.713333 0.138922 0.711667 0.137126 0.712500 0.133533 0.719167 0.129341 0.731667 0.124551 0.739167 0.119760 0.751667 0.114970 0.765000 0.107784 0.766667 0.104790 0.766667 0.100599
3 0.775833 0.086826 0.753333 0.084431 0.726667 0.088024 0.700000 0.101796 0.675000 0.167066 0.652500 0.264671 0.623333 0.361078 0.620833 0.388623 0.611667 0.397006 0.569167 0.400599 0.558333 0.405389 0.547500 0.417964 0.544167 0.446108 0.564167 0.452695 0.593333 0.475449 0.657500 0.484431 0.715833 0.485629 0.757500 0.480240 0.782500 0.469461 0.790000 0.445509 0.786667 0.434132 0.741667 0.404790 0.737500 0.396407 0.759167 0.330539 0.807500 0.125150 0.803333 0.101198 0.791667 0.091617
2 0.421667 0.521557 0.410833 0.525748 0.395833 0.549701 0.365833 0.623952 0.362500 0.641916 0.356667 0.653892 0.352500 0.656287 0.327500 0.656287 0.312500 0.663473 0.300833 0.684431 0.300833 0.697605 0.309167 0.707784 0.345000 0.720359 0.420833 0.736527 0.434167 0.737126 0.460833 0.743114 0.481667 0.743713 0.492500 0.740719 0.504167 0.733533 0.510833 0.723952 0.513333 0.700599 0.507500 0.693413 0.472500 0.676048 0.486667 0.638922 0.486667 0.632335 0.496667 0.614371 0.507500 0.572455 0.513333 0.561078 0.513333 0.538922 0.500833 0.531737 0.481667 0.530539 0.448333 0.522156
0 0.594167 0.213174 0.590833 0.211976 0.586667 0.213174 0.546667 0.235329 0.541667 0.235329 0.534167 0.232934 0.530000 0.235329 0.530000 0.237126 0.525833 0.240719 0.520000 0.241916 0.512500 0.247305 0.515833 0.255090 0.520833 0.259281 0.522500 0.262275 0.535000 0.270659 0.539167 0.270659 0.545000 0.268263 0.550000 0.262275 0.560833 0.261677 0.563333 0.259880 0.564167 0.254491 0.562500 0.253293 0.563333 0.248503 0.600833 0.225749 0.600833 0.220359 0.599167 0.219162 0.599167 0.217365
4 0.446667 0.341317 0.430000 0.350299 0.423333 0.361677 0.429167 0.473653 0.438333 0.534132 0.429167 0.543713 0.375833 0.561677 0.370833 0.573653 0.375833 0.608383 0.415000 0.627545 0.456667 0.633533 0.546667 0.629940 0.595000 0.624551 0.630833 0.614970 0.643333 0.607186 0.653333 0.593413 0.652500 0.561677 0.648333 0.553293 0.637500 0.547904 0.593333 0.534132 0.579167 0.519162 0.570833 0.486228 0.571667 0.462275 0.564167 0.426946 0.567500 0.411377 0.562500 0.391617 0.563333 0.371257 0.555000 0.347904 0.539167 0.340719 0.515000 0.337725 0.477500 0.337126
0 0.453333 0.146707 0.430000 0.156287 0.401667 0.177246 0.394167 0.191018 0.404167 0.220958 0.428333 0.246707 0.425833 0.276647 0.442500 0.297605 0.465000 0.309581 0.511667 0.317964 0.524167 0.331138 0.572500 0.403593 0.595833 0.425150 0.620000 0.431737 0.647500 0.425748 0.670833 0.408383 0.672500 0.392814 0.663333 0.370659 0.631667 0.329940 0.602500 0.282036 0.625000 0.250898 0.621667 0.229940 0.612500 0.219162 0.577500 0.197006 0.561667 0.174251 0.559167 0.160479 0.538333 0.143713 0.520833 0.139521 0.494167 0.140120
3 0.305833 0.182635 0.271667 0.214371 0.265833 0.245509 0.280000 0.265868 0.316667 0.286228 0.450833 0.338323 0.475833 0.352695 0.670833 0.435329 0.683333 0.444910 0.667500 0.478443 0.670833 0.495808 0.704167 0.510778 0.717500 0.513174 0.731667 0.508982 0.757500 0.490419 0.830833 0.398802 0.855000 0.376647 0.864167 0.355689 0.857500 0.338922 0.839167 0.329341 0.813333 0.323353 0.778333 0.338323 0.765833 0.352096 0.753333 0.352096 0.722500 0.340719 0.701667 0.325150 0.605833 0.285030 0.577500 0.277844 0.520833 0.246108 0.495000 0.238922 0.406667 0.198204 0.347500 0.180838 0.318333 0.177844
2 0.399167 0.256886 0.386667 0.268263 0.365833 0.299401 0.348333 0.349102 0.353333 0.372455 0.373333 0.389820 0.396667 0.400000 0.420000 0.403593 0.442500 0.402994 0.465833 0.397006 0.477500 0.391018 0.486667 0.391018 0.515000 0.402994 0.627500 0.439521 0.654167 0.431737 0.672500 0.417365 0.685833 0.395808 0.689167 0.383832 0.687500 0.374850 0.678333 0.361078 0.640833 0.341916 0.570833 0.318563 0.530833 0.302395 0.525833 0.296407 0.525833 0.280240 0.520000 0.266467 0.501667 0.252695 0.481667 0.244311 0.459167 0.240120 0.427500 0.246108
3 0.665000 0.258084 0.640000 0.261078 0.633333 0.266467 0.627500 0.280240 0.627500 0.289222 0.633333 0.294012 0.650833 0.298204 0.665000 0.305389 0.659167 0.319162 0.650833 0.328743 0.640833 0.353892 0.628333 0.410778 0.600833 0.482635 0.598333 0.497605 0.601667 0.509581 0.607500 0.516766 0.618333 0.520958 0.631667 0.520958 0.649167 0.526946 0.658333 0.526946 0.668333 0.521557 0.683333 0.502395 0.716667 0.402994 0.735833 0.358683 0.740000 0.338323 0.749167 0.327545 0.747500 0.322156 0.751667 0.319162 0.766667 0.319162 0.785000 0.315569 0.790833 0.309581 0.790000 0.304790 0.794167 0.298204 0.792500 0.286826 0.770000 0.277246
1 0.495000 0.173653 0.350000 0.187425 0.325000 0.196407 0.320000 0.217964 0.328333 0.243114 0.384167 0.250299 0.395000 0.259880 0.423333 0.535329 0.446667 0.896407 0.455000 0.929940 0.474167 0.954491 0.520833 0.959880 0.564167 0.951497 0.581667 0.908383 0.533333 0.343114 0.517500 0.256886 0.529167 0.243713 0.583333 0.225749 0.590000 0.205389 0.570833 0.180838
1 0.201667 0.423952 0.187500 0.437725 0.185000 0.449102 0.207500 0.473054 0.750833 0.780240 0.750833 0.801796 0.742500 0.818563 0.763333 0.838323 0.778333 0.838323 0.802500 0.827545 0.851667 0.788623 0.893333 0.732934 0.873333 0.716168 0.853333 0.709581 0.816667 0.728743 0.795833 0.721557 0.267500 0.419760 0.225833 0.410180
1 0.626667 0.226347 0.542500 0.228144 0.482500 0.235928 0.460833 0.243114 0.455000 0.260479 0.462500 0.283832 0.508333 0.290419 0.520000 0.301198 0.545000 0.852695 0.550833 0.880240 0.568333 0.904192 0.605000 0.908982 0.643333 0.903593 0.661667 0.868263 0.636667 0.374251 0.625833 0.298204 0.636667 0.287425 0.685833 0.271856 0.690000 0.259281 0.685000 0.240719 0.674167 0.233533
