2 0.504167 0.535928 0.492500 0.543713 0.444167 0.595210 0.433333 0.611976 0.435000 0.620958 0.456667 0.639521 0.565833 0.688024 0.587500 0.701796 0.627500 0.717365 0.650833 0.731138 0.661667 0.741317 0.645833 0.779042 0.653333 0.791617 0.669167 0.801796 0.697500 0.811377 0.715833 0.812575 0.725000 0.809581 0.772500 0.773054 0.861667 0.679641 0.872500 0.656287 0.865000 0.641317 0.832500 0.620359 0.808333 0.614371 0.788333 0.617964 0.767500 0.638922 0.755000 0.641916 0.738333 0.638922 0.666667 0.600000 0.564167 0.554491 0.535833 0.538323 0.517500 0.534132
0 0.266667 0.304790 0.248333 0.317365 0.249167 0.320958 0.255833 0.326946 0.261667 0.329341 0.262500 0.335928 0.265000 0.337725 0.268333 0.338323 0.278333 0.336527 0.302500 0.357485 0.303333 0.356886 0.310833 0.362275 0.315833 0.362275 0.321667 0.359880 0.325833 0.356886 0.327500 0.352695 0.313333 0.339521 0.301667 0.331138 0.294167 0.323952 0.298333 0.317365 0.296667 0.313174 0.287500 0.310778 0.276667 0.301796 0.274167 0.301796
3 0.489167 0.420958 0.469167 0.427545 0.453333 0.439521 0.450000 0.458084 0.462500 0.482036 0.475000 0.487425 0.512500 0.491018 0.526667 0.500599 0.529167 0.533533 0.543333 0.565868 0.548333 0.594012 0.545000 0.603593 0.551667 0.614371 0.558333 0.657485 0.570000 0.687425 0.574167 0.734731 0.586667 0.779042 0.594167 0.792216 0.609167 0.800599 0.680000 0.797605 0.702500 0.781437 0.698333 0.768862 0.699167 0.728743 0.675000 0.680239 0.663333 0.626946 0.665000 0.607784 0.650000 0.577246 0.648333 0.540719 0.640000 0.514371 0.649167 0.487425 0.697500 0.461078 0.697500 0.441916 0.681667 0.427545 0.649167 0.413772 0.596667 0.414970 0.564167 0.411377
3 0.898333 0.085030 0.890833 0.086228 0.885833 0.092814 0.885000 0.128743 0.881667 0.150898 0.882500 0.159880 0.880000 0.162874 0.880833 0.168862 0.878333 0.176647 0.879167 0.184431 0.875833 0.193413 0.876667 0.194611 0.872500 0.197006 0.857500 0.198204 0.854167 0.200599 0.855000 0.213174 0.859167 0.216168 0.872500 0.216168 0.891667 0.219162 0.926667 0.219162 0.933333 0.217964 0.938333 0.214970 0.940833 0.208383 0.940000 0.201796 0.935833 0.199401 0.924167 0.197605 0.919167 0.192814 0.919167 0.183234 0.920833 0.178443 0.920000 0.170659 0.921667 0.165269 0.920833 0.153293 0.923333 0.140719 0.922500 0.131138 0.925000 0.117365 0.924167 0.089820 0.915000 0.085629
4 0.567500 0.339521 0.542500 0.330539 0.490833 0.335928 0.395000 0.372455 0.361667 0.379641 0.305000 0.400000 0.294167 0.398204 0.263333 0.377844 0.227500 0.372455 0.194167 0.379042 0.164167 0.389820 0.157500 0.394611 0.154167 0.415569 0.157500 0.446108 0.190833 0.513174 0.227500 0.557485 0.273333 0.585030 0.294167 0.586826 0.330000 0.578443 0.359167 0.565868 0.366667 0.549701 0.355833 0.517964 0.359167 0.508383 0.367500 0.502994 0.399167 0.496407 0.491667 0.466467 0.574167 0.434731 0.593333 0.421557 0.599167 0.410778 0.594167 0.371257
0 0.605833 0.237126 0.599167 0.237725 0.569167 0.268862 0.560833 0.275449 0.551667 0.273054 0.546667 0.274251 0.545833 0.273653 0.544167 0.274850 0.544167 0.284431 0.540000 0.288024 0.535000 0.288623 0.529167 0.292216 0.528333 0.299401 0.532500 0.300599 0.540000 0.305988 0.553333 0.311377 0.557500 0.314371 0.559167 0.314371 0.565833 0.317964 0.570000 0.317365 0.573333 0.315569 0.576667 0.311976 0.579167 0.304790 0.582500 0.302395 0.590833 0.300599 0.592500 0.295210 0.589167 0.292814 0.585833 0.286826 0.593333 0.277246 0.595833 0.276048 0.601667 0.268862 0.604167 0.267665 0.609167 0.260479 0.612500 0.258683 0.620000 0.250299 0.620833 0.245509 0.612500 0.239521
4 0.454167 0.885629 0.454167 0.901796 0.456667 0.919760 0.459167 0.928743 0.460833 0.929940 0.460833 0.934731 0.462500 0.934731 0.465000 0.944311 0.469167 0.948503 0.470000 0.951497 0.475000 0.953293 0.486667 0.952695 0.487500 0.951497 0.500000 0.950299 0.503333 0.945509 0.505833 0.932335 0.510000 0.929341 0.524167 0.928743 0.531667 0.926946 0.538333 0.926946 0.539167 0.925749 0.554167 0.925150 0.561667 0.923353 0.576667 0.922754 0.577500 0.921557 0.584167 0.921557 0.600833 0.918563 0.606667 0.916168 0.607500 0.905988 0.606667 0.900000 0.605000 0.898802 0.604167 0.889222 0.602500 0.888623 0.601667 0.885030 0.595833 0.882036 0.579167 0.882036 0.577500 0.883234 0.532500 0.886826 0.530833 0.888024 0.519167 0.888623 0.518333 0.889820 0.510833 0.889820 0.500000 0.892216 0.497500 0.891018 0.490000 0.876647 0.484167 0.873653 0.469167 0.874251 0.469167 0.875449 0.465000 0.875449 0.459167 0.877844
3 0.427500 0.346108 0.390000 0.377246 0.355000 0.415569 0.343333 0.441916 0.350000 0.459880 0.371667 0.473653 0.391667 0.477246 0.425833 0.464072 0.451667 0.465868 0.727500 0.628743 0.769167 0.646108 0.779167 0.646707 0.795000 0.640120 0.807500 0.620359 0.819167 0.610778 0.820833 0.599401 0.814167 0.585629 0.734167 0.529341 0.665000 0.492216 0.513333 0.401198 0.511667 0.386228 0.525833 0.358084 0.518333 0.344311 0.490833 0.327545 0.479167 0.326946 0.452500 0.331737
1 0.435000 0.234132 0.390000 0.249701 0.388333 0.267665 0.628333 0.737725 0.640000 0.776647 0.604167 0.800000 0.603333 0.810778 0.625000 0.838323 0.676667 0.840719 0.773333 0.810778 0.811667 0.782635 0.810000 0.770659 0.791667 0.746707 0.740833 0.743114 0.699167 0.676647 0.673333 0.614970 0.484167 0.255689 0.464167 0.234132
3 0.798333 0.348503 0.789167 0.340120 0.775833 0.337126 0.753333 0.339521 0.689167 0.356287 0.587500 0.395210 0.395833 0.460479 0.378333 0.459281 0.343333 0.432335 0.325000 0.432934 0.299167 0.441916 0.284167 0.458084 0.287500 0.494012 0.304167 0.526946 0.331667 0.564072 0.372500 0.595808 0.395000 0.598204 0.419167 0.591018 0.431667 0.584431 0.436667 0.574850 0.434167 0.551497 0.443333 0.539521 0.479167 0.522754 0.589167 0.485030 0.632500 0.464671 0.725833 0.436527 0.795000 0.410180 0.814167 0.399401 0.820833 0.385030
3 0.248333 0.126946 0.237500 0.125749 0.230000 0.128144 0.184167 0.164671 0.180833 0.169461 0.175833 0.171257 0.161667 0.184431 0.153333 0.189222 0.153333 0.191018 0.138333 0.201796 0.131667 0.209581 0.125833 0.208982 0.117500 0.204790 0.108333 0.203593 0.099167 0.209581 0.097500 0.213772 0.101667 0.220359 0.105000 0.221557 0.105833 0.225749 0.120000 0.236527 0.145000 0.250898 0.156667 0.255090 0.162500 0.254491 0.164167 0.251497 0.162500 0.247904 0.164167 0.247305 0.168333 0.237725 0.162500 0.229940 0.163333 0.226347 0.170833 0.222156 0.179167 0.213174 0.200833 0.197605 0.205000 0.191018 0.213333 0.185629 0.233333 0.166467 0.259167 0.149701 0.262500 0.143713 0.261667 0.137725
3 0.736667 0.835329 0.730000 0.838323 0.727500 0.838323 0.725833 0.840120 0.722500 0.841317 0.720833 0.843114 0.720833 0.847305 0.728333 0.857485 0.730833 0.858683 0.734167 0.863473 0.740833 0.868862 0.741667 0.871257 0.749167 0.877844 0.749167 0.879042 0.752500 0.880838 0.753333 0.883234 0.759167 0.888024 0.771667 0.902395 0.773333 0.902994 0.774167 0.905988 0.780833 0.911377 0.781667 0.914371 0.777500 0.917365 0.773333 0.923353 0.776667 0.929940 0.780000 0.931737 0.789167 0.931138 0.806667 0.925150 0.812500 0.922156 0.815833 0.919162 0.817500 0.919162 0.828333 0.913174 0.832500 0.908383 0.832500 0.904192 0.830833 0.902994 0.830833 0.901198 0.825833 0.898204 0.820000 0.898204 0.815000 0.900599 0.809167 0.900599 0.805833 0.898204 0.803333 0.894012 0.795833 0.888623 0.789167 0.880838 0.786667 0.879641 0.782500 0.873653 0.779167 0.871856 0.778333 0.869461 0.775833 0.868263 0.774167 0.865269 0.770833 0.863473 0.770000 0.861078 0.763333 0.855689 0.760000 0.850898 0.758333 0.850299 0.757500 0.847904 0.754167 0.845509 0.753333 0.843114 0.744167 0.836527
3 0.630000 0.125150 0.606667 0.122754 0.591667 0.111976 0.578333 0.109581 0.549167 0.097006 0.485000 0.094611 0.465833 0.100000 0.447500 0.122754 0.447500 0.129940 0.459167 0.153293 0.478333 0.165868 0.469167 0.172455 0.464167 0.185629 0.449167 0.196407 0.445000 0.211377 0.390000 0.279641 0.358333 0.329341 0.329167 0.359281 0.323333 0.391617 0.326667 0.400599 0.335833 0.407186 0.370833 0.419162 0.390833 0.417365 0.402500 0.411377 0.449167 0.368862 0.464167 0.346108 0.481667 0.328743 0.483333 0.319162 0.492500 0.311976 0.509167 0.284431 0.530000 0.267066 0.549167 0.236527 0.574167 0.217365 0.582500 0.203593 0.628333 0.198204 0.643333 0.191018 0.655000 0.174850 0.657500 0.160479 0.650000 0.144910
0 0.824167 0.149102 0.815833 0.146707 0.807500 0.146707 0.799167 0.150299 0.780000 0.164072 0.770000 0.174251 0.757500 0.182635 0.749167 0.192216 0.724167 0.210778 0.715000 0.211377 0.711667 0.209581 0.700000 0.208982 0.684167 0.211976 0.678333 0.219162 0.674167 0.236527 0.668333 0.241916 0.663333 0.244311 0.655833 0.244910 0.645000 0.250898 0.640000 0.261078 0.639167 0.270060 0.640833 0.273054 0.656667 0.288024 0.673333 0.298802 0.694167 0.308383 0.711667 0.310180 0.721667 0.308383 0.735000 0.300000 0.739167 0.289820 0.739167 0.279641 0.746667 0.276048 0.755000 0.275449 0.767500 0.264671 0.770833 0.258084 0.770833 0.246108 0.775000 0.238922 0.801667 0.213772 0.833333 0.188024 0.845000 0.175449 0.845833 0.167665 0.842500 0.161677 0.832500 0.153293
2 0.444167 0.602994 0.439167 0.598802 0.428333 0.593413 0.415000 0.592814 0.397500 0.595210 0.385000 0.601796 0.378333 0.610180 0.377500 0.615569 0.372500 0.619162 0.313333 0.635928 0.309167 0.638323 0.305833 0.642515 0.306667 0.643114 0.302500 0.646707 0.301667 0.651497 0.305833 0.661677 0.307500 0.662275 0.310000 0.668263 0.314167 0.673054 0.327500 0.677245 0.392500 0.661078 0.409167 0.670060 0.425000 0.670060 0.435000 0.668263 0.443333 0.665269 0.450000 0.661078 0.453333 0.656886 0.458333 0.645509 0.458333 0.635329 0.456667 0.633533 0.457500 0.629940 0.455000 0.625749 0.455833 0.624551 0.451667 0.617365 0.452500 0.616168 0.449167 0.608982 0.447500 0.608982
0 0.169167 0.729940 0.155833 0.734132 0.145000 0.752096 0.140000 0.756287 0.119167 0.764671 0.115000 0.771856 0.116667 0.780838 0.112500 0.785629 0.115833 0.792814 0.112500 0.799401 0.120000 0.805389 0.117500 0.811377 0.105833 0.817964 0.098333 0.834731 0.080000 0.848503 0.075833 0.853293 0.074167 0.859880 0.060833 0.864072 0.050833 0.880240 0.054167 0.893413 0.060000 0.899401 0.094167 0.914970 0.111667 0.907784 0.133333 0.879641 0.173333 0.840719 0.190000 0.817365 0.195000 0.813772 0.220000 0.817365 0.227500 0.814371 0.233333 0.808383 0.226667 0.797006 0.242500 0.785030 0.254167 0.771257 0.253333 0.760479 0.223333 0.747904
