2 0.355833 0.537126 0.348333 0.535928 0.341667 0.540719 0.302500 0.548503 0.261667 0.568263 0.247500 0.578443 0.238333 0.580838 0.195000 0.602994 0.184167 0.604790 0.170000 0.594611 0.155000 0.594611 0.137500 0.601796 0.119167 0.616766 0.118333 0.627545 0.126667 0.639521 0.142500 0.655090 0.153333 0.670659 0.195000 0.710180 0.209167 0.731737 0.220833 0.738323 0.232500 0.737126 0.245833 0.732335 0.271667 0.714371 0.273333 0.709581 0.259167 0.686826 0.260833 0.679641 0.305000 0.658084 0.322500 0.646707 0.345000 0.637126 0.349167 0.632934 0.359167 0.629940 0.365000 0.624551 0.400000 0.608982 0.406667 0.601198 0.413333 0.598204 0.414167 0.593413 0.409167 0.583832 0.390000 0.562874 0.373333 0.547904
0 0.350833 0.278443 0.329167 0.278443 0.246667 0.290419 0.231667 0.297006 0.227500 0.316168 0.219167 0.327545 0.220000 0.334132 0.228333 0.340719 0.230000 0.347305 0.237500 0.356287 0.258333 0.371856 0.277500 0.472455 0.292500 0.488623 0.303333 0.492814 0.347500 0.488024 0.355000 0.483234 0.363333 0.471856 0.341667 0.359880 0.349167 0.354491 0.365000 0.349102 0.370000 0.341317 0.365000 0.331138 0.353333 0.320958 0.344167 0.316766 0.358333 0.309581 0.363333 0.300000 0.359167 0.285030
3 0.613333 0.424551 0.581667 0.425150 0.570833 0.429940 0.562500 0.438323 0.554167 0.459880 0.544167 0.514970 0.522500 0.586826 0.518333 0.620359 0.510000 0.623952 0.477500 0.629940 0.467500 0.646707 0.469167 0.655689 0.489167 0.672455 0.506667 0.677844 0.553333 0.682635 0.590833 0.681437 0.613333 0.677245 0.625000 0.668263 0.626667 0.649701 0.613333 0.635928 0.595833 0.627545 0.594167 0.622156 0.620833 0.522754 0.635833 0.451497 0.631667 0.432335
4 0.230000 0.312575 0.198333 0.337126 0.182500 0.367665 0.182500 0.386228 0.202500 0.402994 0.220000 0.408982 0.230833 0.420359 0.250833 0.431138 0.338333 0.452096 0.375000 0.467665 0.415833 0.479042 0.431667 0.491617 0.430000 0.509581 0.444167 0.533533 0.462500 0.549701 0.511667 0.565868 0.526667 0.565868 0.544167 0.559281 0.577500 0.537725 0.613333 0.498204 0.650000 0.431138 0.655833 0.384431 0.653333 0.372455 0.640000 0.358084 0.614167 0.344910 0.569167 0.334731 0.543333 0.343114 0.509167 0.371257 0.496667 0.371856 0.471667 0.360479 0.293333 0.309581 0.259167 0.305988
1 0.430000 0.091617 0.413333 0.098204 0.390000 0.116168 0.394167 0.134731 0.721667 0.489222 0.726667 0.504192 0.701667 0.522754 0.715000 0.542515 0.721667 0.546108 0.736667 0.545509 0.842500 0.498204 0.858333 0.479042 0.841667 0.461677 0.831667 0.459281 0.807500 0.466467 0.790833 0.461677 0.465000 0.107186 0.449167 0.095808
4 0.624167 0.305389 0.589167 0.277246 0.566667 0.274251 0.534167 0.279042 0.512500 0.285629 0.500833 0.298802 0.505000 0.328743 0.501667 0.335928 0.492500 0.340719 0.415000 0.353892 0.306667 0.379042 0.281667 0.391617 0.273333 0.401198 0.270833 0.436527 0.285833 0.463473 0.294167 0.470659 0.309167 0.476647 0.353333 0.476647 0.438333 0.454491 0.475833 0.449701 0.529167 0.436527 0.538333 0.439521 0.561667 0.459281 0.592500 0.467665 0.621667 0.465269 0.648333 0.459281 0.657500 0.454491 0.664167 0.436527 0.665000 0.399401 0.655833 0.364072
0 0.161667 0.409581 0.154167 0.420958 0.151667 0.437126 0.140000 0.455090 0.139167 0.473054 0.125000 0.490419 0.126667 0.501796 0.135000 0.509581 0.160000 0.513772 0.183333 0.511976 0.203333 0.516766 0.210833 0.520958 0.220000 0.534731 0.225000 0.536527 0.239167 0.535928 0.261667 0.517365 0.271667 0.514371 0.367500 0.532934 0.392500 0.534132 0.410000 0.541916 0.443333 0.546707 0.459167 0.543713 0.466667 0.537725 0.479167 0.503593 0.446667 0.483234 0.420833 0.476647 0.395833 0.474252 0.386667 0.470659 0.382500 0.465868 0.376667 0.468862 0.366667 0.468862 0.348333 0.458683 0.344167 0.452096 0.295000 0.455090 0.287500 0.447904 0.290833 0.437725 0.287500 0.423952 0.276667 0.420359 0.266667 0.420359 0.250000 0.425150 0.240833 0.423353 0.225000 0.426347 0.201667 0.412575 0.174167 0.407784
3 0.897500 0.445509 0.865833 0.416168 0.842500 0.418563 0.811667 0.429341 0.817500 0.466467 0.808333 0.475449 0.715000 0.492216 0.425833 0.556886 0.404167 0.572455 0.407500 0.599401 0.419167 0.625150 0.426667 0.630539 0.445000 0.632934 0.482500 0.630539 0.840833 0.554491 0.852500 0.554491 0.857500 0.558084 0.860000 0.568862 0.887500 0.591617 0.920000 0.587425 0.939167 0.580838 0.945000 0.573054 0.945000 0.547305 0.922500 0.489820
2 0.195000 0.307186 0.195833 0.331138 0.216667 0.397605 0.217500 0.425748 0.244167 0.516766 0.250833 0.529341 0.264167 0.538922 0.288333 0.545509 0.311667 0.546108 0.348333 0.540120 0.372500 0.528742 0.381667 0.513174 0.381667 0.480838 0.389167 0.468862 0.449167 0.468263 0.605833 0.444311 0.692500 0.426946 0.710000 0.413772 0.710833 0.369461 0.690833 0.319760 0.678333 0.302395 0.656667 0.293413 0.618333 0.293413 0.419167 0.322156 0.357500 0.337725 0.334167 0.333533 0.297500 0.293413 0.254167 0.292216
3 0.533333 0.098802 0.455000 0.126347 0.347500 0.179042 0.338333 0.188024 0.335833 0.203593 0.361667 0.231737 0.378333 0.233533 0.434167 0.219760 0.449167 0.248503 0.470000 0.267665 0.540000 0.365269 0.630833 0.476647 0.666667 0.508383 0.683333 0.514371 0.699167 0.513772 0.727500 0.505988 0.761667 0.488623 0.770000 0.477246 0.768333 0.455689 0.739167 0.418563 0.733333 0.401198 0.700000 0.353892 0.560833 0.185629 0.555000 0.167665 0.593333 0.136527 0.584167 0.117964 0.565000 0.097605
2 0.527500 0.413174 0.495833 0.402994 0.458333 0.411377 0.437500 0.425150 0.433333 0.436527 0.438333 0.451497 0.430000 0.456287 0.388333 0.469461 0.371667 0.478443 0.321667 0.489820 0.301667 0.499401 0.283333 0.500599 0.263333 0.508982 0.243333 0.511377 0.225833 0.520359 0.220833 0.532934 0.251667 0.585629 0.271667 0.594611 0.304167 0.594611 0.354167 0.580838 0.370000 0.580838 0.418333 0.563473 0.445000 0.561078 0.466667 0.553293 0.489167 0.549701 0.505000 0.550299 0.515833 0.559880 0.519167 0.570659 0.529167 0.577844 0.544167 0.581437 0.580000 0.574251 0.602500 0.560479 0.608333 0.547904 0.600000 0.520958 0.565833 0.459880
3 0.346667 0.161078 0.300833 0.183832 0.255833 0.217365 0.228333 0.250898 0.222500 0.265269 0.225000 0.272455 0.244167 0.291617 0.260833 0.298802 0.295000 0.302994 0.324167 0.297006 0.333333 0.300000 0.455000 0.424551 0.549167 0.510180 0.585833 0.532934 0.615833 0.530539 0.635833 0.520359 0.655000 0.502395 0.660000 0.486826 0.655000 0.468263 0.629167 0.438323 0.422500 0.241317 0.420000 0.234132 0.449167 0.195210 0.432500 0.169461 0.420833 0.162874 0.385833 0.156287
