4 0.792500 0.296407 0.783333 0.299401 0.770833 0.307784 0.768333 0.311377 0.768333 0.314371 0.770000 0.314970 0.777500 0.326946 0.780833 0.328743 0.783333 0.332335 0.792500 0.340120 0.794167 0.343713 0.800000 0.347904 0.803333 0.353293 0.813333 0.363473 0.812500 0.368862 0.808333 0.373653 0.805833 0.379641 0.805833 0.383832 0.812500 0.392216 0.817500 0.395210 0.843333 0.392814 0.844167 0.391617 0.858333 0.387425 0.862500 0.383832 0.867500 0.382635 0.886667 0.370659 0.893333 0.360479 0.894167 0.352096 0.883333 0.341916 0.878333 0.341317 0.877500 0.342515 0.865833 0.343713 0.863333 0.344910 0.857500 0.344910 0.845833 0.335329 0.841667 0.328743 0.815000 0.302395 0.803333 0.295808
0 0.347500 0.679641 0.344167 0.697605 0.345833 0.703593 0.355833 0.713174 0.380000 0.723353 0.430000 0.734731 0.453333 0.743713 0.475833 0.747904 0.488333 0.752695 0.500000 0.781437 0.510000 0.789222 0.532500 0.795210 0.571667 0.794611 0.586667 0.800000 0.600000 0.801796 0.610833 0.808383 0.639167 0.810778 0.654167 0.805389 0.674167 0.790419 0.688333 0.774252 0.695000 0.758084 0.695833 0.732934 0.687500 0.720359 0.653333 0.706587 0.624167 0.702395 0.603333 0.684431 0.590833 0.679641 0.574167 0.677245 0.551667 0.679042 0.515833 0.693413 0.492500 0.689222 0.406667 0.665269 0.384167 0.662275 0.363333 0.665868
2 0.067500 0.515569 0.085833 0.576647 0.120000 0.616168 0.159167 0.636527 0.217500 0.641317 0.245000 0.637126 0.278333 0.622755 0.290000 0.614371 0.321667 0.574251 0.512500 0.544311 0.542500 0.534731 0.568333 0.508982 0.575833 0.474850 0.570000 0.458084 0.552500 0.432934 0.517500 0.417365 0.460000 0.417964 0.284167 0.443713 0.262500 0.432934 0.245000 0.432335 0.234167 0.416168 0.217500 0.410180 0.180000 0.407186 0.137500 0.414371 0.111667 0.425150 0.090833 0.440719
3 0.104167 0.138323 0.077500 0.169461 0.071667 0.182036 0.061667 0.193413 0.057500 0.213174 0.065833 0.222156 0.091667 0.231138 0.100000 0.228743 0.119167 0.216168 0.128333 0.216168 0.174167 0.236527 0.207500 0.247305 0.364167 0.316168 0.385833 0.321557 0.395833 0.320958 0.403333 0.316168 0.422500 0.290419 0.421667 0.284431 0.415833 0.278443 0.331667 0.237725 0.170833 0.167066 0.167500 0.156886 0.177500 0.137126 0.170000 0.127545 0.157500 0.121557 0.140000 0.118563 0.125833 0.123353
4 0.511667 0.687425 0.490833 0.649102 0.474167 0.640719 0.436667 0.635928 0.403333 0.637725 0.389167 0.647904 0.379167 0.677844 0.370000 0.685030 0.360000 0.686826 0.270000 0.679042 0.146667 0.675449 0.117500 0.680838 0.105000 0.688623 0.083333 0.723353 0.085833 0.758683 0.098333 0.773054 0.146667 0.786826 0.251667 0.788024 0.284167 0.792814 0.345000 0.794611 0.354167 0.800599 0.359167 0.817964 0.366667 0.826946 0.395000 0.844311 0.425000 0.849102 0.457500 0.849701 0.466667 0.847305 0.482500 0.831138 0.504167 0.789820 0.514167 0.732335
4 0.555833 0.575449 0.544167 0.579641 0.524167 0.582036 0.492500 0.593413 0.479167 0.601198 0.472500 0.611377 0.475000 0.625749 0.493333 0.650299 0.494167 0.658084 0.512500 0.678443 0.541667 0.720359 0.542500 0.728144 0.518333 0.744910 0.514167 0.754491 0.522500 0.784431 0.528333 0.791617 0.538333 0.794611 0.581667 0.791018 0.641667 0.773054 0.688333 0.753293 0.704167 0.741317 0.710833 0.732335 0.710000 0.720958 0.692500 0.693413 0.680833 0.692216 0.650833 0.694611 0.645833 0.689820 0.635833 0.688024 0.628333 0.671856 0.610000 0.648503 0.575833 0.589820 0.566667 0.580838
3 0.130000 0.677245 0.127500 0.692216 0.148333 0.714371 0.178333 0.735928 0.259167 0.782635 0.343333 0.838922 0.381667 0.875449 0.382500 0.881437 0.368333 0.895808 0.367500 0.903593 0.393333 0.919760 0.406667 0.920958 0.431667 0.914371 0.484167 0.881437 0.521667 0.851497 0.533333 0.836527 0.535833 0.825150 0.525833 0.813772 0.510000 0.804790 0.494167 0.801796 0.470833 0.817365 0.450000 0.822156 0.395833 0.785030 0.319167 0.739521 0.297500 0.722754 0.204167 0.665269 0.189167 0.661078 0.171667 0.660479 0.148333 0.672455
2 0.745000 0.207186 0.730000 0.204192 0.710000 0.207186 0.681667 0.219760 0.633333 0.255689 0.599167 0.273054 0.569167 0.299401 0.496667 0.341916 0.474167 0.347305 0.460000 0.343114 0.434167 0.325749 0.422500 0.323353 0.380000 0.337725 0.355833 0.363473 0.352500 0.388024 0.395833 0.435928 0.435000 0.464072 0.503333 0.502994 0.535833 0.517365 0.590833 0.518563 0.624167 0.502395 0.645833 0.470060 0.639167 0.450898 0.629167 0.441916 0.626667 0.433533 0.634167 0.423353 0.704167 0.373653 0.713333 0.360479 0.740833 0.343713 0.747500 0.334132 0.772500 0.323353 0.790833 0.302994 0.818333 0.286228 0.820000 0.267665 0.810833 0.252096 0.772500 0.222156
1 0.207500 0.232335 0.188333 0.257485 0.201667 0.280240 0.352500 0.371856 0.744167 0.595210 0.752500 0.605988 0.739167 0.635329 0.760000 0.651497 0.775833 0.656287 0.829167 0.637126 0.884167 0.578443 0.893333 0.549701 0.883333 0.540120 0.854167 0.526347 0.819167 0.540719 0.802500 0.539521 0.276667 0.235928 0.231667 0.221557
0 0.458333 0.646108 0.429167 0.671856 0.430000 0.683832 0.443333 0.695210 0.470833 0.705389 0.499167 0.720958 0.512500 0.725150 0.550000 0.743114 0.555000 0.747305 0.564167 0.749102 0.592500 0.761677 0.600000 0.770659 0.594167 0.775449 0.587500 0.790419 0.589167 0.792814 0.625833 0.795808 0.633333 0.800599 0.634167 0.805988 0.640833 0.813174 0.659167 0.820958 0.681667 0.821557 0.695833 0.812575 0.732500 0.763473 0.735000 0.745509 0.725000 0.735329 0.688333 0.721557 0.679167 0.700599 0.656667 0.707186 0.636667 0.705389 0.625833 0.701198 0.615000 0.692216 0.581667 0.673653 0.500833 0.643713 0.478333 0.640719
0 0.723333 0.459281 0.716667 0.465269 0.717500 0.469461 0.725833 0.475449 0.730000 0.476647 0.736667 0.481437 0.747500 0.486826 0.749167 0.488623 0.748333 0.494611 0.751667 0.498204 0.758333 0.498204 0.765000 0.502994 0.771667 0.505389 0.775000 0.505389 0.778333 0.503593 0.785833 0.497006 0.790833 0.490419 0.791667 0.486826 0.790000 0.484431 0.783333 0.481437 0.780000 0.481437 0.777500 0.479042 0.775833 0.474252 0.772500 0.473054 0.768333 0.473054 0.762500 0.475449 0.759167 0.475449 0.732500 0.460479 0.727500 0.458683
3 0.517500 0.273054 0.479167 0.267665 0.435833 0.272455 0.415833 0.282036 0.402500 0.310180 0.448333 0.352096 0.298333 0.594012 0.270833 0.650898 0.274167 0.668862 0.285000 0.677844 0.342500 0.694012 0.365000 0.689222 0.387500 0.674251 0.543333 0.434731 0.562500 0.396407 0.579167 0.387425 0.628333 0.389222 0.644167 0.385030 0.658333 0.372455 0.667500 0.352695 0.645833 0.326347 0.608333 0.303593 0.566667 0.286228
2 0.443333 0.667665 0.420000 0.703593 0.414167 0.723952 0.415000 0.733533 0.422500 0.745509 0.435833 0.754491 0.500833 0.780240 0.545833 0.791018 0.610833 0.816168 0.616667 0.826347 0.605000 0.838323 0.604167 0.844910 0.607500 0.856886 0.616667 0.864671 0.651667 0.877245 0.678333 0.876647 0.688333 0.871856 0.706667 0.852695 0.720000 0.832335 0.744167 0.785030 0.759167 0.738922 0.749167 0.719162 0.720000 0.705389 0.693333 0.702994 0.680000 0.707186 0.667500 0.719760 0.658333 0.722754 0.645000 0.720958 0.614167 0.711377 0.599167 0.710180 0.542500 0.689820 0.524167 0.686228 0.509167 0.679042 0.487500 0.675449 0.475000 0.668862 0.455000 0.665868
3 0.825000 0.637126 0.815000 0.634731 0.802500 0.640719 0.800000 0.644910 0.795833 0.647305 0.795000 0.650299 0.790000 0.653892 0.781667 0.664072 0.779167 0.665269 0.778333 0.667665 0.759167 0.683234 0.750833 0.693413 0.745833 0.697006 0.743333 0.701198 0.739167 0.703593 0.736667 0.707784 0.732500 0.708383 0.720833 0.704790 0.716667 0.704790 0.712500 0.707186 0.707500 0.713772 0.710833 0.720958 0.728333 0.732335 0.738333 0.735928 0.740000 0.737725 0.748333 0.740120 0.753333 0.743114 0.757500 0.743114 0.762500 0.744910 0.767500 0.744910 0.770000 0.743114 0.774167 0.737126 0.775000 0.732934 0.765833 0.723353 0.766667 0.720359 0.770833 0.717964 0.773333 0.713772 0.777500 0.711377 0.778333 0.708982 0.785833 0.703593 0.786667 0.701198 0.793333 0.695808 0.795833 0.691617 0.800000 0.689222 0.800833 0.686826 0.815000 0.673054 0.815833 0.670659 0.823333 0.665269 0.830833 0.655689 0.834167 0.653892 0.837500 0.646707 0.835833 0.643713 0.831667 0.640120
0 0.408333 0.588024 0.393333 0.595808 0.390000 0.601198 0.390000 0.605988 0.400000 0.627545 0.409167 0.638922 0.412500 0.647904 0.421667 0.659281 0.424167 0.667066 0.433333 0.681437 0.430833 0.688024 0.421667 0.695808 0.417500 0.704790 0.418333 0.709581 0.425833 0.716766 0.440833 0.723952 0.448333 0.730539 0.447500 0.743713 0.450000 0.752096 0.461667 0.759281 0.470833 0.762874 0.490833 0.761677 0.518333 0.754491 0.542500 0.743713 0.551667 0.734132 0.554167 0.727545 0.551667 0.717365 0.546667 0.711377 0.525000 0.702395 0.527500 0.690419 0.521667 0.680239 0.511667 0.672455 0.498333 0.668263 0.490000 0.661677 0.488333 0.656287 0.475000 0.640719 0.456667 0.609581 0.441667 0.589820 0.433333 0.586228 0.425000 0.585030
3 0.874167 0.603593 0.859167 0.604192 0.841667 0.611377 0.675833 0.727545 0.615000 0.761677 0.608333 0.760479 0.600833 0.754491 0.574167 0.745509 0.564167 0.749102 0.542500 0.764671 0.544167 0.774252 0.560000 0.789820 0.644167 0.849701 0.664167 0.857485 0.675833 0.858084 0.697500 0.844311 0.703333 0.834731 0.684167 0.817365 0.680833 0.807186 0.750000 0.762275 0.903333 0.653892 0.910833 0.641317 0.910833 0.634731 0.896667 0.619760
4 0.759167 0.310180 0.687500 0.304192 0.598333 0.308383 0.546667 0.319162 0.509167 0.338323 0.510833 0.369461 0.517500 0.386228 0.559167 0.408982 0.581667 0.413772 0.587500 0.419760 0.587500 0.462275 0.591667 0.471257 0.588333 0.540719 0.593333 0.555090 0.594167 0.586228 0.600833 0.605988 0.622500 0.617365 0.643333 0.620359 0.696667 0.617365 0.725833 0.610180 0.742500 0.597605 0.750000 0.567665 0.745000 0.488623 0.750833 0.461677 0.743333 0.441317 0.745833 0.420958 0.740833 0.411377 0.805000 0.392216 0.813333 0.382036 0.810000 0.334132 0.787500 0.318563
2 0.425833 0.232934 0.414167 0.256886 0.395000 0.318563 0.380833 0.394012 0.389167 0.406587 0.422500 0.416766 0.465833 0.417964 0.480000 0.408383 0.492500 0.390419 0.500833 0.388024 0.512500 0.390419 0.522500 0.387425 0.589167 0.398204 0.615000 0.396407 0.709167 0.410180 0.730833 0.409581 0.745000 0.400000 0.757500 0.367665 0.760000 0.344910 0.754167 0.326347 0.740000 0.317365 0.685833 0.304790 0.645000 0.298802 0.622500 0.299401 0.600833 0.294611 0.590000 0.295808 0.563333 0.288024 0.550833 0.288623 0.543333 0.283832 0.530833 0.283234 0.521667 0.274251 0.523333 0.247904 0.515000 0.235329 0.500000 0.228743 0.458333 0.222156 0.439167 0.225150
2 0.480833 0.152096 0.473333 0.147904 0.442500 0.147904 0.415000 0.155689 0.389167 0.158683 0.345833 0.169461 0.264167 0.183832 0.251667 0.183832 0.244167 0.179641 0.225000 0.155090 0.210833 0.152695 0.197500 0.153892 0.169167 0.162275 0.160000 0.168862 0.158333 0.175449 0.162500 0.210180 0.194167 0.300000 0.210000 0.320958 0.227500 0.325150 0.247500 0.324551 0.275833 0.316766 0.286667 0.304192 0.280000 0.283832 0.283333 0.277844 0.296667 0.270659 0.366667 0.260479 0.462500 0.238922 0.489167 0.235928 0.500833 0.230539 0.507500 0.223353 0.507500 0.215569 0.491667 0.171257
3 0.655000 0.121557 0.644167 0.118563 0.623333 0.122754 0.587500 0.137126 0.425000 0.238323 0.236667 0.347305 0.170833 0.317964 0.144167 0.329341 0.119167 0.346707 0.120833 0.358683 0.215833 0.446707 0.274167 0.488623 0.299167 0.499401 0.315000 0.499401 0.344167 0.482036 0.358333 0.463473 0.329167 0.436527 0.325000 0.419162 0.390000 0.385629 0.695000 0.197006 0.709167 0.175449 0.684167 0.144910
