1 0.958333 0.735329 0.935000 0.675449 0.911667 0.653892 0.894167 0.652096 0.855000 0.660479 0.846667 0.686228 0.822500 0.699401 0.131667 0.781437 0.095833 0.791617 0.090000 0.813772 0.102500 0.848503 0.128333 0.851497 0.847500 0.771257 0.867500 0.772455 0.893333 0.801796 0.910000 0.804192 0.941667 0.798802 0.953333 0.791018 0.963333 0.763473
2 0.702500 0.489222 0.650000 0.502395 0.533333 0.554491 0.454167 0.603593 0.445833 0.632335 0.461667 0.662874 0.485833 0.681437 0.507500 0.687425 0.549167 0.681437 0.569167 0.693413 0.595833 0.725150 0.610000 0.734132 0.645833 0.785030 0.669167 0.808982 0.676667 0.825150 0.698333 0.843713 0.705000 0.858683 0.726667 0.876647 0.741667 0.880240 0.808333 0.854491 0.844167 0.832335 0.854167 0.820958 0.859167 0.800599 0.854167 0.782036 0.810000 0.713174 0.768333 0.670659 0.724167 0.603593 0.728333 0.588024 0.757500 0.580240 0.777500 0.555090 0.774167 0.540120 0.747500 0.504790 0.719167 0.490419
2 0.357500 0.774252 0.347500 0.776048 0.339167 0.780838 0.330833 0.791617 0.329167 0.799401 0.334167 0.807186 0.340000 0.812575 0.338333 0.819761 0.334167 0.822156 0.333333 0.825749 0.330000 0.827545 0.329167 0.831737 0.293333 0.868263 0.292500 0.874850 0.295833 0.879042 0.305833 0.886228 0.313333 0.888024 0.326667 0.894012 0.336667 0.894611 0.343333 0.893413 0.350833 0.889820 0.360833 0.882635 0.361667 0.880240 0.377500 0.866467 0.377500 0.864671 0.381667 0.862275 0.381667 0.860479 0.395833 0.846707 0.400000 0.844311 0.400833 0.841916 0.405000 0.840120 0.414167 0.840120 0.418333 0.841317 0.426667 0.838323 0.435833 0.831737 0.441667 0.821557 0.440000 0.811377 0.430000 0.804192 0.429167 0.804790 0.426667 0.802395 0.425833 0.802994 0.412500 0.795210 0.409167 0.794611 0.406667 0.792216 0.404167 0.792216 0.390833 0.785629 0.385833 0.785030 0.380000 0.780838 0.366667 0.776048 0.360833 0.776048
1 0.825000 0.374850 0.725833 0.367665 0.687500 0.376048 0.680833 0.385629 0.678333 0.410778 0.708333 0.425748 0.716667 0.441916 0.616667 0.891018 0.618333 0.913174 0.626667 0.919760 0.645833 0.923952 0.688333 0.925749 0.698333 0.911976 0.733333 0.750898 0.749167 0.707186 0.790000 0.508982 0.808333 0.448503 0.818333 0.435329 0.855833 0.429940 0.865000 0.420359 0.865000 0.392814
3 0.076667 0.159281 0.065833 0.198802 0.073333 0.214970 0.085000 0.223952 0.194167 0.268862 0.205000 0.278443 0.277500 0.300000 0.325000 0.324551 0.355833 0.331737 0.400000 0.353293 0.406667 0.362874 0.430000 0.361677 0.454167 0.369461 0.480833 0.389222 0.472500 0.419162 0.479167 0.437126 0.515000 0.453892 0.530833 0.454491 0.564167 0.445509 0.593333 0.424551 0.621667 0.388024 0.625000 0.369461 0.645833 0.329940 0.647500 0.307186 0.639167 0.289820 0.625000 0.280240 0.587500 0.272455 0.548333 0.291018 0.523333 0.296407 0.450833 0.261677 0.326667 0.222156 0.288333 0.206587 0.265000 0.190419 0.228333 0.180240 0.193333 0.162275 0.125000 0.138323 0.096667 0.141317
4 0.440833 0.540120 0.413333 0.545509 0.389167 0.555689 0.349167 0.583234 0.335833 0.598204 0.330000 0.644311 0.340000 0.656287 0.395000 0.694611 0.405000 0.707784 0.394167 0.740120 0.392500 0.769461 0.378333 0.826946 0.374167 0.869461 0.379167 0.893413 0.388333 0.904790 0.430833 0.920958 0.485833 0.928144 0.515000 0.920958 0.537500 0.899401 0.547500 0.870659 0.560000 0.785629 0.577500 0.735928 0.598333 0.725748 0.656667 0.672455 0.668333 0.653892 0.672500 0.635329 0.669167 0.613772 0.645833 0.586228 0.604167 0.564072 0.570833 0.552695 0.516667 0.543114
0 0.626667 0.438323 0.625833 0.437725 0.622500 0.440120 0.621667 0.439521 0.620833 0.441916 0.622500 0.441916
3 0.282500 0.362275 0.256667 0.373054 0.216667 0.398802 0.220000 0.422754 0.242500 0.447305 0.506667 0.679641 0.506667 0.697006 0.471667 0.719760 0.478333 0.737126 0.504167 0.759281 0.520833 0.761078 0.545000 0.756287 0.610000 0.726946 0.698333 0.668862 0.712500 0.648503 0.707500 0.634731 0.683333 0.614371 0.671667 0.610180 0.625833 0.623353 0.610000 0.621557 0.545833 0.563473 0.468333 0.513174 0.328333 0.386228
1 0.865000 0.576647 0.855000 0.578443 0.849167 0.582635 0.770000 0.717964 0.765833 0.721557 0.755833 0.743713 0.747500 0.748503 0.737500 0.746108 0.731667 0.747305 0.728333 0.750299 0.726667 0.758084 0.734167 0.763473 0.775833 0.777246 0.788333 0.777844 0.795000 0.770659 0.795833 0.766467 0.782500 0.758084 0.881667 0.589820 0.879167 0.581437
1 0.615833 0.199401 0.499167 0.190419 0.485000 0.197605 0.483333 0.215569 0.513333 0.227545 0.516667 0.246108 0.505000 0.284431 0.492500 0.361078 0.476667 0.394012 0.458333 0.502994 0.428333 0.624551 0.430833 0.647305 0.448333 0.655689 0.485833 0.658084 0.503333 0.638323 0.590833 0.246707 0.602500 0.237126 0.633333 0.237725 0.643333 0.216766 0.631667 0.204192
3 0.150833 0.249102 0.129167 0.251497 0.105833 0.259281 0.092500 0.271257 0.085833 0.285030 0.096667 0.349102 0.109167 0.385629 0.127500 0.476048 0.143333 0.528742 0.141667 0.540719 0.096667 0.563473 0.094167 0.582635 0.100833 0.597006 0.125000 0.611976 0.161667 0.619760 0.208333 0.614970 0.262500 0.601198 0.305000 0.581437 0.315000 0.573653 0.317500 0.564671 0.312500 0.544910 0.304167 0.535329 0.276667 0.520958 0.253333 0.518563 0.245833 0.511377 0.220000 0.379641 0.190833 0.277844 0.176667 0.256287 0.165833 0.250898
0 0.395833 0.623353 0.385833 0.632934 0.375000 0.649102 0.375833 0.661677 0.386667 0.674251 0.414167 0.690419 0.416667 0.693413 0.417500 0.704790 0.430000 0.716766 0.445000 0.722156 0.457500 0.723952 0.488333 0.722156 0.500833 0.729341 0.511667 0.739521 0.556667 0.770659 0.575000 0.778443 0.591667 0.778443 0.608333 0.768862 0.616667 0.755689 0.613333 0.746108 0.602500 0.734731 0.570000 0.712575 0.535833 0.685030 0.535000 0.680239 0.540000 0.670659 0.540000 0.662275 0.535000 0.652096 0.525000 0.644311 0.506667 0.638323 0.496667 0.637126 0.488333 0.626946 0.476667 0.620359 0.474167 0.614970 0.453333 0.605988 0.440833 0.605389 0.434167 0.608383 0.420000 0.610778
0 0.523333 0.505389 0.501667 0.521557 0.500833 0.528144 0.505833 0.535329 0.522500 0.549701 0.541667 0.561677 0.607500 0.611976 0.609167 0.619162 0.596667 0.633533 0.598333 0.641317 0.608333 0.646707 0.629167 0.650898 0.637500 0.657485 0.640000 0.663473 0.647500 0.670659 0.659167 0.678443 0.666667 0.681437 0.677500 0.678443 0.713333 0.656287 0.720833 0.647904 0.744167 0.632335 0.745833 0.628743 0.744167 0.620359 0.731667 0.610778 0.711667 0.601796 0.707500 0.589820 0.708333 0.583832 0.700833 0.576647 0.695000 0.574850 0.669167 0.582635 0.660833 0.581437 0.630833 0.563473 0.552500 0.505389 0.544167 0.502395
0 0.409167 0.264072 0.409167 0.284431 0.410833 0.285629 0.410833 0.288623 0.415833 0.297605 0.418333 0.299401 0.424167 0.300599 0.425833 0.299401 0.434167 0.299401 0.441667 0.295808 0.449167 0.295808 0.456667 0.299401 0.464167 0.299401 0.468333 0.297605 0.471667 0.294611 0.470833 0.294012 0.473333 0.292216 0.473333 0.289222 0.475833 0.286228 0.484167 0.286228 0.485833 0.285030 0.490833 0.285629 0.493333 0.284431 0.494167 0.285030 0.503333 0.283234 0.508333 0.283832 0.510000 0.282635 0.513333 0.283234 0.522500 0.281437 0.525000 0.282036 0.527500 0.280838 0.530833 0.281437 0.538333 0.277246 0.540000 0.274251 0.540000 0.268862 0.538333 0.265868 0.539167 0.265269 0.535833 0.261078 0.530000 0.259281 0.522500 0.259281 0.516667 0.260479 0.515000 0.259281 0.513333 0.260479 0.499167 0.260479 0.470000 0.263473 0.460000 0.257485 0.459167 0.258084 0.456667 0.256287 0.455000 0.256886 0.452500 0.255090 0.449167 0.255090 0.442500 0.258084 0.434167 0.259281 0.430833 0.258084 0.418333 0.258683 0.410833 0.261677
0 0.280833 0.326946 0.245833 0.335329 0.217500 0.345509 0.201667 0.355689 0.197500 0.365868 0.204167 0.376048 0.220000 0.382036 0.225833 0.387425 0.225000 0.397006 0.219167 0.408383 0.228333 0.414970 0.240833 0.413174 0.258333 0.413772 0.258333 0.417365 0.299167 0.476048 0.306667 0.490419 0.315000 0.500000 0.326667 0.501198 0.356667 0.491617 0.360000 0.489222 0.361667 0.482036 0.353333 0.465868 0.316667 0.411377 0.310833 0.398204 0.313333 0.391617 0.325833 0.383832 0.330000 0.377844 0.324167 0.369461 0.305000 0.365868 0.305833 0.346707 0.303333 0.340120 0.292500 0.328743
3 0.094167 0.115569 0.080833 0.120359 0.073333 0.125150 0.065833 0.126946 0.058333 0.131138 0.055000 0.134132 0.055000 0.139521 0.058333 0.143114 0.062500 0.144910 0.066667 0.143713 0.067500 0.144311 0.074167 0.141317 0.080000 0.144910 0.105000 0.171856 0.105833 0.174251 0.111667 0.179042 0.135833 0.207784 0.143333 0.212575 0.150833 0.210778 0.157500 0.205988 0.161667 0.204790 0.162500 0.201796 0.160833 0.197605 0.155000 0.191617 0.151667 0.185629 0.147500 0.182635 0.138333 0.170659 0.129167 0.161078 0.128333 0.158683 0.121667 0.151497 0.119167 0.150898 0.117500 0.149102 0.117500 0.146707 0.114167 0.144910 0.111667 0.141317 0.112500 0.140719 0.106667 0.136527 0.103333 0.132335 0.105833 0.128743 0.115833 0.123353 0.113333 0.117365 0.110000 0.114371 0.103333 0.113772 0.101667 0.114970 0.097500 0.114970 0.095000 0.116168
4 0.466667 0.744910 0.465833 0.747305 0.462500 0.750299 0.462500 0.752695 0.460000 0.756287 0.460000 0.758683 0.458333 0.759281 0.455833 0.768263 0.457500 0.775449 0.460833 0.779641 0.468333 0.780838 0.472500 0.782635 0.475833 0.781437 0.476667 0.779641 0.481667 0.776647 0.481667 0.775449 0.485833 0.773653 0.498333 0.776048 0.503333 0.778443 0.510833 0.779641 0.523333 0.783832 0.527500 0.783832 0.534167 0.785629 0.539167 0.785629 0.545833 0.782635 0.550833 0.774850 0.550833 0.767066 0.546667 0.764671 0.541667 0.763473 0.540833 0.762275 0.530000 0.760479 0.505833 0.753892 0.504167 0.752695 0.500833 0.752695 0.495833 0.747305 0.496667 0.744910 0.492500 0.738323 0.480000 0.735329
0 0.677500 0.308383 0.676667 0.308982 0.675000 0.307784 0.671667 0.307784 0.670000 0.309581 0.668333 0.309581 0.658333 0.319162 0.659167 0.319760 0.656667 0.325150 0.654167 0.326946 0.653333 0.326347 0.645833 0.328144 0.640833 0.331138 0.641667 0.331737 0.640000 0.333533 0.642500 0.338323 0.641667 0.338922 0.646667 0.343713 0.647500 0.346108 0.637500 0.355090 0.637500 0.356886 0.615833 0.378443 0.615000 0.380838 0.610833 0.384431 0.611667 0.385030 0.610000 0.386228 0.608333 0.390419 0.613333 0.397006 0.622500 0.401796 0.623333 0.401198 0.625000 0.402395 0.630833 0.403593 0.636667 0.400599 0.657500 0.380838 0.656667 0.379641 0.667500 0.370060 0.666667 0.368862 0.678333 0.358084 0.695000 0.359281 0.700833 0.356287 0.700833 0.350898 0.702500 0.346108 0.716667 0.331138 0.714167 0.326946 0.710000 0.325150 0.702500 0.319760 0.700000 0.319760 0.685000 0.311377 0.684167 0.311976
1 0.762500 0.186826 0.719167 0.182036 0.687500 0.201796 0.530000 0.363473 0.522500 0.381437 0.460000 0.431737 0.432500 0.486228 0.407500 0.488623 0.362500 0.559281 0.341667 0.567665 0.155833 0.768862 0.140000 0.773054 0.093333 0.764671 0.058333 0.783832 0.050000 0.807784 0.060000 0.817964 0.149167 0.867066 0.220833 0.891018 0.270833 0.895808 0.301667 0.875449 0.308333 0.849701 0.285833 0.834132 0.285833 0.814371 0.334167 0.768263 0.443333 0.627545 0.510833 0.568862 0.519167 0.549102 0.633333 0.438323 0.651667 0.407186 0.672500 0.394012 0.682500 0.370060 0.795833 0.278443 0.816667 0.244311 0.813333 0.217365
4 0.418333 0.084431 0.415833 0.085629 0.410833 0.085629 0.395000 0.091617 0.394167 0.094012 0.392500 0.094611 0.392500 0.100000 0.395000 0.104790 0.394167 0.105389 0.401667 0.116168 0.401667 0.117964 0.405833 0.123353 0.406667 0.127545 0.409167 0.129341 0.411667 0.136527 0.414167 0.138323 0.414167 0.141317 0.417500 0.145509 0.415833 0.152096 0.410000 0.155689 0.405833 0.161078 0.405000 0.164072 0.407500 0.169461 0.410000 0.171856 0.409167 0.172455 0.412500 0.176048 0.415000 0.175449 0.420000 0.176647 0.423333 0.176048 0.427500 0.177246 0.435833 0.177246 0.442500 0.175449 0.443333 0.176048 0.450000 0.174251 0.450833 0.174850 0.453333 0.173054 0.457500 0.171856 0.458333 0.172455 0.465000 0.169461 0.465833 0.170060 0.468333 0.168263 0.481667 0.163473 0.484167 0.161677 0.485000 0.159281 0.490000 0.155689 0.492500 0.149102 0.491667 0.146707 0.489167 0.144910 0.490000 0.144311 0.487500 0.142515 0.488333 0.141916 0.486667 0.138922 0.483333 0.137126 0.461667 0.137126 0.458333 0.131138 0.454167 0.126946 0.453333 0.122754 0.451667 0.120958 0.452500 0.120359 0.446667 0.112575 0.447500 0.111976 0.445833 0.108383 0.442500 0.104790 0.442500 0.102994 0.440833 0.101796 0.441667 0.101198 0.437500 0.096407 0.438333 0.095808 0.433333 0.089820 0.426667 0.085629
2 0.165000 0.452695 0.139167 0.473653 0.120000 0.499401 0.109167 0.522754 0.106667 0.537725 0.110000 0.542515 0.145833 0.562874 0.296667 0.617964 0.321667 0.635928 0.314167 0.664072 0.317500 0.682036 0.355833 0.702395 0.388333 0.700599 0.416667 0.674251 0.435000 0.644311 0.460000 0.620359 0.475000 0.590419 0.508333 0.546707 0.505000 0.533533 0.464167 0.511976 0.442500 0.505988 0.430833 0.506587 0.419167 0.501796 0.404167 0.502395 0.403333 0.512575 0.395833 0.514970 0.387500 0.525150 0.378333 0.528144 0.367500 0.522754 0.362500 0.514970 0.336667 0.495808 0.330833 0.501198 0.332500 0.509581 0.277500 0.482036 0.249167 0.474252 0.231667 0.461078 0.208333 0.461078 0.188333 0.453293
3 0.741667 0.100599 0.727500 0.089222 0.715000 0.083832 0.700833 0.085629 0.678333 0.095808 0.685833 0.125150 0.677500 0.133533 0.517500 0.188623 0.485000 0.202994 0.450000 0.213174 0.409167 0.229940 0.396667 0.241317 0.390833 0.257485 0.400000 0.273054 0.421667 0.285629 0.438333 0.286228 0.456667 0.283234 0.510000 0.267665 0.658333 0.212575 0.705000 0.200599 0.726667 0.190419 0.741667 0.197006 0.751667 0.207784 0.761667 0.210778 0.790000 0.201796 0.796667 0.194611 0.790833 0.170060 0.773333 0.140719
3 0.449167 0.265269 0.418333 0.280838 0.412500 0.308982 0.422500 0.375449 0.430833 0.392814 0.467500 0.545509 0.464167 0.568263 0.471667 0.586826 0.463333 0.598802 0.433333 0.610778 0.429167 0.626347 0.433333 0.648503 0.445833 0.657485 0.486667 0.665269 0.532500 0.665269 0.615833 0.654491 0.650000 0.644910 0.674167 0.629940 0.681667 0.620958 0.679167 0.592814 0.664167 0.581437 0.611667 0.577844 0.600000 0.571856 0.600833 0.553293 0.584167 0.504790 0.535833 0.304192 0.518333 0.280838 0.496667 0.268263
