2 0.365000 0.377246 0.341667 0.425748 0.331667 0.464671 0.335000 0.474850 0.342500 0.480240 0.438333 0.503593 0.608333 0.532335 0.628333 0.543114 0.615833 0.571856 0.634167 0.588024 0.677500 0.598802 0.703333 0.597605 0.713333 0.591018 0.735000 0.546108 0.738333 0.521557 0.770000 0.476048 0.796667 0.406587 0.794167 0.391617 0.784167 0.384431 0.752500 0.373653 0.715000 0.371257 0.696667 0.377844 0.675000 0.411976 0.653333 0.414970 0.614167 0.405389 0.570000 0.401198 0.400000 0.368263 0.380833 0.368862
0 0.199167 0.123353 0.187500 0.143114 0.159167 0.228144 0.163333 0.246108 0.181667 0.257485 0.188333 0.270060 0.198333 0.277844 0.226667 0.282036 0.241667 0.278443 0.258333 0.279641 0.290000 0.274850 0.318333 0.263473 0.337500 0.271856 0.361667 0.275449 0.457500 0.304192 0.496667 0.312575 0.530000 0.314371 0.551667 0.307784 0.574167 0.258683 0.572500 0.248503 0.557500 0.233533 0.504167 0.218563 0.348333 0.185030 0.340000 0.178443 0.340833 0.153892 0.335833 0.144311 0.308333 0.138922 0.276667 0.145509 0.267500 0.139521 0.265833 0.132335 0.255833 0.124551 0.228333 0.116766 0.215000 0.116766
1 0.278333 0.258084 0.266667 0.276647 0.280000 0.295210 0.405833 0.364072 0.729167 0.529940 0.735833 0.538922 0.726667 0.561677 0.746667 0.575449 0.755833 0.577844 0.798333 0.561078 0.827500 0.530539 0.840833 0.509581 0.845000 0.488623 0.835833 0.481437 0.810833 0.471856 0.785000 0.484431 0.770833 0.483234 0.333333 0.255689 0.300000 0.246707 0.290833 0.248503
0 0.380000 0.628144 0.374167 0.632335 0.359167 0.631138 0.344167 0.635928 0.330833 0.650299 0.325833 0.667665 0.314167 0.677844 0.302500 0.684431 0.280833 0.687425 0.275000 0.691617 0.270833 0.699401 0.291667 0.723952 0.290833 0.734132 0.275833 0.746108 0.264167 0.762874 0.253333 0.771856 0.223333 0.811976 0.204167 0.823952 0.190000 0.845509 0.190000 0.853293 0.198333 0.863473 0.237500 0.882635 0.280000 0.865269 0.307500 0.832934 0.315000 0.826946 0.322500 0.825150 0.320833 0.817964 0.324167 0.813174 0.340000 0.804192 0.357500 0.801796 0.354167 0.792814 0.370000 0.766467 0.377500 0.764072 0.391667 0.769461 0.404167 0.771257 0.415000 0.769461 0.421667 0.761078 0.422500 0.744311 0.428333 0.738323 0.430833 0.724551 0.453333 0.714970 0.471667 0.696407 0.472500 0.688024 0.460833 0.679042 0.440000 0.671257 0.418333 0.656287 0.400000 0.651497 0.382500 0.642515 0.376667 0.637126
1 0.416667 0.431737 0.408333 0.432934 0.403333 0.436527 0.329167 0.546707 0.324167 0.551497 0.315000 0.568263 0.310000 0.571856 0.304167 0.571856 0.300000 0.570060 0.295000 0.570659 0.290833 0.574850 0.290000 0.580240 0.292500 0.582635 0.327500 0.597006 0.338333 0.598802 0.342500 0.597605 0.346667 0.588623 0.336667 0.580838 0.430000 0.443114 0.428333 0.436527
2 0.556667 0.369461 0.512500 0.389820 0.500833 0.404790 0.498333 0.422754 0.514167 0.459281 0.572500 0.552695 0.570000 0.561078 0.554167 0.574850 0.544167 0.591617 0.549167 0.620958 0.556667 0.632934 0.575833 0.650299 0.608333 0.661078 0.648333 0.665868 0.671667 0.662275 0.720000 0.646108 0.795000 0.605988 0.810000 0.586826 0.811667 0.559880 0.800000 0.535329 0.778333 0.516168 0.758333 0.506587 0.715000 0.498802 0.706667 0.494012 0.693333 0.467665 0.627500 0.372455 0.600000 0.365269
1 0.764167 0.450299 0.750000 0.400000 0.739167 0.389222 0.736667 0.379042 0.726667 0.373054 0.691667 0.376048 0.685000 0.400000 0.676667 0.408383 0.136667 0.455090 0.065833 0.467665 0.055833 0.474850 0.053333 0.491018 0.059167 0.507186 0.069167 0.512575 0.090833 0.516766 0.123333 0.516168 0.680833 0.467066 0.692500 0.470060 0.708333 0.492216 0.733333 0.494012 0.750833 0.491018 0.760000 0.485030 0.757500 0.464671
1 0.726667 0.043114 0.699167 0.038323 0.679167 0.051497 0.374167 0.394611 0.364167 0.395210 0.334167 0.384431 0.322500 0.391617 0.312500 0.402994 0.312500 0.410180 0.320000 0.419760 0.343333 0.433533 0.425000 0.467066 0.447500 0.467066 0.462500 0.455689 0.465833 0.443713 0.440000 0.426347 0.439167 0.421557 0.660000 0.180838 0.742500 0.084431 0.751667 0.065868 0.750000 0.056886
3 0.211667 0.542515 0.204167 0.550299 0.187500 0.558084 0.175833 0.573054 0.183333 0.591617 0.196667 0.607186 0.284167 0.677844 0.330000 0.707784 0.400833 0.768263 0.416667 0.775449 0.416667 0.783234 0.396667 0.806587 0.395833 0.815569 0.419167 0.834132 0.428333 0.837126 0.463333 0.829940 0.509167 0.808383 0.554167 0.777844 0.578333 0.740719 0.571667 0.730539 0.548333 0.715569 0.535000 0.716168 0.503333 0.726946 0.487500 0.723952 0.264167 0.550299 0.254167 0.544910 0.229167 0.538922
0 0.143333 0.120359 0.133333 0.120958 0.127500 0.123952 0.125833 0.128743 0.125833 0.133533 0.127500 0.136527 0.126667 0.141317 0.120000 0.146108 0.118333 0.148503 0.119167 0.153293 0.120833 0.153892 0.120833 0.155090 0.130833 0.160479 0.129167 0.165868 0.130000 0.167066 0.128333 0.168862 0.128333 0.176647 0.125000 0.187425 0.125000 0.193413 0.123333 0.195210 0.125000 0.199401 0.127500 0.201796 0.136667 0.204192 0.146667 0.203593 0.151667 0.197605 0.150833 0.195210 0.152500 0.192814 0.151667 0.192216 0.153333 0.191018 0.153333 0.186826 0.156667 0.178443 0.155833 0.177844 0.157500 0.174251 0.157500 0.168263 0.159167 0.166467 0.159167 0.162874 0.171667 0.156287 0.170833 0.155090 0.174167 0.152695 0.172500 0.148503 0.172500 0.143114 0.177500 0.134731 0.175833 0.127545 0.174167 0.125749 0.164167 0.123952 0.160000 0.122156 0.158333 0.122754
2 0.336667 0.249701 0.315000 0.277246 0.305833 0.312575 0.317500 0.341916 0.336667 0.353293 0.390833 0.369461 0.515833 0.394611 0.560000 0.407784 0.575833 0.447904 0.593333 0.461078 0.620833 0.471856 0.642500 0.476048 0.670000 0.476048 0.689167 0.468263 0.700000 0.467665 0.736667 0.447904 0.760000 0.411976 0.769167 0.389222 0.781667 0.324551 0.781667 0.302395 0.772500 0.280838 0.745000 0.262275 0.715000 0.251497 0.673333 0.246707 0.640833 0.253892 0.594167 0.277246 0.385833 0.233533 0.360833 0.236527
3 0.150833 0.358084 0.136667 0.382635 0.128333 0.414371 0.145000 0.431737 0.169167 0.439521 0.507500 0.489222 0.606667 0.510180 0.620833 0.522156 0.616667 0.532934 0.625000 0.565868 0.682500 0.576647 0.698333 0.567066 0.716667 0.526347 0.742500 0.426946 0.742500 0.394012 0.733333 0.379641 0.692500 0.371856 0.671667 0.373653 0.655000 0.405988 0.639167 0.417964 0.232500 0.352695 0.187500 0.349102
0 0.157500 0.611976 0.158333 0.612575 0.150000 0.623952 0.148333 0.627545 0.149167 0.628144 0.145000 0.634731 0.145833 0.636527 0.144167 0.639521 0.144167 0.644910 0.145833 0.648503 0.150833 0.651497 0.155000 0.651497 0.160833 0.653293 0.167500 0.652096 0.172500 0.652695 0.177500 0.654491 0.181667 0.659281 0.189167 0.661078 0.196667 0.659880 0.201667 0.656886 0.202500 0.654491 0.206667 0.652096 0.214167 0.654491 0.216667 0.653892 0.220833 0.655689 0.225833 0.655689 0.231667 0.657485 0.233333 0.656886 0.240833 0.659281 0.242500 0.658683 0.248333 0.660479 0.250000 0.659880 0.257500 0.662275 0.265000 0.662275 0.269167 0.661078 0.272500 0.658683 0.276667 0.649102 0.275833 0.645509 0.270000 0.641317 0.269167 0.641916 0.260000 0.638922 0.259167 0.639521 0.240000 0.634132 0.238333 0.634731 0.230833 0.632335 0.230000 0.632934 0.223333 0.631138 0.221667 0.631737 0.213333 0.628743 0.212500 0.629341 0.210000 0.624551 0.205833 0.620359 0.199167 0.616168 0.189167 0.617365 0.170833 0.611377
