2 0.468333 0.078443 0.407500 0.085030 0.377500 0.107186 0.367500 0.150898 0.365000 0.269461 0.356667 0.277844 0.327500 0.288024 0.310833 0.300000 0.296667 0.330539 0.300833 0.363473 0.310833 0.376048 0.332500 0.392814 0.365000 0.409581 0.392500 0.414371 0.453333 0.414371 0.554167 0.399401 0.580000 0.387425 0.590833 0.378443 0.606667 0.343713 0.604167 0.315569 0.592500 0.295210 0.565833 0.273054 0.545000 0.263473 0.540000 0.256287 0.542500 0.126347 0.538333 0.104790 0.515833 0.089222
0 0.325833 0.352695 0.324167 0.353293 0.315833 0.352096 0.311667 0.353293 0.310833 0.354491 0.310000 0.353892 0.305000 0.360479 0.305833 0.361677 0.304167 0.363473 0.304167 0.370060 0.295833 0.373653 0.293333 0.378443 0.294167 0.382036 0.300000 0.386826 0.303333 0.388024 0.302500 0.388623 0.304167 0.391018 0.303333 0.394012 0.300000 0.397605 0.300833 0.398802 0.296667 0.404192 0.296667 0.407784 0.292500 0.412575 0.293333 0.413772 0.289167 0.420359 0.290000 0.421557 0.286667 0.425150 0.287500 0.426347 0.282500 0.434132 0.283333 0.435329 0.281667 0.439521 0.288333 0.444311 0.302500 0.447305 0.308333 0.446108 0.312500 0.441916 0.311667 0.440719 0.317500 0.433533 0.316667 0.432335 0.323333 0.423952 0.322500 0.422754 0.326667 0.417964 0.325833 0.416766 0.329167 0.412575 0.328333 0.411976 0.334167 0.404192 0.335833 0.398204 0.341667 0.395210 0.347500 0.395210 0.349167 0.394012 0.350000 0.394611 0.354167 0.391617 0.356667 0.386228 0.353333 0.382036 0.362500 0.368263 0.362500 0.366467 0.360833 0.365269 0.361667 0.364671 0.359167 0.362874 0.345833 0.358084 0.343333 0.358084 0.329167 0.353293 0.327500 0.353892
3 0.718333 0.273054 0.691667 0.240120 0.680833 0.236527 0.651667 0.240120 0.630000 0.252096 0.626667 0.281437 0.619167 0.291617 0.592500 0.292814 0.576667 0.299401 0.549167 0.298802 0.525833 0.305988 0.505000 0.302395 0.491667 0.309581 0.464167 0.309581 0.450833 0.314970 0.424167 0.317365 0.386667 0.329940 0.282500 0.342515 0.248333 0.350898 0.221667 0.363473 0.190000 0.387425 0.193333 0.419760 0.201667 0.437725 0.221667 0.448503 0.262500 0.447305 0.650000 0.379042 0.671667 0.383234 0.684167 0.405988 0.698333 0.419760 0.740833 0.415569 0.754167 0.407784 0.759167 0.394012 0.755833 0.360479
3 0.250000 0.359281 0.216667 0.369461 0.201667 0.377246 0.196667 0.388623 0.200000 0.402994 0.213333 0.423952 0.227500 0.458683 0.301667 0.598204 0.300833 0.607784 0.268333 0.624551 0.269167 0.639521 0.285833 0.658683 0.293333 0.661078 0.308333 0.660479 0.350000 0.653293 0.375000 0.646108 0.421667 0.625150 0.441667 0.608982 0.441667 0.595808 0.429167 0.582036 0.403333 0.567066 0.389167 0.550299 0.365833 0.510778 0.354167 0.498204 0.353333 0.491018 0.340833 0.478443 0.335000 0.461677 0.311667 0.427545 0.305000 0.407186 0.293333 0.388024 0.268333 0.364671 0.256667 0.359281
4 0.262500 0.354491 0.240000 0.368862 0.226667 0.385629 0.225833 0.407186 0.234167 0.425748 0.362500 0.523353 0.385833 0.546707 0.394167 0.564671 0.400000 0.619760 0.419167 0.645509 0.467500 0.668263 0.528333 0.669461 0.578333 0.655090 0.628333 0.626347 0.669167 0.592216 0.679167 0.576647 0.686667 0.548503 0.686667 0.526946 0.679167 0.502395 0.655833 0.476647 0.633333 0.461078 0.613333 0.456886 0.569167 0.462874 0.554167 0.459281 0.516667 0.461078 0.390833 0.367665 0.343333 0.340719 0.314167 0.336527
0 0.630833 0.313772 0.610833 0.317964 0.600000 0.322755 0.586667 0.334132 0.585000 0.343713 0.587500 0.354491 0.584167 0.362874 0.589167 0.382635 0.587500 0.397605 0.594167 0.405988 0.600000 0.432335 0.597500 0.444311 0.586667 0.458084 0.585833 0.474252 0.591667 0.482635 0.612500 0.497006 0.609167 0.516766 0.613333 0.528742 0.626667 0.546707 0.650000 0.559281 0.675000 0.561078 0.703333 0.558683 0.726667 0.554491 0.750000 0.543713 0.763333 0.529341 0.765000 0.519162 0.758333 0.502994 0.740000 0.483832 0.753333 0.466467 0.753333 0.450898 0.746667 0.443114 0.735833 0.437126 0.699167 0.423952 0.675000 0.352096 0.662500 0.326946 0.646667 0.317365
1 0.107500 0.223952 0.080833 0.249102 0.090000 0.279641 0.251667 0.423353 0.670000 0.772455 0.674167 0.785030 0.647500 0.819761 0.670833 0.846108 0.686667 0.852695 0.749167 0.842515 0.769167 0.832934 0.854167 0.768263 0.870833 0.739521 0.857500 0.721557 0.828333 0.702395 0.781667 0.714371 0.760000 0.710180 0.200000 0.237126 0.149167 0.211377
1 0.274167 0.768862 0.269167 0.787425 0.248333 0.820958 0.240833 0.843114 0.245000 0.861677 0.255000 0.865868 0.276667 0.865868 0.291667 0.848503 0.305833 0.846707 0.805833 0.952695 0.835833 0.952096 0.843333 0.946108 0.849167 0.916168 0.832500 0.905389 0.331667 0.800599 0.314167 0.791018 0.314167 0.767665 0.290000 0.761078
0 0.281667 0.045509 0.275833 0.062275 0.303333 0.213174 0.295833 0.218563 0.281667 0.220359 0.266667 0.226347 0.261667 0.230539 0.258333 0.242515 0.277500 0.255090 0.282500 0.265269 0.284167 0.304790 0.289167 0.320958 0.293333 0.325749 0.325833 0.327545 0.375833 0.322755 0.386667 0.319162 0.432500 0.319162 0.443333 0.316168 0.449167 0.310180 0.448333 0.286228 0.444167 0.273653 0.435000 0.267066 0.431667 0.255090 0.431667 0.240120 0.441667 0.225749 0.430833 0.218563 0.403333 0.210180 0.395000 0.200000 0.392500 0.177844 0.381667 0.139521 0.376667 0.091018 0.372500 0.080838 0.372500 0.058683 0.368333 0.047305 0.361667 0.041317 0.351667 0.039521 0.315000 0.039521
3 0.765833 0.466467 0.748333 0.445509 0.730000 0.439521 0.708333 0.442515 0.683333 0.453293 0.675833 0.479641 0.680833 0.495808 0.671667 0.502994 0.640833 0.510778 0.610000 0.511377 0.507500 0.532934 0.476667 0.543713 0.409167 0.550898 0.385000 0.559281 0.330833 0.570659 0.310833 0.570659 0.250833 0.586228 0.200000 0.611976 0.198333 0.633533 0.206667 0.658683 0.232500 0.682635 0.255000 0.689222 0.279167 0.689222 0.393333 0.666467 0.451667 0.650299 0.700833 0.601796 0.717500 0.601796 0.740833 0.632934 0.757500 0.641916 0.796667 0.636527 0.810000 0.630539 0.815833 0.619760 0.814167 0.594611 0.772500 0.495808
1 0.636667 0.202994 0.576667 0.213174 0.556667 0.224551 0.555833 0.234132 0.561667 0.249102 0.604167 0.253892 0.686667 0.658084 0.695833 0.670659 0.711667 0.674251 0.746667 0.667665 0.761667 0.651497 0.745000 0.545509 0.682500 0.246707 0.715000 0.235329 0.718333 0.224551 0.712500 0.206587 0.696667 0.201796
0 0.212500 0.078443 0.194167 0.089222 0.172500 0.104790 0.165833 0.106587 0.161667 0.104790 0.152500 0.104192 0.149167 0.105988 0.148333 0.105389 0.145000 0.106587 0.139167 0.111377 0.135000 0.117365 0.135000 0.119760 0.130833 0.120958 0.117500 0.131138 0.115833 0.133533 0.115833 0.138323 0.120000 0.144311 0.142500 0.158683 0.143333 0.158084 0.147500 0.159880 0.152500 0.159880 0.157500 0.156886 0.158333 0.157485 0.173333 0.146707 0.179167 0.146707 0.185833 0.144910 0.188333 0.142515 0.189167 0.143114 0.192500 0.140719 0.195833 0.134132 0.193333 0.123353 0.235000 0.093413
4 0.361667 0.547305 0.325000 0.558683 0.310000 0.568263 0.304167 0.577246 0.304167 0.595808 0.310000 0.605389 0.305833 0.617964 0.308333 0.634731 0.345833 0.692814 0.354167 0.720958 0.370833 0.750299 0.366667 0.767665 0.350000 0.776048 0.339167 0.793413 0.332500 0.819162 0.349167 0.855689 0.360833 0.863473 0.423333 0.868862 0.479167 0.861677 0.568333 0.836527 0.610833 0.814371 0.630000 0.798802 0.634167 0.788623 0.630833 0.760479 0.611667 0.731737 0.585000 0.723952 0.536667 0.725150 0.527500 0.719162 0.523333 0.700599 0.503333 0.670659 0.485833 0.631138 0.456667 0.579042 0.438333 0.558683 0.410000 0.546108
4 0.208333 0.471856 0.179167 0.522754 0.173333 0.576647 0.197500 0.631138 0.205833 0.640120 0.224167 0.648503 0.275833 0.658084 0.289167 0.653892 0.321667 0.622156 0.357500 0.613174 0.596667 0.656287 0.638333 0.658084 0.656667 0.649102 0.680000 0.619760 0.691667 0.573054 0.680833 0.553293 0.641667 0.537126 0.396667 0.491617 0.371667 0.429940 0.353333 0.420958 0.298333 0.410778 0.284167 0.411976 0.252500 0.427545
3 0.181667 0.681437 0.179167 0.683234 0.169167 0.686228 0.165833 0.688623 0.159167 0.691018 0.159167 0.692216 0.155000 0.695210 0.155833 0.698204 0.160833 0.702395 0.165000 0.702994 0.172500 0.701198 0.175833 0.702994 0.178333 0.708383 0.181667 0.710778 0.186667 0.717964 0.189167 0.719760 0.198333 0.733533 0.208333 0.745509 0.217500 0.760479 0.223333 0.764072 0.229167 0.764671 0.238333 0.760479 0.240000 0.757485 0.240000 0.753293 0.235833 0.747904 0.235833 0.745509 0.232500 0.741916 0.230833 0.737725 0.229167 0.737126 0.225000 0.731138 0.225833 0.730539 0.220000 0.724551 0.220000 0.722156 0.214167 0.716168 0.214167 0.714371 0.211667 0.713174 0.211667 0.710778 0.199167 0.694611 0.199167 0.692216 0.207500 0.687425 0.208333 0.683832 0.204167 0.678443 0.201667 0.677844 0.194167 0.678443 0.193333 0.679641 0.189167 0.680838
3 0.500000 0.628743 0.457500 0.644311 0.453333 0.661677 0.475000 0.726946 0.478333 0.746108 0.485000 0.758683 0.493333 0.795210 0.511667 0.846108 0.508333 0.855090 0.478333 0.867665 0.475833 0.877844 0.485000 0.896407 0.494167 0.901198 0.506667 0.902994 0.575833 0.894012 0.624167 0.877245 0.634167 0.870659 0.637500 0.863473 0.631667 0.847904 0.604167 0.830539 0.603333 0.816766 0.596667 0.813174 0.590833 0.802395 0.588333 0.788024 0.580833 0.783832 0.581667 0.769461 0.574167 0.765269 0.566667 0.735329 0.557500 0.718563 0.555833 0.692814 0.545833 0.678443 0.543333 0.665868 0.525000 0.641317 0.510000 0.631138
