3 0.636667 0.182036 0.569167 0.147305 0.528333 0.140120 0.510833 0.141916 0.489167 0.158084 0.482500 0.168263 0.493333 0.210180 0.445833 0.252695 0.345833 0.326946 0.270000 0.391018 0.254167 0.413174 0.252500 0.422754 0.259167 0.432934 0.291667 0.450898 0.305000 0.450898 0.333333 0.443713 0.388333 0.409581 0.584167 0.259281 0.625833 0.268862 0.641667 0.269461 0.665000 0.255090 0.675833 0.240719 0.672500 0.220958 0.665833 0.207186
3 0.353333 0.542515 0.342500 0.547904 0.336667 0.552695 0.338333 0.558683 0.354167 0.572455 0.353333 0.573054 0.360000 0.578443 0.359167 0.579042 0.370833 0.589820 0.377500 0.598204 0.381667 0.601198 0.382500 0.604192 0.386667 0.607186 0.388333 0.610180 0.398333 0.619760 0.401667 0.624551 0.401667 0.626946 0.392500 0.633533 0.392500 0.636527 0.400833 0.643713 0.408333 0.643114 0.414167 0.639521 0.422500 0.635928 0.423333 0.636527 0.443333 0.626347 0.453333 0.617964 0.454167 0.616168 0.451667 0.613174 0.452500 0.612575 0.444167 0.606587 0.432500 0.610180 0.428333 0.608982 0.420000 0.602395 0.420833 0.601796 0.415000 0.597006 0.415833 0.596407 0.400833 0.583234 0.401667 0.582635 0.367500 0.548503 0.360000 0.543114
3 0.150833 0.485629 0.130000 0.515569 0.138333 0.531737 0.157500 0.544311 0.325000 0.608383 0.375833 0.631737 0.398333 0.650898 0.432500 0.664072 0.424167 0.690419 0.433333 0.697605 0.457500 0.705988 0.465833 0.705988 0.498333 0.682635 0.532500 0.636527 0.555000 0.614371 0.561667 0.599401 0.560833 0.582635 0.526667 0.568862 0.513333 0.574251 0.491667 0.592216 0.474167 0.595808 0.451667 0.583832 0.241667 0.500000 0.181667 0.481437 0.168333 0.480240
0 0.520833 0.250299 0.512500 0.241916 0.497500 0.237725 0.472500 0.238922 0.465000 0.244910 0.453333 0.246108 0.443333 0.242515 0.429167 0.231737 0.410000 0.231138 0.401667 0.234731 0.394167 0.241916 0.387500 0.253892 0.380833 0.257485 0.364167 0.255689 0.345833 0.257485 0.319167 0.254491 0.287500 0.255090 0.279167 0.253293 0.266667 0.255090 0.258333 0.252695 0.230833 0.256287 0.225000 0.274850 0.227500 0.288024 0.234167 0.302395 0.243333 0.308982 0.298333 0.310180 0.325833 0.315569 0.343333 0.313174 0.355833 0.316168 0.375833 0.316168 0.387500 0.322755 0.391667 0.331138 0.398333 0.336527 0.420000 0.342515 0.440833 0.340719 0.455000 0.337126 0.493333 0.339521 0.509167 0.334731 0.520000 0.315569 0.523333 0.283234
1 0.408333 0.075449 0.392500 0.088024 0.402500 0.113772 0.690833 0.444910 0.692500 0.455689 0.675000 0.475449 0.678333 0.486228 0.688333 0.496407 0.702500 0.501796 0.723333 0.503593 0.761667 0.495808 0.799167 0.477246 0.818333 0.461677 0.825833 0.444311 0.821667 0.435928 0.802500 0.422754 0.785000 0.425150 0.762500 0.420958 0.750000 0.410778 0.454167 0.076048 0.436667 0.070659
3 0.391667 0.207784 0.335000 0.217964 0.325833 0.222156 0.315833 0.237725 0.322500 0.439521 0.329167 0.508982 0.323333 0.518563 0.276667 0.530539 0.269167 0.544311 0.276667 0.573054 0.300833 0.584431 0.394167 0.585629 0.468333 0.571856 0.487500 0.564072 0.495833 0.555090 0.492500 0.530539 0.462500 0.503593 0.465833 0.483832 0.457500 0.477246 0.455000 0.441916 0.446667 0.433533 0.452500 0.414970 0.443333 0.406587 0.444167 0.362874 0.437500 0.341317 0.444167 0.305389 0.436667 0.288024 0.436667 0.264671 0.421667 0.231138 0.405000 0.213772
0 0.060833 0.377844 0.056667 0.385030 0.056667 0.394611 0.063333 0.400599 0.169167 0.444311 0.174167 0.449701 0.175000 0.464671 0.177500 0.469461 0.185000 0.476647 0.198333 0.482036 0.225833 0.482036 0.240000 0.489820 0.259167 0.497006 0.273333 0.495808 0.291667 0.481437 0.315833 0.450898 0.317500 0.438323 0.314167 0.432934 0.298333 0.422754 0.268333 0.412575 0.260833 0.406587 0.257500 0.400599 0.244167 0.393413 0.233333 0.392814 0.220000 0.394611 0.208333 0.401198 0.195833 0.401796 0.133333 0.376048 0.091667 0.361677 0.077500 0.364072
2 0.721667 0.199401 0.665833 0.207784 0.624167 0.225150 0.603333 0.245509 0.595000 0.269461 0.595833 0.288024 0.603333 0.305389 0.616667 0.319760 0.657500 0.338922 0.663333 0.344910 0.675833 0.429940 0.689167 0.474850 0.714167 0.492814 0.741667 0.500000 0.757500 0.501198 0.804167 0.491617 0.817500 0.482036 0.828333 0.466467 0.830833 0.444910 0.814167 0.331737 0.827500 0.320958 0.830000 0.310180 0.849167 0.304790 0.859167 0.293413 0.864167 0.276647 0.862500 0.256287 0.849167 0.231737 0.832500 0.217964 0.753333 0.198802
3 0.351667 0.677844 0.353333 0.693413 0.384167 0.714970 0.494167 0.762275 0.590833 0.808383 0.637500 0.840120 0.639167 0.847904 0.629167 0.861078 0.630000 0.868862 0.661667 0.882635 0.694167 0.871856 0.715833 0.855090 0.770000 0.795808 0.775000 0.785629 0.775000 0.771856 0.763333 0.764671 0.743333 0.756886 0.730000 0.756287 0.709167 0.774850 0.691667 0.781437 0.626667 0.749102 0.547500 0.716168 0.519167 0.700599 0.422500 0.658084 0.388333 0.656287 0.369167 0.670060
2 0.495833 0.295210 0.456667 0.296407 0.414167 0.307186 0.366667 0.331737 0.345000 0.353293 0.352500 0.392216 0.387500 0.449701 0.400833 0.484431 0.441667 0.547305 0.399167 0.589222 0.395000 0.600599 0.398333 0.621557 0.419167 0.659880 0.431667 0.671257 0.454167 0.682635 0.477500 0.685629 0.525833 0.680838 0.576667 0.670060 0.618333 0.653293 0.676667 0.638323 0.739167 0.600599 0.758333 0.564072 0.755833 0.545509 0.745000 0.523952 0.717500 0.497605 0.690000 0.489820 0.642500 0.486228 0.629167 0.480240 0.600833 0.442515 0.574167 0.362275 0.557500 0.337126 0.530833 0.308383
1 0.510000 0.501796 0.420833 0.520359 0.404167 0.533533 0.405833 0.546707 0.415000 0.556287 0.450000 0.555090 0.455000 0.558683 0.539167 0.822156 0.578333 0.929341 0.591667 0.949701 0.599167 0.953293 0.626667 0.952096 0.651667 0.941916 0.653333 0.922754 0.524167 0.547305 0.530000 0.537725 0.560000 0.529940 0.561667 0.523952 0.555833 0.506587 0.549167 0.502395
2 0.394167 0.478443 0.285000 0.507186 0.272500 0.517964 0.265000 0.532934 0.265000 0.556287 0.290000 0.608383 0.289167 0.624551 0.320000 0.673653 0.323333 0.699401 0.336667 0.720359 0.343333 0.743114 0.340833 0.759281 0.321667 0.769461 0.297500 0.774252 0.287500 0.780838 0.279167 0.797006 0.291667 0.832335 0.314167 0.853293 0.337500 0.861078 0.448333 0.842515 0.560833 0.806587 0.603333 0.787425 0.623333 0.757485 0.609167 0.719162 0.591667 0.701198 0.567500 0.694012 0.534167 0.697605 0.524167 0.688024 0.501667 0.647904 0.485833 0.630539 0.460000 0.570060 0.449167 0.560479 0.447500 0.543114 0.432500 0.523353 0.426667 0.499401 0.412500 0.484431
1 0.348333 0.470659 0.340000 0.470659 0.334167 0.477246 0.334167 0.482036 0.345000 0.488623 0.345000 0.491617 0.333333 0.507186 0.332500 0.511377 0.317500 0.532934 0.312500 0.544311 0.305833 0.552096 0.304167 0.558683 0.286667 0.582036 0.279167 0.598802 0.272500 0.609581 0.267500 0.613174 0.252500 0.639521 0.251667 0.644311 0.254167 0.648503 0.260000 0.651497 0.267500 0.653293 0.272500 0.652695 0.280000 0.646707 0.305833 0.607784 0.315000 0.589820 0.319167 0.586826 0.325000 0.575449 0.333333 0.567665 0.334167 0.561677 0.345000 0.550299 0.345833 0.543114 0.353333 0.534731 0.352500 0.532335 0.379167 0.501796 0.383333 0.499401 0.391667 0.499401 0.396667 0.493413 0.396667 0.489222 0.391667 0.485030 0.364167 0.477246
3 0.427500 0.028743 0.419167 0.027545 0.405000 0.033533 0.375833 0.059880 0.349167 0.101796 0.301667 0.152695 0.279167 0.185629 0.269167 0.191617 0.263333 0.201198 0.245833 0.216766 0.233333 0.224551 0.222500 0.225749 0.191667 0.218563 0.177500 0.222754 0.171667 0.228144 0.170000 0.244910 0.182500 0.263473 0.225833 0.292814 0.284167 0.317964 0.310000 0.319162 0.330000 0.310180 0.335833 0.291018 0.317500 0.275449 0.309167 0.262874 0.359167 0.200000 0.371667 0.190419 0.378333 0.179042 0.391667 0.167066 0.410833 0.138922 0.469167 0.074850 0.474167 0.060479 0.470833 0.051497
0 0.588333 0.188024 0.570000 0.158683 0.559167 0.148503 0.545833 0.142515 0.520833 0.140719 0.498333 0.143114 0.460000 0.154491 0.425000 0.144910 0.398333 0.146707 0.373333 0.156886 0.362500 0.165868 0.353333 0.184431 0.342500 0.196407 0.200833 0.219760 0.171667 0.229341 0.155833 0.244311 0.158333 0.269461 0.173333 0.286826 0.189167 0.292814 0.225000 0.293413 0.293333 0.280240 0.329167 0.277246 0.363333 0.268862 0.378333 0.273653 0.405000 0.292814 0.425000 0.297605 0.453333 0.293413 0.493333 0.273054 0.541667 0.270060 0.577500 0.255689 0.587500 0.244311 0.591667 0.227545
3 0.172500 0.209581 0.153333 0.231138 0.152500 0.239521 0.159167 0.250898 0.213333 0.288623 0.264167 0.316168 0.304167 0.342515 0.316667 0.347305 0.366667 0.378443 0.368333 0.389222 0.357500 0.409581 0.365000 0.419760 0.384167 0.430539 0.408333 0.427545 0.423333 0.419760 0.452500 0.396407 0.460833 0.384431 0.477500 0.369461 0.485833 0.350898 0.479167 0.335928 0.465000 0.327545 0.449167 0.325749 0.429167 0.334731 0.410833 0.333533 0.216667 0.218563 0.188333 0.206587 0.180000 0.206587
3 0.713333 0.203593 0.711667 0.204790 0.696667 0.207186 0.695000 0.208383 0.691667 0.208383 0.690000 0.209581 0.685833 0.210180 0.680000 0.213772 0.680000 0.217365 0.683333 0.222156 0.686667 0.223353 0.693333 0.222754 0.698333 0.224551 0.700000 0.231138 0.703333 0.238323 0.705000 0.239521 0.705000 0.242515 0.706667 0.243114 0.707500 0.247904 0.712500 0.258683 0.712500 0.261677 0.714167 0.262874 0.714167 0.265868 0.715833 0.267066 0.715833 0.270060 0.719167 0.276048 0.722500 0.291018 0.726667 0.295808 0.732500 0.298802 0.744167 0.296407 0.748333 0.291018 0.748333 0.286228 0.746667 0.283832 0.746667 0.279042 0.745000 0.277246 0.744167 0.270659 0.742500 0.268862 0.740833 0.260479 0.738333 0.256886 0.735000 0.243713 0.733333 0.242515 0.731667 0.234132 0.730000 0.232934 0.729167 0.225749 0.726667 0.223353 0.727500 0.217964 0.733333 0.215569 0.735833 0.215569 0.739167 0.212575 0.739167 0.209581 0.737500 0.205389 0.734167 0.203593 0.718333 0.204790
0 0.394167 0.372455 0.335000 0.379042 0.275000 0.392216 0.261667 0.399401 0.258333 0.407784 0.262500 0.427545 0.280000 0.448503 0.274167 0.457485 0.265000 0.464072 0.264167 0.471856 0.272500 0.482635 0.308333 0.488623 0.320833 0.494012 0.320833 0.505988 0.325833 0.512575 0.333333 0.543713 0.338333 0.551497 0.352500 0.604790 0.367500 0.622755 0.385000 0.625749 0.425000 0.620359 0.431667 0.617365 0.438333 0.608982 0.437500 0.566467 0.406667 0.478443 0.414167 0.469461 0.435833 0.458683 0.439167 0.448503 0.435833 0.440120 0.413333 0.428144 0.414167 0.417964 0.422500 0.410778 0.417500 0.385629 0.409167 0.376647
3 0.222500 0.310778 0.218333 0.333533 0.231667 0.359281 0.318333 0.400000 0.468333 0.455689 0.584167 0.504192 0.635000 0.519760 0.644167 0.529341 0.636667 0.570060 0.655000 0.587425 0.695000 0.598802 0.712500 0.585030 0.755833 0.570659 0.783333 0.537126 0.812500 0.482036 0.820000 0.454491 0.819167 0.431737 0.813333 0.422156 0.779167 0.407784 0.763333 0.405988 0.743333 0.410778 0.700000 0.431138 0.689167 0.431737 0.595000 0.391617 0.296667 0.281437 0.265833 0.277844 0.246667 0.283234
3 0.909167 0.719162 0.875833 0.653293 0.835833 0.612575 0.817500 0.601796 0.804167 0.600000 0.775000 0.610180 0.748333 0.640120 0.723333 0.644311 0.717500 0.651497 0.699167 0.659880 0.674167 0.665269 0.666667 0.673653 0.640000 0.676647 0.628333 0.686826 0.576667 0.700000 0.550000 0.711976 0.504167 0.719162 0.481667 0.731138 0.455000 0.737725 0.410833 0.763473 0.395833 0.780838 0.395000 0.789222 0.431667 0.825150 0.456667 0.828743 0.481667 0.823952 0.511667 0.811976 0.717500 0.753892 0.803333 0.725748 0.815833 0.725748 0.848333 0.753293 0.870833 0.752695 0.895000 0.744910 0.903333 0.738323
3 0.852500 0.724551 0.846667 0.718563 0.838333 0.717964 0.830000 0.719162 0.827500 0.722156 0.828333 0.724551 0.826667 0.729940 0.821667 0.732934 0.805000 0.734132 0.792500 0.733533 0.779167 0.735329 0.762500 0.734731 0.745000 0.736527 0.715000 0.736527 0.694167 0.738922 0.690000 0.743713 0.690833 0.757485 0.692500 0.760479 0.699167 0.762874 0.722500 0.762275 0.727500 0.761078 0.735000 0.761677 0.740000 0.760479 0.756667 0.761078 0.761667 0.759880 0.778333 0.760479 0.783333 0.759281 0.786667 0.760479 0.822500 0.759281 0.825833 0.760479 0.827500 0.759880 0.830000 0.761677 0.832500 0.765868 0.833333 0.771856 0.836667 0.773653 0.851667 0.771856 0.855000 0.768862 0.854167 0.760479 0.855833 0.742515
3 0.270833 0.335329 0.240000 0.343114 0.217500 0.358683 0.216667 0.377844 0.225000 0.394611 0.235833 0.401796 0.274167 0.407186 0.289167 0.415569 0.308333 0.504192 0.305833 0.521557 0.312500 0.531737 0.314167 0.558084 0.327500 0.605988 0.336667 0.685629 0.347500 0.706587 0.359167 0.716766 0.404167 0.719760 0.438333 0.715569 0.452500 0.700000 0.451667 0.650299 0.430833 0.602395 0.423333 0.522754 0.410000 0.483234 0.411667 0.461078 0.403333 0.429940 0.412500 0.406587 0.459167 0.386228 0.460000 0.361078 0.443333 0.346108 0.415000 0.335329 0.369167 0.335928 0.342500 0.330539
0 0.251667 0.386228 0.220000 0.398204 0.167500 0.422156 0.157500 0.431737 0.157500 0.437725 0.174167 0.456287 0.173333 0.467066 0.180000 0.474252 0.182500 0.483832 0.192500 0.489820 0.204167 0.489222 0.222500 0.494012 0.221667 0.502994 0.228333 0.509581 0.225000 0.516766 0.233333 0.516766 0.237500 0.525150 0.246667 0.531737 0.257500 0.548503 0.258333 0.556287 0.266667 0.561677 0.280833 0.585030 0.306667 0.597605 0.318333 0.598802 0.357500 0.585030 0.361667 0.580838 0.362500 0.571257 0.324167 0.515569 0.316667 0.508982 0.310000 0.494611 0.297500 0.480838 0.285000 0.461078 0.290000 0.452695 0.303333 0.443114 0.306667 0.432335 0.284167 0.424551 0.279167 0.417964 0.280833 0.408383 0.274167 0.397605 0.265000 0.389222
