3 0.464167 0.396407 0.442500 0.402395 0.417500 0.423353 0.227500 0.632934 0.210833 0.638323 0.172500 0.626347 0.159167 0.628144 0.138333 0.650299 0.142500 0.666467 0.170833 0.685629 0.263333 0.726946 0.308333 0.740120 0.330833 0.738922 0.350000 0.712575 0.343333 0.698204 0.335000 0.692216 0.337500 0.667665 0.348333 0.661677 0.357500 0.647904 0.377500 0.630539 0.378333 0.622156 0.391667 0.615569 0.438333 0.559281 0.505833 0.487425 0.523333 0.448503 0.523333 0.426946
2 0.318333 0.262874 0.303333 0.270659 0.280000 0.304790 0.280833 0.324551 0.286667 0.336527 0.313333 0.352695 0.316667 0.357485 0.308333 0.398802 0.295833 0.435928 0.290000 0.477246 0.299167 0.488024 0.337500 0.506587 0.369167 0.511976 0.385833 0.511377 0.402500 0.505389 0.415833 0.491617 0.435000 0.438323 0.449167 0.379641 0.466667 0.376647 0.488333 0.368862 0.498333 0.362275 0.510833 0.342515 0.515000 0.320359 0.500833 0.298204 0.452500 0.276647 0.430833 0.270659 0.387500 0.264072
0 0.730833 0.465868 0.719167 0.475449 0.715833 0.482635 0.714167 0.573653 0.709167 0.589222 0.709167 0.631737 0.705000 0.635928 0.671667 0.645509 0.665833 0.654491 0.667500 0.659880 0.680833 0.669461 0.684167 0.678443 0.672500 0.695210 0.672500 0.715569 0.677500 0.724551 0.690000 0.728743 0.760000 0.727545 0.789167 0.724551 0.810000 0.725748 0.827500 0.721557 0.831667 0.716168 0.828333 0.684431 0.838333 0.674251 0.842500 0.653892 0.841667 0.646707 0.821667 0.621557 0.825833 0.603593 0.820833 0.591018 0.824167 0.574251 0.820000 0.551497 0.824167 0.542515 0.820833 0.532335 0.821667 0.502994 0.810833 0.485030 0.795000 0.470060 0.780833 0.466467
2 0.495000 0.274251 0.457500 0.307186 0.406667 0.377844 0.380000 0.423353 0.375833 0.442515 0.383333 0.459880 0.404167 0.473054 0.453333 0.485030 0.481667 0.477246 0.510000 0.453892 0.525833 0.449701 0.549167 0.463473 0.618333 0.484431 0.628333 0.492216 0.706667 0.514970 0.737500 0.527545 0.769167 0.530539 0.782500 0.525748 0.825000 0.468263 0.831667 0.448503 0.827500 0.429940 0.782500 0.405389 0.752500 0.398204 0.638333 0.355090 0.596667 0.343713 0.588333 0.334132 0.594167 0.323353 0.593333 0.304192 0.580833 0.288024 0.556667 0.276048 0.516667 0.269461
0 0.800000 0.727545 0.795000 0.726946 0.786667 0.730539 0.771667 0.740719 0.763333 0.744910 0.757500 0.749701 0.750000 0.752695 0.749167 0.753892 0.745833 0.753892 0.739167 0.750299 0.734167 0.750299 0.731667 0.752695 0.731667 0.756886 0.725833 0.761677 0.720000 0.761677 0.711667 0.765868 0.711667 0.771257 0.715833 0.773653 0.717500 0.777246 0.724167 0.781437 0.725833 0.783832 0.728333 0.784431 0.738333 0.793413 0.742500 0.793413 0.745833 0.792216 0.750000 0.789222 0.752500 0.785030 0.758333 0.781437 0.765833 0.782036 0.769167 0.777246 0.765833 0.771856 0.765833 0.768862 0.767500 0.768263 0.767500 0.767066 0.779167 0.759281 0.792500 0.752096 0.805000 0.743114 0.808333 0.741916 0.810000 0.736527 0.807500 0.735329 0.805833 0.731737
1 0.912500 0.052096 0.893333 0.029940 0.840833 0.029940 0.150000 0.212575 0.138333 0.209581 0.105833 0.182635 0.070000 0.188623 0.058333 0.194012 0.050833 0.219162 0.079167 0.297605 0.099167 0.325749 0.130833 0.335928 0.158333 0.329341 0.175833 0.318563 0.170833 0.293413 0.178333 0.283832 0.882500 0.097605 0.913333 0.078443
2 0.484167 0.149102 0.478333 0.152695 0.480000 0.160479 0.466667 0.189820 0.467500 0.228743 0.471667 0.238922 0.469167 0.245509 0.470833 0.288024 0.466667 0.295210 0.446667 0.298204 0.437500 0.307784 0.435833 0.321557 0.443333 0.341916 0.450833 0.347904 0.464167 0.350898 0.503333 0.350299 0.526667 0.352695 0.567500 0.349102 0.600000 0.349102 0.636667 0.352695 0.649167 0.349102 0.655833 0.335928 0.655000 0.318563 0.650000 0.304790 0.644167 0.300000 0.609167 0.295808 0.600833 0.290419 0.600833 0.250299 0.596667 0.233533 0.599167 0.224551 0.595833 0.208982 0.598333 0.200000 0.595000 0.195210 0.596667 0.174251 0.590833 0.148503 0.586667 0.145509 0.571667 0.143114 0.526667 0.143114
0 0.680833 0.482036 0.657500 0.489820 0.643333 0.504192 0.641667 0.511976 0.645000 0.528742 0.652500 0.541916 0.638333 0.556287 0.638333 0.570659 0.655000 0.584431 0.685000 0.593413 0.690833 0.600599 0.706667 0.705389 0.714167 0.726946 0.729167 0.736527 0.770833 0.736527 0.782500 0.732335 0.792500 0.722156 0.795000 0.714970 0.792500 0.704192 0.795000 0.696407 0.790000 0.682036 0.789167 0.662874 0.785833 0.658683 0.777500 0.598204 0.785000 0.589222 0.796667 0.585030 0.815000 0.568862 0.815833 0.553892 0.796667 0.534731 0.795833 0.516766 0.788333 0.501198 0.780000 0.492216 0.765000 0.483234 0.741667 0.479641
3 0.405000 0.067665 0.362500 0.091018 0.284167 0.155689 0.265000 0.177246 0.256667 0.201198 0.277500 0.218563 0.301667 0.225749 0.356667 0.210180 0.375000 0.227545 0.391667 0.234731 0.405000 0.251497 0.428333 0.264072 0.433333 0.277246 0.446667 0.280240 0.465000 0.299401 0.495833 0.320359 0.530833 0.337126 0.602500 0.395808 0.650000 0.419760 0.698333 0.431138 0.710000 0.429940 0.746667 0.410778 0.764167 0.395808 0.765833 0.377246 0.744167 0.353293 0.606667 0.252695 0.448333 0.143713 0.441667 0.128144 0.462500 0.108383 0.471667 0.088623 0.440833 0.065868 0.425000 0.062874
1 0.189167 0.227545 0.085833 0.305988 0.075000 0.326347 0.086667 0.341916 0.123333 0.359281 0.171667 0.340120 0.192500 0.347904 0.390833 0.494611 0.426667 0.532934 0.646667 0.691018 0.825833 0.829940 0.871667 0.850299 0.921667 0.831737 0.944167 0.804790 0.918333 0.764671 0.443333 0.413174 0.365000 0.344311 0.284167 0.286826 0.274167 0.268862 0.296667 0.229341 0.265833 0.195808 0.240000 0.200599
3 0.309167 0.437126 0.315000 0.452695 0.324167 0.463473 0.343333 0.466467 0.361667 0.465269 0.377500 0.459281 0.379167 0.436527 0.390000 0.421557 0.475000 0.420958 0.555000 0.415569 0.601667 0.416168 0.722500 0.410778 0.750000 0.398204 0.763333 0.364072 0.747500 0.350898 0.703333 0.346108 0.595000 0.350299 0.565833 0.353892 0.450833 0.355689 0.424167 0.350898 0.387500 0.349102 0.379167 0.342515 0.376667 0.326946 0.369167 0.320958 0.335833 0.322156 0.324167 0.328144 0.312500 0.345509 0.306667 0.395808
2 0.139167 0.193413 0.118333 0.242515 0.120833 0.251497 0.130833 0.261078 0.146667 0.269461 0.189167 0.279042 0.202500 0.286228 0.249167 0.294012 0.270000 0.302994 0.288333 0.305988 0.305833 0.311976 0.316667 0.319162 0.316667 0.330539 0.310833 0.343114 0.319167 0.355689 0.349167 0.365269 0.375000 0.364671 0.388333 0.358084 0.403333 0.337126 0.416667 0.311377 0.434167 0.257485 0.436667 0.234132 0.421667 0.214970 0.390833 0.206587 0.370833 0.206587 0.355833 0.213772 0.346667 0.225749 0.336667 0.225749 0.301667 0.218563 0.280833 0.217365 0.229167 0.203593 0.220000 0.204192 0.207500 0.198204 0.185833 0.195808 0.167500 0.188623 0.152500 0.188024
3 0.691667 0.279042 0.635000 0.285629 0.611667 0.301198 0.602500 0.320958 0.602500 0.606587 0.610833 0.638922 0.576667 0.653892 0.541667 0.661677 0.530000 0.683832 0.537500 0.710180 0.562500 0.717964 0.578333 0.731737 0.599167 0.739521 0.650000 0.741916 0.755000 0.730539 0.799167 0.715569 0.814167 0.698802 0.808333 0.664671 0.780833 0.647305 0.751667 0.638922 0.741667 0.627545 0.745000 0.458084 0.737500 0.319760 0.721667 0.288024
2 0.169167 0.338323 0.154167 0.382635 0.153333 0.396407 0.159167 0.419162 0.177500 0.441916 0.213333 0.457485 0.230833 0.460479 0.252500 0.460479 0.266667 0.457485 0.310833 0.435928 0.435000 0.456886 0.475000 0.459281 0.500000 0.450299 0.517500 0.435329 0.523333 0.426347 0.526667 0.414371 0.525833 0.394012 0.510833 0.376647 0.480000 0.365269 0.343333 0.341317 0.334167 0.330539 0.321667 0.325150 0.321667 0.311976 0.306667 0.300000 0.289167 0.293413 0.258333 0.288623 0.238333 0.289820 0.215833 0.295808
3 0.565000 0.045509 0.548333 0.038323 0.534167 0.037725 0.517500 0.047904 0.501667 0.062874 0.525000 0.085030 0.528333 0.098204 0.480000 0.123952 0.253333 0.268263 0.243333 0.284431 0.262500 0.307186 0.285000 0.324551 0.295000 0.326347 0.330000 0.314970 0.455833 0.234731 0.596667 0.150898 0.645833 0.173054 0.684167 0.150898 0.682500 0.141916 0.610000 0.076647
