0 0.500833 0.437126 0.473333 0.446108 0.456667 0.463473 0.459167 0.492814 0.468333 0.507186 0.451667 0.523952 0.451667 0.541317 0.473333 0.558683 0.506667 0.567665 0.514167 0.577844 0.532500 0.697605 0.541667 0.725150 0.556667 0.735928 0.610000 0.735928 0.624167 0.729341 0.636667 0.711976 0.636667 0.688623 0.631667 0.677245 0.630000 0.649701 0.625000 0.641317 0.615833 0.570659 0.626667 0.561078 0.638333 0.557485 0.658333 0.540120 0.660000 0.520958 0.637500 0.497605 0.637500 0.480838 0.627500 0.458683 0.617500 0.447904 0.601667 0.438922 0.572500 0.434132
3 0.330000 0.407186 0.278333 0.416766 0.148333 0.455090 0.114167 0.470659 0.100000 0.485629 0.112500 0.513772 0.125833 0.524551 0.170000 0.517365 0.192500 0.520359 0.335000 0.796407 0.350833 0.819761 0.368333 0.833533 0.383333 0.837725 0.418333 0.832934 0.460833 0.820359 0.468333 0.800000 0.465000 0.784431 0.343333 0.560479 0.315000 0.491617 0.317500 0.479042 0.335000 0.473054 0.367500 0.452695 0.365833 0.439521 0.350000 0.411377
3 0.694167 0.343114 0.670000 0.346108 0.649167 0.358683 0.373333 0.608383 0.354167 0.612575 0.318333 0.597006 0.298333 0.594611 0.269167 0.617365 0.263333 0.628743 0.267500 0.639521 0.302500 0.668263 0.409167 0.722156 0.470833 0.738922 0.479167 0.737725 0.510000 0.710180 0.507500 0.700000 0.482500 0.663473 0.507500 0.647904 0.510000 0.638922 0.538333 0.623353 0.549167 0.605988 0.570833 0.598802 0.574167 0.588623 0.599167 0.573054 0.599167 0.562275 0.626667 0.547904 0.650833 0.517365 0.731667 0.452096 0.750000 0.423353 0.760000 0.380838 0.742500 0.374850 0.716667 0.352695
0 0.378333 0.565269 0.373333 0.563473 0.369167 0.564072 0.331667 0.583234 0.320833 0.583234 0.317500 0.584431 0.314167 0.587425 0.314167 0.590419 0.302500 0.595808 0.300833 0.599401 0.303333 0.604192 0.307500 0.606587 0.316667 0.614970 0.322500 0.617964 0.328333 0.617964 0.335000 0.614371 0.335833 0.611976 0.339167 0.609581 0.346667 0.608982 0.350833 0.605988 0.350833 0.595808 0.382500 0.575449 0.382500 0.570060
0 0.680000 0.292814 0.655000 0.297006 0.637500 0.296407 0.612500 0.302395 0.597500 0.301796 0.589167 0.305389 0.585833 0.313772 0.588333 0.320958 0.599167 0.335329 0.598333 0.346707 0.587500 0.359281 0.591667 0.365269 0.614167 0.370659 0.622500 0.376048 0.622500 0.383832 0.630833 0.405988 0.630000 0.411377 0.633333 0.423952 0.638333 0.434132 0.638333 0.450299 0.645833 0.466467 0.656667 0.471257 0.690833 0.467665 0.699167 0.448503 0.699167 0.440120 0.692500 0.416168 0.697500 0.409581 0.690000 0.405988 0.690000 0.396407 0.695000 0.388024 0.688333 0.382635 0.681667 0.372455 0.680833 0.367066 0.683333 0.363473 0.690833 0.362275 0.704167 0.356287 0.705000 0.346108 0.691667 0.337126 0.690833 0.332934 0.685000 0.327545 0.690000 0.314970 0.689167 0.302994 0.686667 0.297006
4 0.311667 0.314371 0.314167 0.358084 0.323333 0.384431 0.330833 0.394611 0.369167 0.420359 0.392500 0.428144 0.409167 0.429341 0.445000 0.426946 0.457500 0.421557 0.474167 0.398802 0.483333 0.394012 0.501667 0.376048 0.524167 0.376048 0.561667 0.369461 0.628333 0.365269 0.674167 0.356886 0.691667 0.345509 0.699167 0.316766 0.697500 0.300000 0.690000 0.287425 0.677500 0.279042 0.660000 0.273653 0.642500 0.271856 0.554167 0.281437 0.487500 0.283832 0.467500 0.279042 0.420833 0.257485 0.404167 0.253892 0.379167 0.255689 0.348333 0.265269 0.321667 0.289820
3 0.411667 0.490419 0.403333 0.490419 0.398333 0.492216 0.395000 0.496407 0.392500 0.502994 0.393333 0.505988 0.399167 0.507186 0.399167 0.508383 0.405833 0.511976 0.407500 0.516168 0.396667 0.536527 0.392500 0.541317 0.388333 0.552096 0.382500 0.559281 0.379167 0.567665 0.377500 0.568263 0.366667 0.589222 0.365000 0.589820 0.356667 0.608383 0.356667 0.611377 0.360000 0.614970 0.380000 0.620958 0.385833 0.620958 0.393333 0.616168 0.394167 0.611976 0.395833 0.611377 0.402500 0.596407 0.406667 0.591617 0.407500 0.587425 0.409167 0.586826 0.416667 0.571856 0.425000 0.561078 0.427500 0.554491 0.429167 0.554491 0.431667 0.547904 0.435000 0.544910 0.435833 0.541317 0.437500 0.540719 0.444167 0.528742 0.450833 0.523353 0.465000 0.525748 0.469167 0.525150 0.472500 0.521557 0.475000 0.514970 0.473333 0.508982 0.461667 0.505988 0.437500 0.496407
2 0.659167 0.241916 0.629167 0.248503 0.605000 0.280240 0.587500 0.335928 0.570833 0.368263 0.554167 0.428144 0.493333 0.441317 0.480833 0.449102 0.460833 0.480838 0.455000 0.514371 0.464167 0.532934 0.477500 0.542515 0.531667 0.561677 0.652500 0.583832 0.722500 0.582635 0.745833 0.576647 0.773333 0.561078 0.792500 0.528742 0.791667 0.496407 0.779167 0.482635 0.745833 0.460479 0.740833 0.446707 0.747500 0.413772 0.787500 0.344311 0.796667 0.289222 0.785000 0.267665 0.751667 0.250898 0.710000 0.242515
1 0.079167 0.216168 0.045000 0.239521 0.059167 0.283234 0.520000 0.765269 0.597500 0.835329 0.596667 0.852096 0.561667 0.890419 0.570000 0.907186 0.590000 0.920958 0.608333 0.922754 0.671667 0.904192 0.796667 0.832934 0.811667 0.817365 0.802500 0.796407 0.776667 0.776048 0.721667 0.790419 0.701667 0.785030 0.190833 0.246707 0.155833 0.218563 0.120833 0.204192
3 0.644167 0.292216 0.615833 0.250898 0.595000 0.245509 0.568333 0.246707 0.535833 0.254491 0.330833 0.282036 0.230000 0.299401 0.215000 0.296407 0.191667 0.266467 0.170000 0.264072 0.139167 0.271257 0.129167 0.279042 0.124167 0.290419 0.139167 0.360479 0.169167 0.407186 0.192500 0.422156 0.228333 0.415569 0.260000 0.390419 0.285833 0.389820 0.293333 0.383234 0.315000 0.377246 0.338333 0.376048 0.348333 0.368862 0.375833 0.369461 0.385833 0.361677 0.442500 0.355090 0.470000 0.347305 0.519167 0.346108 0.548333 0.336527 0.575000 0.333533 0.620000 0.316168 0.640000 0.301198
