1 0.128333 0.338922 0.110833 0.358683 0.125833 0.384431 0.584167 0.770659 0.582500 0.777844 0.553333 0.800599 0.560833 0.813174 0.588333 0.828743 0.630833 0.814371 0.722500 0.753892 0.731667 0.731138 0.720833 0.718563 0.697500 0.709581 0.661667 0.725150 0.653333 0.723952 0.336667 0.449701 0.204167 0.341916 0.165833 0.324551
3 0.622500 0.584431 0.612500 0.543114 0.605833 0.532335 0.590000 0.524551 0.566667 0.524551 0.555000 0.529341 0.545833 0.547305 0.530000 0.555689 0.267500 0.558683 0.234167 0.562275 0.227500 0.565269 0.222500 0.577246 0.229167 0.590419 0.228333 0.599401 0.235833 0.606587 0.246667 0.611377 0.326667 0.616168 0.390833 0.613174 0.535833 0.612575 0.548333 0.620359 0.559167 0.641916 0.579167 0.646707 0.598333 0.646707 0.617500 0.631138 0.621667 0.616766
0 0.265000 0.097605 0.260000 0.100599 0.256667 0.101198 0.247500 0.107784 0.245000 0.108383 0.241667 0.113174 0.241667 0.116766 0.245000 0.120958 0.253333 0.125150 0.252500 0.132335 0.255833 0.135928 0.260833 0.137725 0.273333 0.137126 0.279167 0.144910 0.283333 0.147904 0.296667 0.163473 0.301667 0.167665 0.309167 0.168862 0.313333 0.166467 0.316667 0.165868 0.321667 0.161677 0.321667 0.157485 0.320000 0.153892 0.316667 0.150898 0.317500 0.150299 0.295833 0.128144 0.295833 0.122156 0.299167 0.119162 0.299167 0.116168 0.297500 0.113772 0.298333 0.113174 0.296667 0.111377 0.288333 0.108982 0.285833 0.107186 0.285000 0.102994 0.278333 0.097605 0.273333 0.095808
1 0.592500 0.252695 0.565833 0.256886 0.553333 0.277246 0.500833 0.713174 0.488333 0.717365 0.455833 0.717964 0.448333 0.742515 0.468333 0.756886 0.551667 0.764671 0.613333 0.760479 0.623333 0.753293 0.627500 0.739521 0.622500 0.726946 0.589167 0.720958 0.581667 0.715569 0.635833 0.295808 0.632500 0.264671 0.623333 0.256886
0 0.347500 0.056287 0.347500 0.057485 0.340833 0.062275 0.342500 0.068263 0.350000 0.074251 0.355833 0.076647 0.359167 0.079641 0.361667 0.080240 0.378333 0.090419 0.378333 0.100000 0.380000 0.102395 0.385000 0.104790 0.392500 0.105389 0.398333 0.110778 0.406667 0.113772 0.410000 0.113772 0.414167 0.111976 0.423333 0.104790 0.431667 0.094012 0.431667 0.090419 0.430000 0.089820 0.429167 0.087425 0.424167 0.085030 0.420833 0.085030 0.415833 0.083234 0.413333 0.075449 0.408333 0.073653 0.404167 0.073653 0.398333 0.076048 0.393333 0.076647 0.388333 0.072455 0.372500 0.064671 0.360833 0.056886 0.355833 0.055090
3 0.797500 0.483832 0.788333 0.473054 0.758333 0.467665 0.738333 0.468263 0.637500 0.485030 0.584167 0.490419 0.532500 0.500599 0.487500 0.504790 0.459167 0.510180 0.438333 0.517964 0.420000 0.511377 0.398333 0.481437 0.359167 0.486826 0.350833 0.497006 0.347500 0.516168 0.350833 0.552096 0.365000 0.599401 0.391667 0.629940 0.414167 0.629940 0.437500 0.623353 0.440833 0.588623 0.456667 0.582036 0.775000 0.536527 0.791667 0.529940 0.805000 0.519162
3 0.313333 0.050898 0.219167 0.076048 0.196667 0.084431 0.179167 0.098802 0.190833 0.117365 0.198333 0.122754 0.206667 0.123952 0.232500 0.117365 0.247500 0.125749 0.255000 0.142515 0.285833 0.186826 0.315000 0.245509 0.327500 0.261078 0.348333 0.298204 0.365833 0.319760 0.382500 0.325749 0.393333 0.325749 0.432500 0.315569 0.440000 0.310778 0.440833 0.298802 0.384167 0.199401 0.358333 0.162874 0.330833 0.105389 0.330000 0.092216 0.354167 0.077246 0.352500 0.067665 0.340833 0.050898
4 0.619167 0.326946 0.591667 0.310180 0.559167 0.307784 0.527500 0.316168 0.424167 0.356886 0.355833 0.376647 0.317500 0.381437 0.238333 0.370060 0.204167 0.378443 0.174167 0.392814 0.165000 0.402395 0.160833 0.422156 0.165833 0.469461 0.190833 0.517964 0.220000 0.552695 0.262500 0.582635 0.300000 0.595808 0.334167 0.597006 0.390000 0.577246 0.402500 0.565269 0.400833 0.528742 0.408333 0.498204 0.434167 0.491617 0.598333 0.428144 0.633333 0.402994 0.640833 0.386228 0.642500 0.361677 0.635833 0.344311
0 0.658333 0.302395 0.653333 0.301198 0.649167 0.298802 0.643333 0.299401 0.638333 0.302395 0.637500 0.301796 0.630833 0.307186 0.630833 0.308383 0.620000 0.316168 0.620000 0.317365 0.618333 0.317365 0.617500 0.319162 0.614167 0.320958 0.610833 0.325150 0.608333 0.326347 0.608333 0.327545 0.606667 0.327545 0.605833 0.329940 0.604167 0.329940 0.603333 0.332335 0.601667 0.332335 0.598333 0.335928 0.595000 0.337126 0.590000 0.337126 0.587500 0.335928 0.582500 0.336527 0.577500 0.335329 0.570000 0.340719 0.570833 0.341916 0.569167 0.344910 0.565833 0.347305 0.564167 0.347305 0.562500 0.350299 0.560833 0.350299 0.560833 0.351497 0.557500 0.352695 0.552500 0.356886 0.550000 0.361078 0.551667 0.368862 0.564167 0.379042 0.565833 0.379042 0.569167 0.382036 0.579167 0.387425 0.590833 0.391018 0.596667 0.391018 0.604167 0.387425 0.612500 0.375449 0.611667 0.374251 0.614167 0.372455 0.618333 0.371257 0.625833 0.371257 0.630000 0.368263 0.629167 0.364072 0.626667 0.361677 0.626667 0.358683 0.624167 0.356886 0.624167 0.352695 0.626667 0.351497 0.626667 0.350299 0.629167 0.349102 0.639167 0.338922 0.643333 0.336527 0.643333 0.335329 0.650833 0.328743 0.656667 0.325150 0.664167 0.317964 0.666667 0.313772 0.666667 0.311377 0.663333 0.309581 0.664167 0.308982
4 0.711667 0.570060 0.686667 0.565868 0.657500 0.567665 0.632500 0.577246 0.581667 0.588623 0.520000 0.616168 0.450833 0.635329 0.431667 0.634731 0.408333 0.609581 0.387500 0.601796 0.350833 0.601796 0.310000 0.616168 0.301667 0.622755 0.303333 0.659880 0.320000 0.700000 0.357500 0.760479 0.390000 0.798204 0.432500 0.820958 0.455833 0.820359 0.474167 0.811377 0.497500 0.807186 0.510833 0.800599 0.512500 0.792216 0.510833 0.771856 0.501667 0.752695 0.505833 0.741916 0.515833 0.742515 0.534167 0.734731 0.570000 0.729940 0.627500 0.708383 0.685000 0.694611 0.741667 0.676048 0.758333 0.667066 0.768333 0.656287 0.760000 0.627545 0.732500 0.587425
0 0.166667 0.656287 0.160000 0.658084 0.158333 0.659880 0.158333 0.703593 0.147500 0.708383 0.145000 0.711377 0.145000 0.713174 0.150000 0.720359 0.150833 0.734731 0.155000 0.736527 0.161667 0.737126 0.190833 0.736527 0.193333 0.735928 0.195833 0.732934 0.196667 0.722754 0.194167 0.719162 0.194167 0.716766 0.198333 0.714371 0.200000 0.709581 0.196667 0.705988 0.186667 0.701198 0.185833 0.669461 0.182500 0.658683 0.175833 0.656886
3 0.527500 0.434132 0.502500 0.436527 0.480000 0.443114 0.464167 0.455689 0.457500 0.469461 0.464167 0.522156 0.478333 0.571257 0.502500 0.701198 0.508333 0.713174 0.506667 0.727545 0.460833 0.750299 0.457500 0.769461 0.461667 0.781437 0.480000 0.794611 0.501667 0.804192 0.519167 0.807784 0.571667 0.803593 0.620833 0.792216 0.662500 0.775449 0.683333 0.759880 0.679167 0.734731 0.670833 0.725150 0.643333 0.710180 0.619167 0.707186 0.612500 0.700000 0.590000 0.567066 0.565833 0.470659 0.550000 0.441317
0 0.873333 0.443114 0.804167 0.420958 0.793333 0.419760 0.783333 0.422754 0.775000 0.438323 0.763333 0.444311 0.761667 0.449102 0.752500 0.456287 0.752500 0.463473 0.758333 0.468263 0.762500 0.478443 0.759167 0.481437 0.753333 0.483234 0.750000 0.489222 0.742500 0.490419 0.746667 0.495808 0.740000 0.501796 0.739167 0.507784 0.733333 0.512575 0.728333 0.520958 0.722500 0.523952 0.721667 0.529940 0.707500 0.545509 0.705833 0.550299 0.706667 0.565868 0.713333 0.573054 0.740833 0.583832 0.747500 0.583832 0.757500 0.578443 0.818333 0.495210 0.822500 0.492216 0.832500 0.491617 0.845833 0.493413 0.855833 0.490419 0.853333 0.475449 0.857500 0.470060 0.866667 0.467066 0.872500 0.459880 0.875833 0.452695
0 0.629167 0.201198 0.622500 0.200000 0.611667 0.203593 0.612500 0.204192 0.609167 0.206587 0.610000 0.207186 0.608333 0.207784 0.608333 0.209581 0.605000 0.213174 0.605000 0.215569 0.602500 0.217365 0.603333 0.217964 0.600833 0.221557 0.601667 0.222156 0.598333 0.225749 0.597500 0.229341 0.595833 0.229940 0.596667 0.230539 0.590000 0.241317 0.587500 0.247904 0.583333 0.250898 0.581667 0.250299 0.579167 0.251497 0.570000 0.252695 0.564167 0.257485 0.562500 0.259880 0.564167 0.264072 0.563333 0.264671 0.565000 0.266467 0.564167 0.267665 0.565833 0.268862 0.563333 0.272455 0.559167 0.275449 0.555833 0.284431 0.558333 0.291018 0.559167 0.290419 0.563333 0.294012 0.564167 0.293413 0.568333 0.295210 0.569167 0.294611 0.575000 0.297605 0.575833 0.297006 0.585833 0.300000 0.593333 0.300000 0.597500 0.301796 0.605833 0.301796 0.607500 0.300599 0.609167 0.301198 0.611667 0.298802 0.614167 0.298204 0.613333 0.297605 0.617500 0.292216 0.617500 0.282635 0.629167 0.277246 0.631667 0.272455 0.631667 0.269461 0.630000 0.268263 0.630833 0.267066 0.627500 0.263473 0.626667 0.264072 0.625000 0.261677 0.622500 0.261078 0.620000 0.256287 0.621667 0.255090 0.621667 0.253293 0.623333 0.252695 0.623333 0.250898 0.625000 0.250299 0.624167 0.249701 0.627500 0.244910 0.626667 0.244311 0.630833 0.237126 0.630000 0.236527 0.632500 0.234731 0.631667 0.234132 0.637500 0.224551 0.636667 0.223952 0.640833 0.218563 0.643333 0.211377 0.638333 0.204192 0.637500 0.204790 0.636667 0.203593 0.634167 0.203593
3 0.666667 0.607186 0.655833 0.582635 0.643333 0.576647 0.605000 0.574850 0.584167 0.601796 0.572500 0.606587 0.507500 0.600000 0.457500 0.600000 0.225000 0.577844 0.195000 0.580240 0.185000 0.584431 0.179167 0.595210 0.175833 0.628743 0.181667 0.636527 0.195833 0.642515 0.323333 0.658084 0.559167 0.679641 0.570000 0.689222 0.574167 0.719162 0.589167 0.725748 0.613333 0.727545 0.632500 0.722754 0.642500 0.713772 0.656667 0.689222 0.664167 0.654491
2 0.278333 0.206587 0.258333 0.228144 0.246667 0.258683 0.254167 0.284431 0.269167 0.295210 0.315833 0.311976 0.412500 0.336527 0.457500 0.352096 0.463333 0.379042 0.469167 0.388623 0.483333 0.400000 0.505000 0.410180 0.545833 0.416168 0.565000 0.409581 0.574167 0.409581 0.606667 0.395210 0.638333 0.348503 0.656667 0.287425 0.658333 0.271856 0.652500 0.252695 0.628333 0.234132 0.605000 0.223952 0.570833 0.217964 0.542500 0.222156 0.497500 0.240719 0.321667 0.194012 0.304167 0.194611
