2 0.318333 0.460479 0.285000 0.487425 0.265000 0.513174 0.251667 0.537725 0.239167 0.580838 0.240833 0.588623 0.252500 0.601198 0.282500 0.614371 0.295833 0.615569 0.314167 0.613174 0.328333 0.608383 0.341667 0.600000 0.348333 0.600000 0.473333 0.646707 0.496667 0.660479 0.525000 0.668862 0.535000 0.667066 0.559167 0.650898 0.577500 0.625150 0.585000 0.604192 0.579167 0.592814 0.556667 0.582036 0.526667 0.573054 0.485833 0.556287 0.450833 0.537126 0.405833 0.520359 0.404167 0.507784 0.407500 0.489222 0.390833 0.467665 0.356667 0.455090 0.335000 0.453892
2 0.400000 0.169461 0.387500 0.178443 0.327500 0.247305 0.275833 0.320359 0.279167 0.334132 0.307500 0.352695 0.350000 0.364671 0.367500 0.359281 0.383333 0.346707 0.399167 0.343114 0.410000 0.348503 0.421667 0.348503 0.482500 0.375449 0.510000 0.380838 0.597500 0.417964 0.618333 0.422754 0.635000 0.417964 0.645833 0.410778 0.666667 0.386826 0.680833 0.362874 0.682500 0.345509 0.670833 0.330539 0.590000 0.291617 0.534167 0.273653 0.510833 0.259281 0.498333 0.256886 0.490833 0.249102 0.480000 0.246108 0.475833 0.235329 0.490000 0.206587 0.487500 0.194012 0.475833 0.183832 0.440000 0.167066 0.418333 0.164671
3 0.688333 0.552096 0.678333 0.549701 0.655000 0.549701 0.630833 0.554491 0.583333 0.576048 0.374167 0.649102 0.319167 0.675449 0.302500 0.679641 0.275833 0.661677 0.250000 0.650299 0.212500 0.660479 0.204167 0.673054 0.207500 0.700000 0.261667 0.791617 0.305833 0.813174 0.325000 0.815569 0.359167 0.798802 0.348333 0.755689 0.365833 0.743114 0.419167 0.726946 0.514167 0.689222 0.546667 0.683234 0.691667 0.626347 0.704167 0.618563 0.715833 0.598204 0.710833 0.577844
0 0.482500 0.620359 0.473333 0.635329 0.475833 0.642515 0.485000 0.650898 0.504167 0.662275 0.521667 0.669461 0.533333 0.677844 0.548333 0.683832 0.580833 0.703593 0.579167 0.720359 0.580833 0.729341 0.585000 0.734731 0.596667 0.738922 0.629167 0.742515 0.636667 0.748503 0.638333 0.753892 0.649167 0.763473 0.660000 0.766467 0.680833 0.766467 0.697500 0.757485 0.710833 0.747305 0.725000 0.732335 0.735000 0.717365 0.735000 0.702395 0.730000 0.694611 0.723333 0.689820 0.710833 0.685629 0.697500 0.684431 0.685833 0.685629 0.681667 0.681437 0.680000 0.674251 0.665000 0.665269 0.649167 0.661677 0.631667 0.662874 0.620000 0.659880 0.611667 0.654491 0.590000 0.646108 0.543333 0.620359 0.515833 0.608982 0.498333 0.610180
3 0.670833 0.477844 0.647500 0.449701 0.589167 0.402395 0.550833 0.385629 0.526667 0.389222 0.495833 0.408383 0.473333 0.437725 0.431667 0.462275 0.405833 0.471257 0.335000 0.509581 0.317500 0.513174 0.291667 0.531138 0.258333 0.540719 0.192500 0.573653 0.150000 0.586228 0.110833 0.604192 0.066667 0.637725 0.058333 0.650299 0.060000 0.660479 0.106667 0.706587 0.135833 0.711377 0.166667 0.704192 0.563333 0.544910 0.584167 0.543713 0.628333 0.576048 0.662500 0.570659 0.687500 0.557485 0.700833 0.540719
0 0.629167 0.301198 0.597500 0.317964 0.572500 0.343713 0.554167 0.357485 0.546667 0.370659 0.550000 0.384431 0.567500 0.398204 0.586667 0.406587 0.593333 0.426347 0.602500 0.429940 0.625000 0.431737 0.639167 0.427545 0.647500 0.431737 0.655833 0.443713 0.669167 0.450299 0.675000 0.465269 0.688333 0.477844 0.765000 0.530539 0.790000 0.537725 0.810000 0.535928 0.822500 0.531737 0.855000 0.513174 0.860000 0.499401 0.850000 0.485629 0.780833 0.436527 0.748333 0.408982 0.731667 0.399401 0.709167 0.379042 0.707500 0.371856 0.719167 0.362874 0.727500 0.350299 0.684167 0.338922 0.679167 0.330539 0.677500 0.317365 0.665833 0.307186 0.647500 0.300599
0 0.790000 0.578443 0.774167 0.572455 0.767500 0.573653 0.732500 0.598802 0.713333 0.601198 0.688333 0.613174 0.680833 0.619162 0.668333 0.647904 0.653333 0.656886 0.643333 0.659281 0.632500 0.671856 0.614167 0.680838 0.590833 0.700000 0.576667 0.704790 0.533333 0.737126 0.524167 0.752695 0.519167 0.774252 0.525000 0.783234 0.560833 0.812575 0.588333 0.810180 0.630000 0.782036 0.670833 0.759880 0.686667 0.747904 0.713333 0.735928 0.760833 0.705389 0.766667 0.704192 0.802500 0.716766 0.817500 0.713772 0.821667 0.709581 0.826667 0.689222 0.839167 0.682635 0.852500 0.682036 0.863333 0.677844 0.880000 0.665868 0.885833 0.657485 0.881667 0.645509
3 0.693333 0.744311 0.695000 0.707186 0.683333 0.647305 0.669167 0.623353 0.645833 0.614371 0.610000 0.616168 0.560833 0.632934 0.519167 0.635928 0.420833 0.633533 0.393333 0.636527 0.373333 0.632934 0.345000 0.637126 0.309167 0.631737 0.224167 0.632335 0.182500 0.625749 0.137500 0.624551 0.074167 0.634731 0.058333 0.641916 0.051667 0.650898 0.054167 0.706587 0.074167 0.722754 0.105000 0.728743 0.160000 0.729940 0.235000 0.738323 0.556667 0.756886 0.571667 0.764072 0.582500 0.807784 0.605000 0.815569 0.643333 0.816168 0.671667 0.805389
2 0.696667 0.337725 0.652500 0.340719 0.631667 0.355689 0.622500 0.385030 0.619167 0.441916 0.614167 0.468263 0.606667 0.473653 0.585833 0.480240 0.575000 0.487425 0.563333 0.508383 0.564167 0.531138 0.572500 0.541916 0.583333 0.551497 0.606667 0.565269 0.624167 0.568862 0.669167 0.570659 0.738333 0.563473 0.763333 0.551497 0.777500 0.528144 0.778333 0.507186 0.766667 0.486228 0.739167 0.467665 0.736667 0.463473 0.745833 0.373054 0.744167 0.358683 0.726667 0.345509
4 0.439167 0.175449 0.420000 0.204192 0.403333 0.262275 0.400833 0.292814 0.405000 0.314970 0.420833 0.341916 0.458333 0.346707 0.478333 0.345509 0.490000 0.340719 0.515833 0.322156 0.522500 0.311976 0.531667 0.308383 0.580000 0.315569 0.595000 0.314970 0.606667 0.319162 0.671667 0.328743 0.689167 0.328144 0.731667 0.333533 0.755833 0.332934 0.771667 0.322156 0.780833 0.305988 0.785000 0.275449 0.781667 0.257485 0.770833 0.244910 0.735000 0.234731 0.640833 0.223952 0.611667 0.216168 0.585000 0.216766 0.563333 0.211976 0.548333 0.212575 0.539167 0.173653 0.526667 0.163473 0.470000 0.156886 0.453333 0.163473
4 0.664167 0.317964 0.645000 0.325150 0.609167 0.346707 0.530000 0.414970 0.514167 0.434731 0.505000 0.453892 0.501667 0.470060 0.506667 0.481437 0.548333 0.507186 0.560833 0.508982 0.601667 0.488024 0.614167 0.485030 0.624167 0.494611 0.644167 0.501198 0.663333 0.517964 0.701667 0.534731 0.796667 0.596407 0.817500 0.603593 0.828333 0.601796 0.875000 0.570060 0.899167 0.544311 0.905833 0.532934 0.904167 0.525748 0.892500 0.511377 0.873333 0.503593 0.820833 0.466467 0.788333 0.453892 0.745833 0.426946 0.735000 0.416168 0.720833 0.411377 0.715833 0.400599 0.717500 0.389820 0.733333 0.355689 0.726667 0.341916 0.685833 0.314970
2 0.590833 0.476048 0.585000 0.465868 0.580833 0.462874 0.560833 0.455689 0.560833 0.454491 0.543333 0.452695 0.534167 0.453892 0.523333 0.458084 0.515833 0.463473 0.509167 0.464671 0.482500 0.459281 0.469167 0.458683 0.443333 0.453293 0.430833 0.453293 0.425000 0.456287 0.418333 0.457485 0.412500 0.461677 0.407500 0.472455 0.404167 0.486826 0.410000 0.495808 0.414167 0.498802 0.419167 0.499401 0.419167 0.500599 0.485000 0.511976 0.492500 0.516766 0.493333 0.522156 0.500000 0.531138 0.512500 0.537126 0.523333 0.540120 0.535000 0.541317 0.543333 0.540719 0.556667 0.534731 0.558333 0.535329 0.562500 0.531138 0.568333 0.528144 0.575000 0.520958 0.576667 0.516168 0.580000 0.513772 0.581667 0.508383 0.583333 0.507784 0.590833 0.490419
2 0.218333 0.503593 0.185000 0.528742 0.172500 0.544311 0.169167 0.552096 0.171667 0.567665 0.178333 0.576048 0.222500 0.609581 0.255000 0.626946 0.305000 0.664072 0.305833 0.673054 0.290833 0.681437 0.285833 0.698802 0.290000 0.705389 0.315833 0.723952 0.334167 0.728144 0.347500 0.726946 0.372500 0.713772 0.429167 0.664671 0.460833 0.626946 0.460000 0.608383 0.440000 0.590419 0.422500 0.583832 0.405833 0.583832 0.390000 0.592216 0.381667 0.592814 0.372500 0.589820 0.345833 0.573653 0.336667 0.571257 0.300833 0.546108 0.282500 0.536527 0.270000 0.525748 0.253333 0.518563 0.244167 0.510180 0.227500 0.503593
1 0.245833 0.410180 0.207500 0.434731 0.205000 0.446108 0.217500 0.466467 0.334167 0.583832 0.350000 0.592814 0.383333 0.635928 0.430000 0.664072 0.425833 0.676647 0.483333 0.716766 0.487500 0.730539 0.613333 0.856287 0.635833 0.872455 0.635000 0.882036 0.616667 0.901796 0.623333 0.922156 0.646667 0.934731 0.670833 0.929341 0.733333 0.897605 0.770833 0.869461 0.788333 0.843713 0.776667 0.826946 0.754167 0.816168 0.730833 0.823353 0.710833 0.817365 0.679167 0.782635 0.574167 0.697605 0.528333 0.644311 0.510833 0.634731 0.432500 0.550898 0.375000 0.505988 0.320000 0.431737 0.290000 0.411377 0.264167 0.405988
0 0.641667 0.554491 0.540833 0.573054 0.522500 0.582036 0.515833 0.597605 0.522500 0.616766 0.540000 0.635928 0.538333 0.646707 0.528333 0.659880 0.531667 0.672455 0.552500 0.683832 0.577500 0.687425 0.586667 0.694611 0.612500 0.771257 0.620000 0.812575 0.630833 0.831737 0.654167 0.840120 0.696667 0.832335 0.709167 0.824551 0.716667 0.812575 0.700833 0.744910 0.691667 0.723952 0.691667 0.711377 0.698333 0.696407 0.700000 0.673653 0.714167 0.662275 0.721667 0.647904 0.714167 0.635928 0.674167 0.611976 0.686667 0.604192 0.693333 0.595210 0.694167 0.578443 0.689167 0.568263 0.675833 0.557485
