3 0.747500 0.783832 0.735833 0.789820 0.733333 0.795210 0.735833 0.798802 0.735000 0.804790 0.740833 0.822755 0.740833 0.829341 0.744167 0.835329 0.746667 0.849102 0.749167 0.851497 0.749167 0.860479 0.754167 0.872455 0.754167 0.880240 0.757500 0.885629 0.756667 0.889222 0.762500 0.905988 0.756667 0.908982 0.748333 0.910778 0.741667 0.914970 0.740833 0.918563 0.744167 0.926347 0.748333 0.928743 0.759167 0.928144 0.763333 0.930539 0.817500 0.923952 0.830000 0.919162 0.833333 0.915569 0.830000 0.911976 0.825833 0.910778 0.817500 0.901198 0.805833 0.900000 0.802500 0.898204 0.801667 0.889820 0.795000 0.872455 0.795833 0.867665 0.793333 0.863473 0.793333 0.856886 0.788333 0.850299 0.788333 0.842515 0.784167 0.836527 0.785000 0.833533 0.781667 0.829940 0.782500 0.826347 0.778333 0.817964 0.779167 0.814371 0.775833 0.803593 0.776667 0.793413 0.772500 0.788024 0.766667 0.784431
4 0.337500 0.479042 0.330000 0.483234 0.322500 0.495808 0.316667 0.528144 0.313333 0.569461 0.314167 0.652096 0.263333 0.662275 0.257500 0.682036 0.258333 0.706587 0.280000 0.717964 0.295833 0.722156 0.370833 0.728144 0.457500 0.725748 0.499167 0.713772 0.505000 0.706587 0.508333 0.683832 0.504167 0.670060 0.442500 0.647305 0.446667 0.574251 0.443333 0.562874 0.446667 0.558683 0.444167 0.547305 0.448333 0.520958 0.447500 0.502395 0.442500 0.488024 0.435000 0.483234 0.406667 0.477844 0.365833 0.476048
0 0.845833 0.234132 0.840000 0.238323 0.839167 0.240120 0.835833 0.241317 0.834167 0.246108 0.838333 0.250898 0.840833 0.251497 0.840833 0.252695 0.864167 0.269461 0.863333 0.270060 0.868333 0.272455 0.869167 0.274251 0.875000 0.277844 0.875833 0.280240 0.877500 0.280838 0.870833 0.290419 0.873333 0.294012 0.878333 0.295210 0.880833 0.294611 0.883333 0.295808 0.882500 0.296407 0.886667 0.297605 0.890833 0.301198 0.890000 0.303593 0.893333 0.307784 0.895833 0.308383 0.895833 0.309581 0.902500 0.311377 0.906667 0.309581 0.915000 0.303593 0.924167 0.294012 0.934167 0.288623 0.935000 0.283832 0.925000 0.277844 0.915833 0.280838 0.913333 0.279042 0.915000 0.272455 0.913333 0.270060 0.914167 0.265868 0.911667 0.264072 0.905833 0.264072 0.900000 0.265868 0.895000 0.265269 0.855000 0.236527 0.849167 0.233533
3 0.524167 0.663473 0.506667 0.656287 0.483333 0.657485 0.460000 0.671257 0.455000 0.680838 0.471667 0.710180 0.469167 0.719760 0.412500 0.749701 0.404167 0.758084 0.240833 0.853892 0.214167 0.862275 0.210833 0.873054 0.201667 0.878443 0.200000 0.888623 0.190833 0.893413 0.225000 0.923353 0.241667 0.931737 0.265000 0.930539 0.306667 0.912575 0.333333 0.894611 0.365833 0.878443 0.421667 0.840719 0.484167 0.805988 0.496667 0.802395 0.534167 0.776048 0.549167 0.775449 0.565833 0.784431 0.579167 0.787425 0.613333 0.768862 0.616667 0.758683 0.600833 0.730539 0.572500 0.697605
1 0.495833 0.165868 0.460000 0.181437 0.438333 0.183832 0.411667 0.212575 0.412500 0.239521 0.422500 0.251497 0.476667 0.272455 0.551667 0.894611 0.570833 0.929341 0.612500 0.940719 0.656667 0.927545 0.667500 0.894012 0.600000 0.277844 0.612500 0.262275 0.655000 0.240719 0.658333 0.211976 0.649167 0.192814 0.616667 0.176647 0.531667 0.164671 0.509167 0.169461
0 0.345000 0.135928 0.339167 0.136527 0.337500 0.137725 0.332500 0.137725 0.328333 0.139521 0.328333 0.146108 0.330833 0.151497 0.330000 0.152096 0.332500 0.155090 0.331667 0.156886 0.334167 0.161078 0.334167 0.164671 0.335833 0.165868 0.335000 0.167665 0.337500 0.170659 0.337500 0.175449 0.339167 0.176647 0.339167 0.179641 0.328333 0.185030 0.328333 0.189222 0.329167 0.188623 0.334167 0.192216 0.333333 0.192814 0.336667 0.196407 0.336667 0.198802 0.334167 0.200599 0.334167 0.203593 0.337500 0.209581 0.340000 0.210180 0.353333 0.207784 0.369167 0.202994 0.375000 0.203593 0.379167 0.200599 0.375833 0.192814 0.366667 0.191617 0.366667 0.189820 0.370833 0.186228 0.371667 0.183234 0.375000 0.180240 0.372500 0.177246 0.368333 0.176048 0.366667 0.176647 0.360833 0.173653 0.360833 0.170659 0.359167 0.169461 0.357500 0.165269 0.358333 0.164671 0.355833 0.161677 0.356667 0.159880 0.355000 0.158683 0.352500 0.149102 0.350000 0.144910 0.350833 0.144311 0.349167 0.143114 0.348333 0.138922
1 0.714167 0.040719 0.660000 0.040719 0.623333 0.092814 0.399167 0.731138 0.383333 0.737725 0.327500 0.738922 0.310000 0.768862 0.309167 0.783832 0.341667 0.807186 0.483333 0.840120 0.534167 0.844311 0.567500 0.829341 0.578333 0.801796 0.575000 0.786228 0.536667 0.772455 0.530833 0.758683 0.561667 0.638323 0.700833 0.270659 0.758333 0.094012 0.755000 0.061078
1 0.793333 0.194611 0.748333 0.176048 0.693333 0.169461 0.675000 0.181437 0.654167 0.208383 0.679167 0.232335 0.676667 0.250299 0.197500 0.721557 0.150833 0.777246 0.151667 0.798802 0.170833 0.813174 0.218333 0.833533 0.250833 0.822156 0.780000 0.310778 0.795833 0.307186 0.839167 0.316168 0.870833 0.299401 0.885833 0.280838 0.877500 0.257485
1 0.234167 0.372455 0.204167 0.401796 0.189167 0.428743 0.191667 0.450898 0.203333 0.458683 0.231667 0.465868 0.247500 0.458683 0.275833 0.456886 0.295833 0.464671 0.815000 0.752695 0.839167 0.753293 0.865833 0.740120 0.876667 0.720958 0.850833 0.695210 0.342500 0.409581 0.334167 0.398204 0.342500 0.370659 0.336667 0.361677 0.316667 0.350898 0.298333 0.348503 0.269167 0.353892
0 0.535833 0.577246 0.531667 0.591018 0.528333 0.652695 0.530833 0.664072 0.534167 0.667066 0.559167 0.674850 0.575000 0.684431 0.585000 0.685030 0.595833 0.680838 0.605000 0.681437 0.620833 0.677844 0.647500 0.666467 0.663333 0.668862 0.680833 0.668263 0.685833 0.670060 0.746667 0.673054 0.762500 0.676048 0.799167 0.677245 0.825000 0.670060 0.831667 0.665269 0.835833 0.653892 0.836667 0.629341 0.830833 0.621557 0.816667 0.613174 0.653333 0.602395 0.645833 0.594611 0.642500 0.581437 0.632500 0.576048 0.616667 0.577246 0.600000 0.582635 0.590833 0.588623 0.580833 0.573653 0.571667 0.570659 0.548333 0.570060 0.540000 0.572455
2 0.245833 0.588024 0.194167 0.636527 0.105833 0.751497 0.096667 0.780838 0.109167 0.798204 0.149167 0.819162 0.182500 0.823952 0.201667 0.817964 0.223333 0.791617 0.235000 0.788024 0.257500 0.789820 0.347500 0.829940 0.479167 0.876048 0.511667 0.891617 0.536667 0.894611 0.550000 0.891018 0.615833 0.808383 0.617500 0.786228 0.588333 0.765868 0.545833 0.753293 0.343333 0.673054 0.330000 0.656886 0.344167 0.616168 0.332500 0.602994 0.305833 0.589820 0.276667 0.583234 0.255833 0.583234
0 0.319167 0.505988 0.259167 0.517365 0.199167 0.534132 0.185833 0.547904 0.185833 0.564072 0.195000 0.582635 0.212500 0.591018 0.220833 0.600599 0.218333 0.613174 0.205833 0.630539 0.208333 0.644311 0.220000 0.655689 0.246667 0.661078 0.265833 0.661677 0.274167 0.665868 0.292500 0.706587 0.298333 0.730539 0.312500 0.757485 0.313333 0.767665 0.321667 0.776048 0.322500 0.788623 0.334167 0.805389 0.341667 0.811976 0.378333 0.808383 0.403333 0.799401 0.425000 0.786826 0.433333 0.773653 0.426667 0.764671 0.425000 0.752695 0.410833 0.721557 0.408333 0.692814 0.398333 0.682036 0.395833 0.661677 0.386667 0.644910 0.393333 0.631138 0.415000 0.613772 0.415833 0.590419 0.404167 0.571856 0.388333 0.556287 0.379167 0.526946 0.370833 0.513772 0.364167 0.508383 0.350000 0.505988
4 0.340833 0.534132 0.309167 0.542515 0.304167 0.561078 0.304167 0.573054 0.309167 0.580838 0.329167 0.595808 0.339167 0.599401 0.342500 0.603593 0.334167 0.631138 0.335000 0.638922 0.329167 0.646707 0.317500 0.683234 0.318333 0.690419 0.310833 0.715569 0.311667 0.728144 0.324167 0.737725 0.338333 0.741916 0.355833 0.744311 0.388333 0.744311 0.404167 0.738922 0.414167 0.725150 0.430000 0.668862 0.440000 0.649701 0.439167 0.637725 0.445000 0.623952 0.445000 0.616168 0.490833 0.610180 0.497500 0.605389 0.502500 0.594012 0.505833 0.573054 0.492500 0.559281 0.478333 0.552096 0.455833 0.544910 0.391667 0.534132
4 0.390833 0.583832 0.358333 0.559281 0.329167 0.551497 0.310000 0.548503 0.284167 0.549701 0.252500 0.558084 0.234167 0.574251 0.228333 0.596407 0.208333 0.618563 0.158333 0.629940 0.090000 0.650299 0.065833 0.659880 0.051667 0.668862 0.044167 0.684431 0.047500 0.705988 0.059167 0.725748 0.074167 0.735928 0.102500 0.741317 0.120000 0.738922 0.203333 0.714371 0.246667 0.704790 0.331667 0.721557 0.355833 0.720958 0.385000 0.711976 0.402500 0.697006 0.421667 0.653293 0.412500 0.617365
1 0.465000 0.188623 0.310833 0.235928 0.290000 0.250898 0.290000 0.269461 0.315000 0.295210 0.357500 0.295210 0.435000 0.439521 0.459167 0.468862 0.490833 0.550299 0.538333 0.640120 0.561667 0.662275 0.579167 0.713772 0.642500 0.830539 0.690833 0.885030 0.708333 0.897605 0.727500 0.897605 0.786667 0.880240 0.795833 0.873054 0.798333 0.850299 0.705833 0.672455 0.680000 0.639521 0.681667 0.625749 0.484167 0.256886 0.492500 0.244910 0.534167 0.226347 0.520000 0.191018 0.500000 0.184431
3 0.361667 0.185629 0.351667 0.186228 0.335000 0.199401 0.268333 0.326946 0.235833 0.382036 0.227500 0.386826 0.217500 0.384431 0.190000 0.385030 0.175000 0.405389 0.175000 0.413772 0.198333 0.426946 0.268333 0.446707 0.304167 0.453293 0.330833 0.452695 0.344167 0.432335 0.343333 0.424551 0.315000 0.411377 0.310833 0.401198 0.332500 0.368263 0.410833 0.219760 0.410833 0.209581 0.406667 0.201796 0.391667 0.194611
1 0.749167 0.456886 0.739167 0.452695 0.713333 0.427545 0.701667 0.423952 0.687500 0.428743 0.670833 0.440120 0.681667 0.462275 0.673333 0.474252 0.551667 0.537126 0.426667 0.594611 0.195000 0.714970 0.183333 0.726347 0.183333 0.737725 0.194167 0.752695 0.215000 0.764671 0.246667 0.759880 0.715000 0.521557 0.732500 0.517964 0.762500 0.531138 0.786667 0.526347 0.795833 0.519162 0.793333 0.508383
2 0.413333 0.553892 0.401667 0.565868 0.399167 0.575449 0.377500 0.597006 0.370833 0.611976 0.371667 0.626347 0.389167 0.639521 0.408333 0.648503 0.441667 0.659880 0.517500 0.694611 0.553333 0.707186 0.557500 0.714970 0.551667 0.731138 0.552500 0.740719 0.575000 0.757485 0.603333 0.765269 0.630833 0.761078 0.662500 0.734731 0.684167 0.711377 0.709167 0.676048 0.712500 0.666467 0.729167 0.646707 0.733333 0.627545 0.725000 0.614970 0.695000 0.599401 0.674167 0.595210 0.657500 0.598204 0.628333 0.618563 0.615000 0.620958 0.597500 0.608982 0.583333 0.605988 0.540000 0.588623 0.530833 0.582036 0.474167 0.564072 0.446667 0.552096 0.425000 0.549701
0 0.462500 0.912575 0.454167 0.907784 0.448333 0.907784 0.440000 0.910778 0.436667 0.914970 0.432500 0.916766 0.423333 0.916168 0.417500 0.918563 0.414167 0.922754 0.415000 0.930539 0.410833 0.934132 0.407500 0.934731 0.406667 0.935928 0.395000 0.940120 0.391667 0.942515 0.382500 0.945509 0.382500 0.946707 0.378333 0.947305 0.365000 0.954491 0.364167 0.959880 0.370000 0.968862 0.372500 0.970060 0.378333 0.970659 0.393333 0.966467 0.394167 0.965269 0.407500 0.961078 0.408333 0.959880 0.418333 0.957485 0.420833 0.955689 0.435833 0.951497 0.448333 0.953892 0.455000 0.952096 0.457500 0.950299 0.457500 0.947904 0.460000 0.944910 0.468333 0.943713 0.474167 0.941317 0.477500 0.938922 0.479167 0.935329 0.477500 0.932934 0.478333 0.931737
4 0.843333 0.513772 0.826667 0.506587 0.799167 0.508383 0.733333 0.540719 0.709167 0.556287 0.670833 0.572455 0.651667 0.570659 0.625833 0.574850 0.609167 0.573653 0.587500 0.576048 0.570833 0.580838 0.553333 0.591018 0.540833 0.604192 0.537500 0.615569 0.541667 0.646108 0.550000 0.662874 0.569167 0.686228 0.600833 0.711976 0.619167 0.720359 0.640000 0.724551 0.677500 0.724551 0.694167 0.721557 0.725833 0.702395 0.730833 0.665868 0.728333 0.656287 0.732500 0.646707 0.826667 0.597605 0.855833 0.579042 0.870000 0.565269 0.872500 0.557485 0.860000 0.530539
3 0.395833 0.381437 0.395000 0.395808 0.383333 0.405988 0.382500 0.413772 0.370833 0.432335 0.373333 0.467066 0.384167 0.482036 0.410833 0.489820 0.442500 0.480240 0.455000 0.467066 0.465000 0.472455 0.479167 0.473653 0.492500 0.481437 0.518333 0.484431 0.536667 0.492216 0.549167 0.493413 0.592500 0.508383 0.654167 0.522754 0.664167 0.528742 0.680833 0.531737 0.690000 0.537126 0.728333 0.537725 0.738333 0.534731 0.745000 0.528742 0.755000 0.513174 0.755000 0.502994 0.750833 0.494611 0.740833 0.487425 0.690833 0.465868 0.660000 0.458084 0.641667 0.450299 0.631667 0.450299 0.621667 0.445509 0.607500 0.443713 0.600833 0.439521 0.592500 0.439521 0.567500 0.427545 0.530000 0.419162 0.505833 0.405988 0.489167 0.402395 0.479167 0.376647 0.469167 0.367665 0.448333 0.362275 0.433333 0.362275 0.415833 0.368263
0 0.369167 0.281437 0.336667 0.317365 0.362500 0.347904 0.425833 0.376647 0.433333 0.388623 0.449167 0.386228 0.467500 0.399401 0.472500 0.410180 0.488333 0.409581 0.525833 0.419760 0.531667 0.425748 0.523333 0.438922 0.520000 0.453892 0.536667 0.466467 0.568333 0.463473 0.576667 0.467665 0.593333 0.468263 0.601667 0.474850 0.605833 0.483832 0.630833 0.498802 0.645000 0.503593 0.661667 0.501796 0.683333 0.473054 0.703333 0.457485 0.719167 0.429940 0.736667 0.416766 0.740000 0.403593 0.729167 0.392814 0.709167 0.385629 0.675000 0.380240 0.656667 0.367066 0.645000 0.343114 0.628333 0.340120 0.590833 0.356287 0.575000 0.356287 0.560000 0.347305 0.515000 0.331138 0.479167 0.313174 0.455833 0.306587 0.424167 0.288024 0.388333 0.277844
