1 0.485000 0.335928 0.467500 0.349701 0.476667 0.374850 0.668333 0.566467 0.725833 0.617964 0.768333 0.667665 0.813333 0.710778 0.807500 0.729341 0.795833 0.739521 0.810000 0.762874 0.827500 0.761078 0.860833 0.747904 0.932500 0.706587 0.941667 0.695210 0.936667 0.685030 0.916667 0.671856 0.884167 0.680838 0.870000 0.672455 0.770000 0.574850 0.750833 0.547305 0.733333 0.534132 0.707500 0.503593 0.635000 0.438323 0.542500 0.343114 0.518333 0.328144
2 0.490000 0.145509 0.405833 0.162874 0.289167 0.205988 0.246667 0.226347 0.230833 0.252695 0.237500 0.277844 0.262500 0.301796 0.279167 0.305389 0.305833 0.297605 0.325833 0.314371 0.406667 0.425748 0.427500 0.475449 0.441667 0.493413 0.455000 0.498204 0.507500 0.484431 0.577500 0.452096 0.582500 0.440120 0.556667 0.375449 0.540833 0.348503 0.530000 0.339521 0.503333 0.288623 0.499167 0.271257 0.485000 0.252695 0.490833 0.234731 0.519167 0.228743 0.542500 0.206587 0.520000 0.161078
4 0.599167 0.355090 0.535000 0.345509 0.445833 0.351497 0.372500 0.363473 0.346667 0.373653 0.330000 0.385030 0.325833 0.402395 0.331667 0.440719 0.347500 0.446707 0.387500 0.451497 0.391667 0.459281 0.405000 0.467665 0.405000 0.488024 0.415000 0.522754 0.427500 0.613174 0.436667 0.631138 0.445833 0.637725 0.501667 0.637725 0.542500 0.632335 0.566667 0.623952 0.577500 0.611976 0.580833 0.595210 0.573333 0.576048 0.574167 0.546707 0.548333 0.465269 0.547500 0.449102 0.554167 0.438323 0.591667 0.425150 0.605000 0.411377 0.609167 0.371257 0.606667 0.361677
2 0.340833 0.438323 0.330833 0.443114 0.321667 0.460479 0.310000 0.529940 0.287500 0.608383 0.283333 0.614371 0.272500 0.619760 0.239167 0.619162 0.225833 0.622755 0.211667 0.649701 0.215833 0.670659 0.228333 0.682036 0.259167 0.684431 0.270833 0.690419 0.301667 0.697605 0.404167 0.708982 0.450000 0.707186 0.460833 0.702395 0.472500 0.685629 0.476667 0.670060 0.471667 0.649102 0.463333 0.645509 0.430000 0.640120 0.422500 0.632934 0.421667 0.620958 0.430833 0.600000 0.444167 0.541916 0.451667 0.494611 0.460000 0.470060 0.458333 0.456886 0.440833 0.447904
2 0.850000 0.180240 0.836667 0.171856 0.765000 0.175449 0.520000 0.218563 0.511667 0.217365 0.487500 0.188024 0.461667 0.179042 0.408333 0.183234 0.380833 0.194012 0.365833 0.210778 0.369167 0.261078 0.398333 0.358084 0.416667 0.404790 0.435000 0.429940 0.470833 0.444311 0.500000 0.443114 0.551667 0.425748 0.561667 0.412575 0.562500 0.377246 0.568333 0.361677 0.671667 0.341916 0.682500 0.343114 0.699167 0.337126 0.718333 0.337725 0.843333 0.311377 0.887500 0.294012 0.893333 0.273653 0.880000 0.252695 0.871667 0.213174
4 0.652500 0.331737 0.635000 0.339521 0.620833 0.350299 0.592500 0.380240 0.579167 0.399401 0.516667 0.461677 0.498333 0.468263 0.489167 0.456886 0.455000 0.455090 0.445000 0.461078 0.422500 0.484431 0.425000 0.495210 0.462500 0.523952 0.553333 0.570659 0.590000 0.582635 0.611667 0.582635 0.626667 0.569461 0.640833 0.549102 0.605000 0.525748 0.608333 0.506587 0.638333 0.479042 0.727500 0.382635 0.729167 0.373054 0.699167 0.357485 0.665833 0.335329
0 0.266667 0.616766 0.240833 0.643114 0.226667 0.663473 0.225833 0.684431 0.230833 0.695210 0.243333 0.705389 0.255833 0.711377 0.300000 0.711976 0.306667 0.719760 0.308333 0.728743 0.332500 0.741317 0.349167 0.744910 0.375000 0.743114 0.392500 0.746108 0.411667 0.756886 0.445833 0.770060 0.515833 0.806587 0.547500 0.819162 0.575833 0.815569 0.595833 0.801198 0.607500 0.783234 0.603333 0.768263 0.595833 0.760479 0.565833 0.743114 0.495833 0.709581 0.450000 0.683234 0.451667 0.658683 0.447500 0.643114 0.442500 0.637725 0.425833 0.631737 0.379167 0.627545 0.368333 0.619760 0.362500 0.608383 0.350000 0.598204 0.334167 0.594012 0.300833 0.595210
0 0.463333 0.564671 0.455000 0.564671 0.449167 0.569461 0.448333 0.573054 0.441667 0.574850 0.439167 0.577246 0.439167 0.579641 0.443333 0.586228 0.435833 0.592814 0.418333 0.612575 0.419167 0.615569 0.428333 0.620359 0.432500 0.620359 0.435833 0.618563 0.461667 0.594012 0.471667 0.593413 0.475833 0.591018 0.475833 0.586228 0.484167 0.579042 0.483333 0.575449
4 0.493333 0.115569 0.490000 0.113174 0.486667 0.113174 0.485000 0.111976 0.476667 0.111976 0.451667 0.121557 0.444167 0.122754 0.435833 0.126347 0.432500 0.126347 0.427500 0.129341 0.425000 0.128743 0.420833 0.131138 0.413333 0.132335 0.402500 0.137725 0.396667 0.137126 0.391667 0.132335 0.390833 0.132934 0.382500 0.128743 0.375833 0.126946 0.370833 0.126946 0.365000 0.129341 0.361667 0.129341 0.357500 0.131737 0.354167 0.131737 0.349167 0.138323 0.349167 0.151497 0.352500 0.158683 0.351667 0.160479 0.356667 0.171856 0.362500 0.178443 0.362500 0.180838 0.370000 0.188024 0.369167 0.188623 0.374167 0.191617 0.373333 0.192216 0.386667 0.200000 0.398333 0.201198 0.408333 0.200000 0.412500 0.197605 0.413333 0.198204 0.419167 0.194012 0.421667 0.190419 0.420833 0.177246 0.426667 0.172455 0.435000 0.170659 0.447500 0.164671 0.461667 0.162275 0.465833 0.159880 0.466667 0.160479 0.475833 0.156886 0.480833 0.156287 0.488333 0.151497 0.492500 0.150898 0.499167 0.146707 0.500000 0.147305 0.503333 0.142515 0.501667 0.132335 0.500000 0.131138 0.500833 0.128743 0.498333 0.126347 0.496667 0.119760 0.492500 0.116168
0 0.282500 0.767665 0.275833 0.791617 0.277500 0.805389 0.284167 0.817964 0.295000 0.822755 0.305833 0.824551 0.330833 0.824551 0.350833 0.828144 0.359167 0.832335 0.363333 0.837725 0.374167 0.842515 0.390833 0.841317 0.398333 0.837725 0.413333 0.825150 0.422500 0.823952 0.464167 0.826347 0.527500 0.835928 0.543333 0.835928 0.557500 0.831737 0.566667 0.819761 0.570000 0.803593 0.564167 0.791018 0.537500 0.783832 0.476667 0.777246 0.438333 0.768862 0.426667 0.762275 0.417500 0.745509 0.412500 0.741916 0.395833 0.739521 0.385000 0.744910 0.370833 0.747904 0.354167 0.741916 0.338333 0.741916 0.320833 0.737725 0.310833 0.737725 0.299167 0.744311
0 0.336667 0.392814 0.326667 0.402395 0.328333 0.410180 0.331667 0.411976 0.331667 0.413174 0.334167 0.414970 0.335000 0.414371 0.338333 0.417365 0.348333 0.422156 0.351667 0.425150 0.357500 0.426946 0.365833 0.432934 0.372500 0.436527 0.375833 0.437126 0.379167 0.439521 0.381667 0.443114 0.380000 0.452096 0.380833 0.454491 0.384167 0.457485 0.389167 0.459880 0.390833 0.459281 0.394167 0.460479 0.400833 0.460479 0.407500 0.467066 0.408333 0.466467 0.417500 0.471257 0.425833 0.471257 0.426667 0.470060 0.431667 0.468263 0.438333 0.462874 0.437500 0.462275 0.440000 0.461677 0.440000 0.460479 0.448333 0.452695 0.447500 0.452096 0.449167 0.449701 0.452500 0.447305 0.451667 0.446108 0.454167 0.443114 0.454167 0.439521 0.451667 0.435928 0.442500 0.430539 0.437500 0.431138 0.431667 0.428144 0.429167 0.419760 0.422500 0.416168 0.410833 0.416766 0.410000 0.417964 0.405000 0.419760 0.400000 0.420359 0.387500 0.411976 0.386667 0.412575 0.375833 0.405988 0.370000 0.404192 0.366667 0.401198 0.360833 0.398802 0.355000 0.394611 0.354167 0.395210 0.347500 0.391617
4 0.408333 0.177844 0.385833 0.193413 0.334167 0.245509 0.308333 0.285629 0.304167 0.308383 0.309167 0.319162 0.349167 0.340120 0.361667 0.340719 0.404167 0.310180 0.413333 0.307784 0.420000 0.320359 0.453333 0.341317 0.487500 0.354491 0.567500 0.398204 0.590833 0.404790 0.602500 0.402395 0.637500 0.372455 0.649167 0.356886 0.658333 0.338323 0.651667 0.325150 0.638333 0.314970 0.622500 0.310778 0.589167 0.295210 0.579167 0.286228 0.505000 0.255090 0.498333 0.249102 0.487500 0.246707 0.480833 0.237725 0.480833 0.227545 0.488333 0.214371 0.489167 0.195210 0.482500 0.185629 0.450833 0.166467 0.440000 0.164072
1 0.237500 0.098802 0.199167 0.114970 0.177500 0.130539 0.170833 0.140120 0.174167 0.153892 0.192500 0.176048 0.227500 0.173054 0.243333 0.181437 0.438333 0.487425 0.441667 0.502994 0.455000 0.514970 0.514167 0.617964 0.551667 0.665269 0.570833 0.672455 0.594167 0.668263 0.632500 0.652695 0.636667 0.635329 0.345000 0.153293 0.346667 0.145509 0.374167 0.126347 0.370833 0.102395 0.358333 0.086826 0.332500 0.082036
2 0.695000 0.547904 0.672500 0.542515 0.663333 0.543713 0.624167 0.558683 0.616667 0.564072 0.610000 0.576647 0.610000 0.587425 0.619167 0.607784 0.615000 0.619162 0.593333 0.623353 0.550000 0.641916 0.538333 0.649701 0.527500 0.650299 0.461667 0.682036 0.439167 0.689820 0.425833 0.700599 0.422500 0.705988 0.425833 0.720958 0.440000 0.733533 0.441667 0.740120 0.459167 0.761677 0.479167 0.776048 0.495833 0.779641 0.538333 0.768862 0.564167 0.755090 0.652500 0.720958 0.687500 0.703593 0.698333 0.704192 0.708333 0.713174 0.723333 0.720359 0.747500 0.722156 0.773333 0.714371 0.795833 0.698204 0.800833 0.685629 0.785833 0.650299 0.739167 0.589820 0.726667 0.579641 0.710833 0.558683
0 0.776667 0.073653 0.764167 0.078443 0.755833 0.088623 0.753333 0.102395 0.755000 0.116168 0.752500 0.128743 0.755000 0.132335 0.751667 0.183234 0.743333 0.188623 0.735000 0.190419 0.719167 0.201198 0.716667 0.213174 0.728333 0.229341 0.726667 0.244311 0.730833 0.258084 0.735000 0.264072 0.745833 0.272455 0.763333 0.276647 0.812500 0.279042 0.830833 0.274850 0.842500 0.266467 0.845833 0.258683 0.845833 0.243713 0.841667 0.235928 0.855833 0.223353 0.856667 0.211976 0.844167 0.200000 0.829167 0.192814 0.824167 0.192216 0.820833 0.186826 0.822500 0.161677 0.820833 0.133533 0.823333 0.108383 0.820833 0.085030 0.810833 0.076647 0.794167 0.073653
1 0.110000 0.485629 0.092500 0.503593 0.109167 0.527545 0.160833 0.563473 0.166667 0.571856 0.194167 0.586826 0.350833 0.710180 0.496667 0.815569 0.501667 0.825150 0.499167 0.842515 0.492500 0.850299 0.501667 0.864671 0.509167 0.867665 0.528333 0.864671 0.551667 0.851497 0.616667 0.801796 0.623333 0.789820 0.616667 0.782036 0.596667 0.769461 0.566667 0.781437 0.555833 0.779641 0.440833 0.698204 0.366667 0.637725 0.168333 0.490419 0.139167 0.477246 0.124167 0.478443
0 0.223333 0.234731 0.206667 0.239521 0.199167 0.252096 0.190833 0.377246 0.183333 0.387425 0.161667 0.388623 0.147500 0.394611 0.148333 0.404192 0.158333 0.408383 0.163333 0.413772 0.163333 0.420958 0.153333 0.444910 0.154167 0.458084 0.160000 0.464671 0.185000 0.470060 0.228333 0.468862 0.245833 0.471856 0.277500 0.471257 0.286667 0.458683 0.284167 0.429940 0.287500 0.421557 0.300000 0.410778 0.300000 0.406587 0.294167 0.400599 0.284167 0.398204 0.280000 0.394012 0.280000 0.380240 0.285000 0.374251 0.285000 0.358683 0.277500 0.352096 0.285000 0.332934 0.276667 0.326946 0.280833 0.318563 0.277500 0.302395 0.280833 0.288623 0.273333 0.260479 0.275000 0.248503 0.268333 0.240120 0.260833 0.237126
0 0.618333 0.656287 0.612500 0.655689 0.607500 0.658084 0.603333 0.661677 0.600000 0.662874 0.594167 0.662874 0.591667 0.664671 0.592500 0.671856 0.583333 0.677844 0.582500 0.677245 0.579167 0.679641 0.577500 0.679641 0.553333 0.692814 0.555000 0.697006 0.561667 0.702395 0.567500 0.702395 0.603333 0.685629 0.605833 0.685629 0.615000 0.689222 0.619167 0.686826 0.622500 0.682036 0.630000 0.680239 0.635000 0.677245 0.635000 0.674251 0.632500 0.672455 0.633333 0.671856 0.626667 0.665269 0.627500 0.664671
3 0.687500 0.456886 0.620000 0.424551 0.584167 0.411976 0.562500 0.410778 0.545833 0.420958 0.535833 0.433533 0.534167 0.444910 0.565833 0.479042 0.315000 0.728144 0.308333 0.749102 0.313333 0.759281 0.335000 0.775449 0.370000 0.785629 0.395000 0.784431 0.448333 0.759281 0.528333 0.687425 0.555833 0.655689 0.577500 0.644910 0.601667 0.620958 0.645000 0.589820 0.688333 0.547904 0.693333 0.546108 0.710833 0.551497 0.730833 0.549102 0.753333 0.532934 0.760000 0.516168 0.750833 0.500000
2 0.507500 0.304192 0.475833 0.306587 0.439167 0.314970 0.400833 0.329341 0.394167 0.335928 0.395833 0.358683 0.407500 0.379042 0.435000 0.452096 0.460833 0.500000 0.453333 0.506587 0.420000 0.518563 0.414167 0.524551 0.410833 0.538323 0.426667 0.571856 0.431667 0.577246 0.444167 0.579641 0.500833 0.565269 0.559167 0.556287 0.645000 0.536527 0.660000 0.529341 0.670000 0.515569 0.670000 0.501796 0.655833 0.477844 0.648333 0.472455 0.637500 0.468862 0.599167 0.471257 0.586667 0.464671 0.579167 0.432934 0.554167 0.379042 0.550000 0.362275 0.523333 0.311976
