0 0.828333 0.094012 0.801667 0.095210 0.788333 0.101796 0.772500 0.121557 0.758333 0.158683 0.748333 0.167665 0.735000 0.173653 0.725000 0.189222 0.725000 0.199401 0.732500 0.215569 0.752500 0.229341 0.755833 0.241916 0.701667 0.358084 0.700000 0.372455 0.706667 0.382635 0.742500 0.398204 0.759167 0.401198 0.780833 0.398802 0.793333 0.387425 0.847500 0.270659 0.856667 0.258084 0.865833 0.252695 0.906667 0.243114 0.920000 0.233533 0.928333 0.216168 0.920833 0.186228 0.933333 0.168263 0.943333 0.144311 0.936667 0.128743 0.902500 0.112575
0 0.707500 0.663473 0.695833 0.667066 0.688333 0.672455 0.606667 0.798802 0.600833 0.802994 0.565833 0.801198 0.555000 0.805389 0.553333 0.814371 0.560000 0.822156 0.558333 0.829940 0.537500 0.843713 0.527500 0.866467 0.534167 0.875449 0.560000 0.885629 0.625833 0.902395 0.650000 0.902994 0.660000 0.898204 0.673333 0.876647 0.689167 0.859880 0.707500 0.849701 0.705000 0.838922 0.696667 0.836527 0.685833 0.826347 0.685000 0.816168 0.695000 0.807186 0.711667 0.783234 0.713333 0.774850 0.727500 0.759281 0.737500 0.739521 0.749167 0.730539 0.764167 0.710778 0.762500 0.692216 0.755833 0.682036 0.739167 0.673653
4 0.540000 0.334731 0.521667 0.332335 0.478333 0.355090 0.483333 0.370060 0.500000 0.389222 0.495833 0.400599 0.485000 0.408982 0.327500 0.482036 0.291667 0.504192 0.299167 0.518563 0.313333 0.532335 0.322500 0.550898 0.343333 0.570060 0.362500 0.568862 0.393333 0.559281 0.460833 0.520958 0.530000 0.491617 0.550000 0.480240 0.564167 0.476647 0.574167 0.478443 0.580000 0.490419 0.613333 0.504192 0.639167 0.495808 0.663333 0.482036 0.663333 0.470659 0.640833 0.430539 0.615000 0.406587 0.584167 0.366467 0.570000 0.353293
3 0.515833 0.428144 0.489167 0.416168 0.465833 0.416168 0.413333 0.445509 0.342500 0.494611 0.274167 0.537126 0.250000 0.556287 0.240833 0.558084 0.210833 0.546707 0.190000 0.550898 0.172500 0.565269 0.180000 0.574850 0.180833 0.593413 0.205833 0.616168 0.247500 0.640719 0.285833 0.652695 0.296667 0.650898 0.314167 0.639521 0.318333 0.633533 0.310000 0.602994 0.312500 0.596407 0.365000 0.564671 0.515833 0.460479 0.525833 0.447305 0.524167 0.437725
0 0.360833 0.642515 0.368333 0.646108 0.370000 0.656287 0.380000 0.665269 0.400833 0.670659 0.426667 0.670060 0.447500 0.676647 0.456667 0.683832 0.462500 0.694611 0.482500 0.699401 0.511667 0.677844 0.523333 0.677245 0.543333 0.684431 0.557500 0.685629 0.611667 0.700000 0.640000 0.702994 0.661667 0.713174 0.694167 0.718563 0.708333 0.715569 0.719167 0.706587 0.733333 0.676647 0.715833 0.661677 0.697500 0.650898 0.655000 0.642515 0.640000 0.637126 0.635833 0.632934 0.627500 0.635928 0.619167 0.634731 0.604167 0.626347 0.596667 0.614970 0.585000 0.619162 0.571667 0.616168 0.547500 0.615569 0.540833 0.610778 0.545000 0.598204 0.543333 0.586228 0.529167 0.580838 0.506667 0.584431 0.495000 0.582036 0.477500 0.584431 0.470000 0.582036 0.456667 0.570659 0.429167 0.563473 0.416667 0.564671 0.408333 0.574251 0.402500 0.592216 0.387500 0.612575 0.386667 0.623353 0.379167 0.637725 0.373333 0.642515
0 0.281667 0.164072 0.284167 0.185629 0.297500 0.209581 0.308333 0.217964 0.315833 0.220958 0.344167 0.223952 0.391667 0.220359 0.411667 0.229940 0.432500 0.232934 0.452500 0.229940 0.472500 0.221557 0.499167 0.197006 0.518333 0.194611 0.624167 0.192814 0.654167 0.187425 0.670833 0.175449 0.674167 0.156886 0.663333 0.137126 0.645833 0.129940 0.617500 0.126946 0.560833 0.130539 0.493333 0.129940 0.465833 0.104790 0.440833 0.098802 0.422500 0.100599 0.386667 0.112575 0.368333 0.111377 0.354167 0.113772 0.333333 0.110180 0.310833 0.115569 0.298333 0.124551 0.287500 0.144311
0 0.450000 0.405988 0.449167 0.419760 0.450833 0.428144 0.455833 0.430539 0.456667 0.429940 0.460833 0.431138 0.463333 0.429940 0.467500 0.429940 0.468333 0.428743 0.471667 0.428743 0.480833 0.432934 0.485000 0.432335 0.488333 0.429940 0.490833 0.425150 0.497500 0.422754 0.545833 0.422754 0.550000 0.417964 0.551667 0.411976 0.550000 0.407784 0.543333 0.405389 0.494167 0.405389 0.488333 0.402395 0.486667 0.399401 0.483333 0.397006 0.478333 0.397605 0.472500 0.400000 0.462500 0.397605 0.454167 0.398802
0 0.464167 0.489820 0.406667 0.459880 0.392500 0.455090 0.372500 0.452695 0.347500 0.467665 0.337500 0.483832 0.318333 0.487425 0.311667 0.491617 0.302500 0.510778 0.309167 0.523353 0.306667 0.533533 0.297500 0.538922 0.288333 0.549701 0.232500 0.579641 0.205000 0.599401 0.177500 0.624551 0.169167 0.638323 0.169167 0.661078 0.175833 0.670060 0.208333 0.692814 0.225000 0.694012 0.245000 0.683832 0.260833 0.668263 0.377500 0.577844 0.395833 0.575449 0.409167 0.583234 0.433333 0.585030 0.440833 0.565868 0.436667 0.548503 0.444167 0.544910 0.470000 0.543713 0.487500 0.532934 0.492500 0.522156 0.489167 0.511377
4 0.599167 0.068862 0.577500 0.079641 0.558333 0.108982 0.517500 0.211377 0.505000 0.232335 0.497500 0.260479 0.476667 0.267066 0.435833 0.264671 0.415833 0.268862 0.395833 0.310778 0.397500 0.328743 0.406667 0.340120 0.447500 0.365269 0.491667 0.380838 0.570000 0.392814 0.677500 0.392216 0.701667 0.376048 0.708333 0.365269 0.713333 0.338922 0.690833 0.311976 0.654167 0.289222 0.665000 0.274251 0.727500 0.108383 0.714167 0.090419 0.700000 0.082036 0.637500 0.067665
0 0.393333 0.714970 0.374167 0.707784 0.360000 0.705389 0.347500 0.707186 0.331667 0.717365 0.325000 0.725150 0.322500 0.736527 0.306667 0.742515 0.293333 0.744311 0.282500 0.752096 0.280000 0.762275 0.287500 0.781437 0.285000 0.792216 0.245833 0.825749 0.203333 0.856886 0.190833 0.869461 0.187500 0.876048 0.188333 0.887425 0.204167 0.901198 0.225000 0.908383 0.247500 0.907186 0.290833 0.871856 0.298333 0.868263 0.306667 0.858683 0.327500 0.845509 0.364167 0.832934 0.385000 0.832335 0.397500 0.829341 0.405833 0.816168 0.408333 0.794012 0.431667 0.791018 0.450833 0.779042 0.455000 0.772455 0.455833 0.763473 0.450000 0.753293 0.435833 0.739521 0.416667 0.730539
1 0.587500 0.238323 0.470833 0.253293 0.434167 0.270060 0.432500 0.287425 0.446667 0.307784 0.477500 0.312575 0.489167 0.320359 0.491667 0.362275 0.524167 0.473653 0.555000 0.652695 0.573333 0.707784 0.580000 0.813174 0.588333 0.828743 0.607500 0.843114 0.625000 0.843713 0.678333 0.834731 0.685833 0.802395 0.655833 0.677245 0.664167 0.665868 0.644167 0.616766 0.647500 0.588024 0.625000 0.538323 0.640000 0.532934 0.620833 0.489222 0.624167 0.476647 0.585833 0.301198 0.590000 0.288024 0.630000 0.276647 0.630000 0.253892 0.615833 0.240120
3 0.774167 0.534731 0.731667 0.493413 0.707500 0.491018 0.678333 0.496407 0.652500 0.507186 0.430833 0.567665 0.328333 0.600000 0.313333 0.600000 0.278333 0.569461 0.252500 0.570060 0.219167 0.584431 0.211667 0.607784 0.245000 0.676647 0.289167 0.723353 0.308333 0.735329 0.323333 0.737725 0.355833 0.726946 0.385000 0.694012 0.412500 0.689820 0.420000 0.681437 0.440833 0.672455 0.467500 0.667066 0.475000 0.658683 0.490833 0.654491 0.504167 0.655689 0.513333 0.645509 0.571667 0.631138 0.597500 0.619162 0.655000 0.610180 0.680833 0.596407 0.707500 0.590419 0.751667 0.566467 0.770000 0.547904
0 0.348333 0.650299 0.330000 0.653892 0.307500 0.653892 0.291667 0.663473 0.273333 0.719760 0.260000 0.743713 0.258333 0.756287 0.262500 0.765868 0.245000 0.804192 0.210000 0.811976 0.194167 0.822156 0.187500 0.833533 0.193333 0.850898 0.203333 0.859880 0.197500 0.870060 0.180000 0.885629 0.175000 0.905988 0.182500 0.920958 0.190833 0.928144 0.229167 0.940719 0.311667 0.949701 0.345000 0.945509 0.356667 0.937725 0.365000 0.923353 0.365833 0.905389 0.354167 0.891617 0.385833 0.869461 0.393333 0.858084 0.393333 0.848503 0.379167 0.837725 0.360000 0.829940 0.352500 0.819162 0.390000 0.676647 0.386667 0.665868 0.376667 0.658683
2 0.769167 0.295808 0.745000 0.283832 0.720000 0.283234 0.689167 0.294012 0.684167 0.300000 0.687500 0.316766 0.660833 0.326347 0.553333 0.346108 0.545000 0.349701 0.529167 0.349102 0.502500 0.353892 0.491667 0.352695 0.471667 0.357485 0.464167 0.362874 0.465000 0.376647 0.472500 0.400599 0.491667 0.434132 0.503333 0.438922 0.549167 0.437126 0.600000 0.431138 0.612500 0.426347 0.640833 0.425150 0.665000 0.420359 0.683333 0.420958 0.710000 0.416168 0.725000 0.422156 0.726667 0.438323 0.743333 0.452096 0.771667 0.451497 0.795000 0.447904 0.814167 0.434731 0.812500 0.401796 0.806667 0.379042 0.783333 0.320958
1 0.601667 0.065868 0.445833 0.088623 0.420000 0.100599 0.417500 0.119162 0.434167 0.149102 0.490000 0.152695 0.500000 0.166467 0.546667 0.373054 0.545833 0.422156 0.600833 0.643713 0.637500 0.835329 0.659167 0.871856 0.716667 0.877245 0.755000 0.865868 0.765000 0.850299 0.766667 0.816168 0.688333 0.439521 0.656667 0.328144 0.647500 0.237725 0.626667 0.156287 0.631667 0.137126 0.682500 0.114371 0.685833 0.071856 0.660833 0.065269
0 0.612500 0.486228 0.594167 0.471257 0.586667 0.468263 0.574167 0.467066 0.550833 0.471257 0.540833 0.479641 0.536667 0.480838 0.528333 0.479641 0.512500 0.480838 0.498333 0.489222 0.491667 0.499401 0.491667 0.505389 0.485833 0.516168 0.470000 0.523952 0.426667 0.537725 0.393333 0.551497 0.386667 0.557485 0.385833 0.563473 0.386667 0.570060 0.393333 0.579042 0.406667 0.586826 0.418333 0.588024 0.446667 0.579641 0.491667 0.562275 0.521667 0.553293 0.526667 0.554491 0.535000 0.561677 0.546667 0.563473 0.564167 0.561078 0.574167 0.555090 0.580833 0.547904 0.609167 0.539521 0.619167 0.534132 0.625833 0.523952 0.624167 0.509581
3 0.609167 0.462275 0.591667 0.468862 0.570000 0.488024 0.572500 0.501198 0.630000 0.567066 0.740833 0.680838 0.740833 0.692216 0.722500 0.705389 0.714167 0.715569 0.735833 0.738922 0.758333 0.738922 0.810000 0.717365 0.857500 0.689222 0.874167 0.673054 0.876667 0.667665 0.874167 0.662275 0.856667 0.644910 0.835833 0.641317 0.812500 0.625749 0.795000 0.605988 0.785000 0.600000 0.713333 0.533533 0.666667 0.481437 0.630000 0.464072 0.619167 0.461078
3 0.926667 0.082635 0.919167 0.076048 0.905000 0.077246 0.900833 0.078443 0.899167 0.083234 0.900833 0.091617 0.896667 0.094012 0.820000 0.104192 0.810833 0.107186 0.753333 0.114970 0.745833 0.120958 0.745833 0.126347 0.750000 0.138922 0.752500 0.140719 0.754167 0.140120 0.759167 0.141916 0.786667 0.138323 0.787500 0.137126 0.800833 0.136527 0.805000 0.134731 0.810000 0.135329 0.824167 0.132934 0.829167 0.133533 0.839167 0.131737 0.853333 0.131737 0.858333 0.129940 0.863333 0.130539 0.900000 0.125749 0.904167 0.123952 0.910833 0.126946 0.915833 0.135928 0.920000 0.138922 0.935833 0.137126 0.940000 0.134731 0.940000 0.122754 0.937500 0.119760 0.938333 0.116168 0.934167 0.100000 0.932500 0.099401
4 0.686667 0.468862 0.670000 0.467665 0.630833 0.489820 0.636667 0.504790 0.653333 0.522156 0.650833 0.532335 0.640833 0.541317 0.561667 0.584431 0.495000 0.616766 0.463333 0.637725 0.470000 0.652096 0.484167 0.664072 0.495833 0.682635 0.516667 0.700000 0.534167 0.698204 0.562500 0.688024 0.621667 0.650898 0.713333 0.605389 0.730000 0.604790 0.736667 0.616168 0.770833 0.628144 0.794167 0.618563 0.814167 0.605988 0.814167 0.594012 0.790000 0.556886 0.765000 0.535928 0.730833 0.497006 0.709167 0.480240
0 0.710000 0.864072 0.705833 0.873653 0.707500 0.878443 0.722500 0.882036 0.727500 0.882036 0.730833 0.883234 0.732500 0.882635 0.738333 0.884431 0.740000 0.883832 0.756667 0.886826 0.758333 0.886228 0.768333 0.888623 0.771667 0.891018 0.769167 0.897006 0.770833 0.899401 0.773333 0.898802 0.775000 0.897006 0.781667 0.897006 0.785000 0.895808 0.789167 0.892216 0.791667 0.892216 0.793333 0.894012 0.794167 0.899401 0.797500 0.901796 0.805000 0.902994 0.810833 0.901198 0.817500 0.886826 0.816667 0.885629 0.820000 0.879042 0.819167 0.877844 0.821667 0.875449 0.821667 0.869461 0.819167 0.867665 0.808333 0.866467 0.805000 0.867665 0.804167 0.870659 0.800833 0.873054 0.798333 0.873054 0.795000 0.871856 0.793333 0.865868 0.791667 0.865868 0.788333 0.863473 0.784167 0.864072 0.780000 0.868263 0.775000 0.870659 0.766667 0.868263 0.764167 0.868862 0.753333 0.866467 0.751667 0.867066 0.745833 0.865269 0.738333 0.865269 0.735000 0.864072 0.730833 0.864072 0.727500 0.862874 0.725833 0.863473 0.722500 0.862275 0.720000 0.862874 0.716667 0.861677 0.714167 0.861677
0 0.183333 0.858084 0.178333 0.868862 0.178333 0.875449 0.182500 0.878443 0.190833 0.880838 0.191667 0.882036 0.199167 0.882036 0.205000 0.883832 0.209167 0.886826 0.213333 0.893413 0.217500 0.894012 0.218333 0.895210 0.226667 0.894611 0.232500 0.892814 0.236667 0.889820 0.240000 0.889222 0.242500 0.891018 0.252500 0.894012 0.253333 0.895210 0.263333 0.897605 0.269167 0.901198 0.271667 0.901198 0.274167 0.902994 0.276667 0.902994 0.279167 0.904790 0.290000 0.907784 0.290833 0.908982 0.298333 0.909581 0.299167 0.908383 0.302500 0.908383 0.307500 0.904790 0.309167 0.901198 0.310833 0.900599 0.312500 0.893413 0.308333 0.889222 0.302500 0.886228 0.297500 0.885030 0.293333 0.882036 0.284167 0.879042 0.283333 0.877844 0.278333 0.876647 0.275833 0.874850 0.273333 0.874850 0.268333 0.871856 0.264167 0.871257 0.253333 0.866467 0.253333 0.864671 0.251667 0.864072 0.252500 0.861078 0.248333 0.854491 0.243333 0.850299 0.236667 0.850299 0.230833 0.849102 0.216667 0.840719 0.210833 0.839521 0.202500 0.839521 0.198333 0.842515 0.197500 0.844910 0.191667 0.848503 0.188333 0.854491
3 0.237500 0.240719 0.228333 0.238922 0.221667 0.238922 0.215000 0.245509 0.213333 0.250299 0.225000 0.257485 0.225833 0.259880 0.188333 0.305988 0.189167 0.308383 0.162500 0.340120 0.160833 0.344910 0.161667 0.349701 0.178333 0.358084 0.185000 0.358683 0.190833 0.355090 0.201667 0.341916 0.202500 0.338922 0.210000 0.331737 0.210833 0.328743 0.213333 0.327545 0.227500 0.310778 0.237500 0.301796 0.237500 0.300000 0.240000 0.298802 0.256667 0.278443 0.257500 0.275449 0.263333 0.272455 0.275833 0.276048 0.281667 0.275449 0.289167 0.266467 0.289167 0.263473 0.279167 0.256886 0.275000 0.256287 0.270833 0.253293 0.247500 0.244311 0.246667 0.244910
