0 0.418333 0.055689 0.361667 0.094611 0.345000 0.112575 0.324167 0.125749 0.314167 0.138323 0.320833 0.155090 0.370833 0.175449 0.387500 0.192216 0.388333 0.209581 0.394167 0.217365 0.408333 0.222156 0.431667 0.218563 0.452500 0.211377 0.463333 0.214371 0.513333 0.243713 0.550000 0.270659 0.575000 0.282036 0.595000 0.301796 0.632500 0.319760 0.651667 0.318563 0.695000 0.286826 0.674167 0.246707 0.622500 0.212575 0.618333 0.197006 0.602500 0.199401 0.589167 0.182036 0.585833 0.170659 0.570000 0.168862 0.542500 0.156287 0.537500 0.148503 0.550000 0.120958 0.532500 0.107186 0.503333 0.105389 0.493333 0.100000 0.479167 0.097605 0.473333 0.081437 0.445833 0.059281 0.434167 0.054491
3 0.179167 0.504790 0.141667 0.505988 0.105000 0.513772 0.097500 0.522156 0.095000 0.535928 0.166667 0.829341 0.155000 0.841916 0.115000 0.847904 0.110833 0.861078 0.120833 0.890419 0.152500 0.895808 0.231667 0.889222 0.320833 0.873653 0.345000 0.863473 0.351667 0.856886 0.348333 0.831737 0.340833 0.822156 0.298333 0.820958 0.285833 0.811377 0.236667 0.667066 0.207500 0.541916 0.195000 0.513772
3 0.349167 0.363473 0.321667 0.371257 0.313333 0.377844 0.306667 0.405389 0.314167 0.458084 0.348333 0.589222 0.362500 0.682635 0.352500 0.694611 0.326667 0.702994 0.322500 0.719760 0.310000 0.734731 0.310000 0.748503 0.320833 0.762874 0.380000 0.775449 0.429167 0.777844 0.508333 0.771257 0.532500 0.762275 0.560833 0.741317 0.557500 0.704192 0.538333 0.693413 0.494167 0.692216 0.484167 0.679641 0.478333 0.625749 0.436667 0.419760 0.424167 0.386826 0.411667 0.373054 0.392500 0.364671
4 0.648333 0.399401 0.637500 0.379042 0.625000 0.373054 0.596667 0.369461 0.581667 0.370060 0.568333 0.395210 0.560000 0.400599 0.548333 0.395808 0.538333 0.395808 0.525833 0.400000 0.501667 0.392814 0.465833 0.392814 0.452500 0.388024 0.366667 0.377246 0.347500 0.379042 0.333333 0.426347 0.333333 0.444910 0.340833 0.453892 0.355833 0.458084 0.397500 0.461078 0.426667 0.470659 0.541667 0.486826 0.547500 0.491018 0.547500 0.519162 0.557500 0.530539 0.577500 0.535329 0.604167 0.536527 0.617500 0.529940 0.624167 0.520958 0.644167 0.459880 0.649167 0.429341
0 0.785000 0.073054 0.783333 0.070060 0.773333 0.064671 0.759167 0.063473 0.739167 0.065868 0.718333 0.053293 0.706667 0.053892 0.695833 0.068263 0.687500 0.073054 0.675833 0.071856 0.649167 0.073054 0.623333 0.070060 0.615000 0.070659 0.581667 0.067066 0.549167 0.065868 0.543333 0.068263 0.534167 0.077246 0.531667 0.094611 0.535000 0.101198 0.551667 0.105988 0.589167 0.107784 0.630000 0.112575 0.676667 0.115569 0.683333 0.120359 0.684167 0.131737 0.691667 0.138922 0.704167 0.138922 0.719167 0.132934 0.730000 0.133533 0.739167 0.137126 0.750833 0.138922 0.766667 0.138922 0.775000 0.134132 0.779167 0.124551 0.782500 0.104192 0.781667 0.089222
0 0.876667 0.025150 0.870000 0.028144 0.868333 0.031737 0.869167 0.035928 0.876667 0.048503 0.875833 0.049701 0.877500 0.050299 0.877500 0.052695 0.880000 0.053892 0.879167 0.055689 0.891667 0.077844 0.890833 0.079042 0.893333 0.080838 0.892500 0.086228 0.884167 0.092814 0.883333 0.095210 0.885000 0.096407 0.885833 0.099401 0.889167 0.100000 0.894167 0.104790 0.894167 0.111377 0.897500 0.117964 0.900833 0.120958 0.917500 0.121557 0.925833 0.118563 0.930833 0.118563 0.931667 0.117365 0.933333 0.117964 0.938333 0.116766 0.952500 0.111377 0.955833 0.108383 0.956667 0.104192 0.955000 0.099401 0.945000 0.089820 0.946667 0.089222 0.948333 0.085629 0.949167 0.079641 0.947500 0.079042 0.947500 0.077246 0.944167 0.076647 0.943333 0.075449 0.940000 0.075449 0.939167 0.074251 0.930833 0.074850 0.926667 0.073653 0.923333 0.070659 0.912500 0.048503 0.908333 0.043713 0.901667 0.029940 0.897500 0.024551 0.882500 0.023952 0.881667 0.025150
3 0.381667 0.477246 0.289167 0.526946 0.237500 0.564072 0.222500 0.580838 0.220833 0.593413 0.260000 0.625749 0.275000 0.625150 0.307500 0.608383 0.328333 0.604790 0.400833 0.679042 0.610000 0.868263 0.641667 0.876647 0.662500 0.871257 0.722500 0.838323 0.716667 0.810180 0.480000 0.588024 0.427500 0.547904 0.428333 0.540719 0.457500 0.519760 0.462500 0.504192 0.428333 0.471257 0.408333 0.470060
0 0.729167 0.185030 0.722500 0.188623 0.720833 0.193413 0.742500 0.216168 0.747500 0.219162 0.750833 0.222754 0.748333 0.228743 0.749167 0.232335 0.752500 0.235928 0.757500 0.235928 0.760000 0.237725 0.762500 0.241916 0.767500 0.245509 0.775000 0.244311 0.790833 0.235928 0.796667 0.230539 0.796667 0.228743 0.785833 0.217964 0.785000 0.212575 0.780833 0.210180 0.777500 0.209581 0.770833 0.211377 0.768333 0.210778 0.764167 0.208383 0.757500 0.201198 0.738333 0.185030 0.734167 0.183832
1 0.163333 0.144910 0.145000 0.176048 0.168333 0.197605 0.797500 0.497006 0.797500 0.506587 0.777500 0.534731 0.785000 0.543114 0.812500 0.556287 0.825833 0.555689 0.842500 0.549102 0.868333 0.526946 0.931667 0.451497 0.931667 0.426347 0.912500 0.413772 0.890833 0.410180 0.855833 0.435329 0.846667 0.434731 0.413333 0.221557 0.240000 0.141916 0.196667 0.128743 0.180000 0.131138
4 0.544167 0.617964 0.527500 0.629341 0.510000 0.665868 0.478333 0.772455 0.446667 0.776048 0.430000 0.774850 0.419167 0.789820 0.412500 0.815569 0.428333 0.828743 0.443333 0.835329 0.515000 0.851497 0.586667 0.859880 0.631667 0.854491 0.636667 0.851497 0.646667 0.829341 0.647500 0.815569 0.600833 0.790419 0.596667 0.784431 0.618333 0.723353 0.619167 0.709581 0.624167 0.704192 0.623333 0.696407 0.635000 0.671257 0.638333 0.640120 0.629167 0.633533 0.597500 0.623952 0.561667 0.617964
4 0.429167 0.601796 0.399167 0.598204 0.381667 0.602395 0.342500 0.635329 0.341667 0.646108 0.392500 0.690419 0.369167 0.697006 0.357500 0.709581 0.334167 0.724551 0.312500 0.751497 0.229167 0.823952 0.220833 0.840120 0.222500 0.849102 0.237500 0.855689 0.259167 0.874251 0.313333 0.898204 0.329167 0.900599 0.359167 0.891617 0.374167 0.870060 0.420833 0.832934 0.434167 0.814970 0.493333 0.759281 0.512500 0.755090 0.537500 0.762874 0.575000 0.766467 0.599167 0.753892 0.623333 0.732934 0.629167 0.723353 0.608333 0.694611 0.553333 0.656287 0.482500 0.619162
0 0.282500 0.138922 0.261667 0.148503 0.256667 0.156287 0.255833 0.179042 0.267500 0.210778 0.267500 0.216766 0.259167 0.228743 0.260833 0.246108 0.283333 0.262874 0.303333 0.265868 0.316667 0.275449 0.333333 0.342515 0.350833 0.391018 0.365000 0.399401 0.410000 0.398802 0.430833 0.389222 0.434167 0.375449 0.403333 0.256287 0.406667 0.250299 0.424167 0.238323 0.434167 0.227545 0.437500 0.217365 0.433333 0.201796 0.409167 0.180838 0.408333 0.164072 0.400833 0.140719 0.386667 0.131737 0.350000 0.129940
1 0.628333 0.236527 0.535000 0.202994 0.517500 0.201796 0.501667 0.214371 0.497500 0.230539 0.523333 0.249701 0.520000 0.261677 0.425833 0.377246 0.389167 0.407784 0.298333 0.529940 0.197500 0.650299 0.194167 0.669461 0.221667 0.688623 0.248333 0.694012 0.278333 0.675449 0.590000 0.292216 0.601667 0.284431 0.650833 0.280838 0.662500 0.272455 0.659167 0.255689
1 0.965833 0.134132 0.956667 0.125150 0.935833 0.119760 0.889167 0.119162 0.126667 0.168862 0.117500 0.164072 0.098333 0.130539 0.060000 0.129341 0.044167 0.132335 0.028333 0.157485 0.030000 0.241916 0.040000 0.276048 0.064167 0.291018 0.114167 0.285030 0.120000 0.258084 0.133333 0.251497 0.221667 0.240719 0.925833 0.195808 0.946667 0.191018 0.965833 0.178443 0.971667 0.159880
3 0.456667 0.297006 0.439167 0.301796 0.420000 0.311976 0.411667 0.323952 0.410000 0.336527 0.433333 0.384431 0.459167 0.423353 0.525000 0.541317 0.522500 0.547305 0.492500 0.570060 0.495000 0.587425 0.504167 0.598802 0.522500 0.605988 0.557500 0.610778 0.598333 0.600000 0.640833 0.581437 0.674167 0.557485 0.680833 0.545509 0.670833 0.526347 0.660833 0.519162 0.633333 0.510778 0.613333 0.511976 0.604167 0.505988 0.600000 0.492216 0.546667 0.395210 0.499167 0.318563 0.479167 0.299401
