2 0.384167 0.308982 0.375000 0.313174 0.371667 0.318563 0.368333 0.334132 0.374167 0.353892 0.384167 0.361677 0.417500 0.362874 0.428333 0.373653 0.430833 0.408982 0.435833 0.427545 0.439167 0.486228 0.447500 0.511377 0.465000 0.517964 0.505000 0.517365 0.546667 0.512575 0.554167 0.508982 0.556667 0.504192 0.558333 0.480240 0.555000 0.472455 0.556667 0.452695 0.551667 0.431138 0.551667 0.410180 0.545000 0.387425 0.545000 0.365269 0.550833 0.356287 0.575833 0.356287 0.585000 0.350898 0.590000 0.341916 0.590833 0.330539 0.583333 0.310180 0.567500 0.305389 0.527500 0.305988 0.506667 0.310180 0.457500 0.305389
0 0.744167 0.294611 0.718333 0.302994 0.696667 0.306587 0.670833 0.316766 0.650833 0.319760 0.634167 0.334731 0.670833 0.373653 0.670000 0.377844 0.659167 0.387425 0.656667 0.397605 0.664167 0.402994 0.705000 0.404192 0.744167 0.471856 0.755000 0.481437 0.769167 0.513772 0.785000 0.523952 0.793333 0.523952 0.825000 0.514970 0.836667 0.507784 0.836667 0.476647 0.829167 0.462275 0.820833 0.456287 0.819167 0.448503 0.790000 0.411976 0.790833 0.408383 0.800833 0.401198 0.787500 0.391617 0.776667 0.389222 0.785833 0.378443 0.800833 0.370659 0.805833 0.364671 0.803333 0.355689 0.793333 0.350898 0.790000 0.342515 0.778333 0.340719 0.770833 0.335928 0.772500 0.320359 0.760000 0.297605
3 0.261667 0.282036 0.212500 0.322755 0.150833 0.397605 0.141667 0.426347 0.153333 0.439521 0.179167 0.451497 0.200833 0.455090 0.239167 0.431737 0.256667 0.430539 0.345833 0.474252 0.440833 0.505389 0.640000 0.601198 0.690000 0.613772 0.711667 0.597006 0.740833 0.561078 0.725833 0.538323 0.333333 0.350299 0.324167 0.332335 0.348333 0.302395 0.335000 0.286826 0.300833 0.270659 0.284167 0.271856
0 0.519167 0.586826 0.502500 0.598204 0.494167 0.608982 0.490833 0.625150 0.497500 0.634731 0.509167 0.643114 0.531667 0.651497 0.531667 0.667066 0.539167 0.677844 0.545833 0.681437 0.560000 0.683832 0.592500 0.682635 0.651667 0.730539 0.668333 0.741317 0.680000 0.744910 0.696667 0.744910 0.704167 0.741916 0.718333 0.728743 0.721667 0.716168 0.718333 0.709581 0.712500 0.704790 0.709167 0.695808 0.692500 0.680239 0.688333 0.672455 0.675833 0.665269 0.659167 0.648503 0.655833 0.640719 0.655833 0.627545 0.648333 0.615569 0.637500 0.610778 0.618333 0.607784 0.614167 0.604192 0.609167 0.592216 0.600000 0.584431 0.577500 0.574251 0.556667 0.572455 0.544167 0.574850
0 0.317500 0.231138 0.303333 0.223353 0.285833 0.219162 0.270833 0.217964 0.245833 0.218563 0.215000 0.229341 0.198333 0.238922 0.185000 0.250898 0.178333 0.261078 0.173333 0.274850 0.173333 0.279641 0.175833 0.284431 0.174167 0.294012 0.165000 0.302994 0.160833 0.309581 0.161667 0.317964 0.166667 0.329940 0.178333 0.339521 0.201667 0.343713 0.233333 0.332934 0.240833 0.332335 0.250000 0.334731 0.257500 0.332934 0.269167 0.332934 0.282500 0.328144 0.289167 0.323353 0.292500 0.322755 0.310000 0.310778 0.324167 0.292814 0.327500 0.284431 0.328333 0.276048 0.331667 0.270060 0.331667 0.264072 0.335000 0.258683 0.335000 0.249701 0.333333 0.246707
0 0.490833 0.335329 0.500833 0.423952 0.505000 0.431138 0.523333 0.439521 0.547500 0.438323 0.579167 0.428743 0.626667 0.438323 0.645833 0.423353 0.686667 0.405389 0.708333 0.410180 0.728333 0.410180 0.741667 0.405389 0.753333 0.407186 0.833333 0.399401 0.870833 0.390419 0.905000 0.388024 0.917500 0.378443 0.920833 0.368862 0.917500 0.340120 0.900833 0.326946 0.882500 0.323952 0.855833 0.326347 0.829167 0.324551 0.807500 0.329341 0.778333 0.325749 0.763333 0.329940 0.734167 0.328144 0.712500 0.331737 0.689167 0.328743 0.664167 0.331138 0.645000 0.326946 0.635000 0.307784 0.622500 0.299401 0.612500 0.297605 0.576667 0.312575 0.535833 0.307186 0.506667 0.310180 0.495000 0.320958
2 0.490833 0.628743 0.440833 0.643713 0.405000 0.662275 0.370000 0.672455 0.335833 0.692216 0.272500 0.719162 0.265833 0.729940 0.282500 0.762275 0.318333 0.792814 0.332500 0.798204 0.341667 0.789222 0.355833 0.788623 0.366667 0.783832 0.375000 0.786228 0.387500 0.829940 0.395833 0.828144 0.400833 0.818563 0.429167 0.864072 0.449167 0.882635 0.450833 0.895808 0.458333 0.904192 0.475000 0.908982 0.486667 0.923353 0.508333 0.933533 0.545000 0.925150 0.580833 0.910180 0.618333 0.885030 0.623333 0.874251 0.596667 0.831138 0.513333 0.737126 0.504167 0.711976 0.535833 0.684431 0.541667 0.670060 0.523333 0.639521
0 0.361667 0.674850 0.341667 0.682635 0.310000 0.701198 0.304167 0.712575 0.305000 0.727545 0.310833 0.736527 0.385000 0.806587 0.427500 0.851497 0.423333 0.863473 0.409167 0.876048 0.410833 0.888623 0.420833 0.896407 0.445833 0.904790 0.463333 0.907186 0.452500 0.917964 0.450000 0.925749 0.454167 0.934731 0.472500 0.950898 0.480833 0.954491 0.490000 0.954491 0.511667 0.946707 0.601667 0.894611 0.610833 0.886228 0.615000 0.877844 0.603333 0.852096 0.604167 0.837126 0.595833 0.828743 0.582500 0.825749 0.574167 0.817964 0.556667 0.810180 0.519167 0.801796 0.406667 0.687425 0.375833 0.676048
4 0.403333 0.408383 0.376667 0.413772 0.330000 0.434132 0.305833 0.450898 0.297500 0.468862 0.310000 0.501796 0.365000 0.575449 0.378333 0.605389 0.400000 0.624551 0.410833 0.645509 0.421667 0.653293 0.371667 0.694012 0.370000 0.707186 0.380833 0.726946 0.405000 0.753892 0.437500 0.761078 0.472500 0.759880 0.508333 0.753293 0.563333 0.735928 0.645833 0.700000 0.675833 0.678443 0.697500 0.654491 0.700000 0.646108 0.678333 0.616766 0.661667 0.602994 0.650000 0.598802 0.604167 0.594012 0.577500 0.596407 0.569167 0.592216 0.540833 0.550299 0.530000 0.541916 0.526667 0.529940 0.489167 0.474252 0.475833 0.462874 0.450000 0.426946 0.431667 0.411976
1 0.486667 0.134132 0.374167 0.123353 0.353333 0.133533 0.341667 0.161677 0.342500 0.177246 0.380000 0.199401 0.160833 0.841317 0.157500 0.880838 0.170833 0.904790 0.190000 0.919162 0.228333 0.931138 0.255833 0.932335 0.282500 0.913772 0.302500 0.877245 0.530000 0.229341 0.596667 0.226347 0.614167 0.208383 0.620833 0.182036 0.611667 0.171257 0.580000 0.156287
1 0.462500 0.159880 0.401667 0.154491 0.379167 0.159281 0.371667 0.170659 0.370000 0.183832 0.408333 0.198204 0.288333 0.595808 0.290833 0.610778 0.305000 0.617964 0.342500 0.619760 0.355000 0.614371 0.365833 0.601796 0.486667 0.209581 0.520833 0.209581 0.528333 0.201796 0.531667 0.182036 0.519167 0.173653
0 0.840000 0.180240 0.788333 0.175449 0.716667 0.193413 0.698333 0.189820 0.691667 0.200599 0.662500 0.202395 0.648333 0.198802 0.639167 0.208383 0.603333 0.223353 0.592500 0.220359 0.570833 0.198204 0.545000 0.199401 0.528333 0.219162 0.517500 0.221557 0.505833 0.231138 0.478333 0.228144 0.434167 0.237126 0.425000 0.249102 0.444167 0.280838 0.446667 0.298204 0.455000 0.313772 0.470000 0.331138 0.470833 0.344910 0.483333 0.356287 0.505833 0.357485 0.552500 0.334731 0.576667 0.332335 0.612500 0.341317 0.626667 0.333533 0.633333 0.301796 0.644167 0.292216 0.751667 0.265269 0.782500 0.253892 0.810000 0.251497 0.843333 0.239521 0.853333 0.233533 0.859167 0.220958
3 0.290833 0.522156 0.254167 0.540719 0.224167 0.561677 0.205000 0.580838 0.204167 0.586228 0.210000 0.598802 0.222500 0.606587 0.247500 0.607186 0.257500 0.601796 0.267500 0.604192 0.305833 0.634731 0.340833 0.667665 0.412500 0.724551 0.445000 0.744910 0.459167 0.743713 0.475000 0.734132 0.489167 0.720359 0.489167 0.711377 0.472500 0.691018 0.415833 0.646108 0.350000 0.588024 0.315000 0.565269 0.338333 0.541317 0.335000 0.534132 0.320000 0.521557 0.306667 0.519760
4 0.523333 0.123353 0.497500 0.102994 0.451667 0.081437 0.424167 0.082635 0.390000 0.091617 0.382500 0.100000 0.380000 0.134731 0.361667 0.151497 0.321667 0.159880 0.265000 0.178443 0.166667 0.202994 0.133333 0.217964 0.130000 0.228144 0.132500 0.254491 0.151667 0.288623 0.161667 0.298204 0.175833 0.302994 0.214167 0.301198 0.415000 0.249102 0.473333 0.283832 0.491667 0.283832 0.539167 0.271257 0.555833 0.249102 0.559167 0.203593 0.546667 0.156886
