4 0.530000 0.682036 0.501667 0.707186 0.465000 0.761078 0.455000 0.782635 0.450833 0.804192 0.454167 0.832335 0.489167 0.844910 0.510000 0.847904 0.550000 0.834132 0.564167 0.823353 0.571667 0.822755 0.613333 0.837725 0.628333 0.840120 0.636667 0.845509 0.698333 0.867665 0.711667 0.869461 0.753333 0.883234 0.774167 0.886228 0.790833 0.880240 0.805833 0.866467 0.821667 0.838323 0.825000 0.819761 0.819167 0.806587 0.785000 0.788623 0.715833 0.767066 0.678333 0.750299 0.654167 0.746108 0.633333 0.737126 0.622500 0.736527 0.620000 0.728144 0.625833 0.695210 0.615833 0.685030 0.567500 0.669461 0.549167 0.672455
0 0.480000 0.681437 0.475000 0.680239 0.464167 0.673653 0.457500 0.673653 0.447500 0.679641 0.444167 0.685629 0.435833 0.686826 0.430833 0.690419 0.430000 0.703593 0.428333 0.705988 0.423333 0.708383 0.415833 0.714970 0.411667 0.716168 0.405833 0.720958 0.401667 0.722754 0.390000 0.732335 0.385833 0.734132 0.385000 0.739521 0.390000 0.743713 0.392500 0.748503 0.394167 0.748503 0.397500 0.750898 0.405833 0.750299 0.429167 0.734731 0.430833 0.734731 0.435833 0.730539 0.443333 0.726946 0.446667 0.723952 0.453333 0.722156 0.460833 0.722754 0.470000 0.721557 0.476667 0.716168 0.476667 0.713772 0.479167 0.710180 0.488333 0.708982 0.490000 0.707186 0.495000 0.705389 0.496667 0.701198 0.495833 0.694611 0.493333 0.693413 0.490000 0.688623 0.482500 0.684431
4 0.494167 0.329341 0.483333 0.329341 0.465000 0.331737 0.448333 0.335329 0.440833 0.337725 0.435833 0.340719 0.436667 0.346108 0.440000 0.352695 0.442500 0.353892 0.443333 0.353293 0.455833 0.354491 0.458333 0.356287 0.460000 0.364072 0.463333 0.370060 0.464167 0.376048 0.465833 0.377246 0.466667 0.383234 0.470833 0.394012 0.475833 0.398802 0.495833 0.396407 0.500000 0.395210 0.503333 0.392814 0.502500 0.384431 0.500833 0.383234 0.499167 0.373653 0.497500 0.372455 0.496667 0.366467 0.490000 0.349102 0.501667 0.344910 0.505000 0.342515 0.505000 0.340120 0.501667 0.332335 0.499167 0.330539
3 0.178333 0.567665 0.150833 0.571856 0.145833 0.571257 0.140833 0.573653 0.133333 0.574251 0.116667 0.583832 0.118333 0.595210 0.121667 0.598802 0.125833 0.600599 0.140833 0.600599 0.148333 0.605988 0.146667 0.608982 0.147500 0.617964 0.153333 0.633533 0.152500 0.639521 0.155000 0.643114 0.154167 0.646108 0.156667 0.650898 0.160833 0.674850 0.163333 0.677844 0.163333 0.686228 0.169167 0.703593 0.168333 0.705988 0.174167 0.716168 0.182500 0.720958 0.190000 0.721557 0.206667 0.717964 0.211667 0.711976 0.212500 0.706587 0.209167 0.687425 0.206667 0.685629 0.205833 0.673653 0.202500 0.665868 0.202500 0.658084 0.200000 0.654491 0.201667 0.653293 0.195833 0.637725 0.194167 0.620359 0.191667 0.616766 0.190833 0.606587 0.188333 0.604790 0.187500 0.598802 0.210833 0.587425 0.212500 0.578443 0.209167 0.572455 0.202500 0.569461
3 0.438333 0.118563 0.432500 0.122156 0.387500 0.129940 0.375000 0.136527 0.367500 0.150299 0.367500 0.177246 0.385833 0.235928 0.410000 0.290419 0.431667 0.363473 0.445833 0.392216 0.442500 0.400599 0.423333 0.408383 0.414167 0.416168 0.420833 0.445509 0.430000 0.450299 0.445833 0.453293 0.511667 0.450898 0.563333 0.441317 0.605833 0.426946 0.615833 0.417365 0.615833 0.403593 0.603333 0.380838 0.562500 0.380838 0.549167 0.375449 0.532500 0.323952 0.526667 0.316766 0.487500 0.214970 0.475833 0.176647 0.473333 0.147904 0.464167 0.140719 0.464167 0.132934 0.448333 0.125749 0.445833 0.119162
1 0.327500 0.367665 0.301667 0.369461 0.286667 0.376048 0.275000 0.410180 0.286667 0.508383 0.285000 0.604790 0.306667 0.892216 0.295833 0.902395 0.257500 0.915569 0.250833 0.936527 0.265000 0.947904 0.312500 0.952695 0.427500 0.945509 0.444167 0.940120 0.449167 0.929940 0.443333 0.904192 0.405000 0.900000 0.395833 0.890419 0.370000 0.397006 0.355833 0.371856
2 0.371667 0.538323 0.336667 0.544910 0.325833 0.541317 0.286667 0.542515 0.168333 0.559880 0.130000 0.570060 0.115000 0.576647 0.107500 0.584431 0.105000 0.610180 0.109167 0.623952 0.125833 0.644910 0.143333 0.646707 0.166667 0.641916 0.178333 0.643114 0.189167 0.648503 0.196667 0.659880 0.198333 0.686228 0.237500 0.813772 0.240833 0.838323 0.249167 0.849701 0.263333 0.855090 0.376667 0.839521 0.390000 0.835329 0.396667 0.827545 0.395833 0.802994 0.369167 0.725150 0.350000 0.630539 0.360833 0.618563 0.392500 0.611377 0.408333 0.603593 0.410000 0.585629 0.408333 0.568263 0.392500 0.546707
0 0.200833 0.234731 0.192500 0.234731 0.180833 0.240719 0.175000 0.248503 0.168333 0.267665 0.154167 0.277246 0.130000 0.282635 0.126667 0.291018 0.141667 0.310778 0.141667 0.319162 0.133333 0.325749 0.121667 0.342515 0.097500 0.367665 0.089167 0.380838 0.070833 0.395210 0.069167 0.401198 0.060833 0.410180 0.059167 0.418563 0.062500 0.425150 0.098333 0.442515 0.127500 0.430539 0.137500 0.422754 0.159167 0.397605 0.171667 0.394012 0.169167 0.386228 0.183333 0.376048 0.194167 0.373653 0.193333 0.365868 0.198333 0.361078 0.199167 0.353892 0.205833 0.345509 0.211667 0.343713 0.235833 0.349701 0.245833 0.346108 0.252500 0.340120 0.250000 0.325150 0.254167 0.320359 0.255000 0.311976 0.270833 0.305988 0.286667 0.293413 0.292500 0.285030 0.290000 0.276647 0.263333 0.265868 0.238333 0.250898 0.221667 0.246707
3 0.495000 0.288623 0.440000 0.259880 0.402500 0.252096 0.354167 0.251497 0.337500 0.261078 0.325833 0.279042 0.322500 0.307784 0.325833 0.322156 0.320000 0.335928 0.122500 0.506587 0.107500 0.533533 0.109167 0.547904 0.122500 0.562275 0.150833 0.570659 0.175833 0.570659 0.191667 0.565269 0.216667 0.550898 0.257500 0.511377 0.415833 0.380240 0.425833 0.377246 0.447500 0.381437 0.485833 0.381437 0.506667 0.370659 0.521667 0.350898 0.522500 0.338922 0.505833 0.297006
1 0.294167 0.167665 0.242500 0.192216 0.230833 0.222156 0.245833 0.243713 0.265000 0.256886 0.307500 0.249102 0.325000 0.255090 0.747500 0.833533 0.784167 0.853892 0.826667 0.847904 0.859167 0.828144 0.850000 0.782635 0.438333 0.218563 0.442500 0.207186 0.481667 0.176048 0.466667 0.146707 0.455000 0.137126 0.413333 0.134132
4 0.473333 0.628743 0.453333 0.634731 0.445000 0.646108 0.443333 0.654491 0.435000 0.661677 0.430000 0.671856 0.429167 0.714371 0.422500 0.734731 0.420000 0.758683 0.409167 0.769461 0.394167 0.771856 0.370833 0.788024 0.365833 0.794012 0.360833 0.820958 0.369167 0.831138 0.401667 0.845509 0.440000 0.853293 0.482500 0.856886 0.523333 0.856287 0.559167 0.847904 0.570833 0.839521 0.579167 0.820958 0.579167 0.801198 0.565000 0.789820 0.535833 0.780838 0.531667 0.776048 0.536667 0.761677 0.536667 0.738922 0.546667 0.671856 0.541667 0.649102 0.530833 0.639521 0.505000 0.630539
0 0.563333 0.361677 0.559167 0.362874 0.552500 0.370060 0.550833 0.375449 0.548333 0.376647 0.545000 0.376647 0.540833 0.379042 0.540000 0.382036 0.545833 0.391018 0.539167 0.397605 0.540000 0.398204 0.525833 0.414371 0.520833 0.422754 0.520833 0.425150 0.522500 0.426946 0.530833 0.431737 0.537500 0.432934 0.540833 0.431737 0.555000 0.416168 0.555000 0.414371 0.569167 0.398204 0.581667 0.398204 0.585833 0.395808 0.585833 0.388623 0.595000 0.377844 0.594167 0.375449 0.586667 0.370659 0.581667 0.369461
2 0.569167 0.185629 0.559167 0.182036 0.522500 0.183832 0.487500 0.194012 0.380833 0.214371 0.292500 0.238922 0.277500 0.232335 0.260000 0.205988 0.247500 0.199401 0.208333 0.198802 0.160833 0.214371 0.157500 0.226347 0.180833 0.273653 0.195833 0.323353 0.215833 0.371257 0.237500 0.407186 0.265000 0.418563 0.282500 0.418563 0.326667 0.405988 0.338333 0.395808 0.337500 0.356287 0.346667 0.347305 0.399167 0.340719 0.491667 0.318563 0.514167 0.316168 0.600000 0.292814 0.613333 0.278443 0.609167 0.252096 0.595000 0.220359
0 0.196667 0.547305 0.155000 0.587425 0.141667 0.611377 0.144167 0.625749 0.168333 0.639521 0.191667 0.641916 0.200833 0.645509 0.205000 0.662275 0.212500 0.670659 0.231667 0.674251 0.265000 0.665269 0.280833 0.666467 0.302500 0.680838 0.335000 0.694611 0.374167 0.716168 0.385000 0.724551 0.411667 0.735329 0.434167 0.732934 0.450000 0.720958 0.460000 0.708383 0.455833 0.688024 0.391667 0.650299 0.373333 0.643713 0.355833 0.631138 0.350000 0.620958 0.330833 0.602395 0.332500 0.592216 0.324167 0.575449 0.310833 0.571856 0.268333 0.571257 0.264167 0.553892 0.255833 0.545509 0.241667 0.538323 0.225000 0.535928
0 0.366667 0.359281 0.360833 0.371856 0.359167 0.388623 0.368333 0.392814 0.498333 0.410778 0.501667 0.414970 0.502500 0.429341 0.512500 0.435329 0.528333 0.429341 0.545833 0.431138 0.575000 0.437126 0.587500 0.436527 0.590833 0.431737 0.600000 0.404790 0.599167 0.396407 0.608333 0.377844 0.607500 0.371856 0.602500 0.368263 0.578333 0.364072 0.572500 0.364072 0.567500 0.366467 0.556667 0.365868 0.545000 0.362874 0.535000 0.355689 0.525833 0.359880 0.515833 0.368263 0.508333 0.370659 0.443333 0.362874 0.420000 0.358084 0.403333 0.356886 0.387500 0.352695 0.372500 0.353293
0 0.510833 0.680239 0.481667 0.711976 0.474167 0.726347 0.460833 0.740719 0.458333 0.747904 0.467500 0.758683 0.486667 0.764072 0.499167 0.764671 0.519167 0.775449 0.524167 0.788024 0.529167 0.792216 0.540000 0.794012 0.555000 0.789222 0.567500 0.782036 0.575833 0.782635 0.640833 0.806587 0.648333 0.811377 0.669167 0.816766 0.682500 0.826347 0.712500 0.834731 0.725833 0.831737 0.748333 0.805389 0.745833 0.800000 0.725833 0.780838 0.683333 0.763473 0.677500 0.753293 0.672500 0.756287 0.665833 0.756287 0.653333 0.746108 0.650833 0.740120 0.637500 0.739521 0.618333 0.735329 0.611667 0.729940 0.613333 0.708982 0.601667 0.702395 0.578333 0.704192 0.571667 0.701796 0.560833 0.701796 0.553333 0.691617 0.531667 0.680239 0.522500 0.677844
3 0.185000 0.477844 0.185000 0.484431 0.175833 0.497605 0.175000 0.512575 0.195833 0.527545 0.212500 0.534132 0.236667 0.538323 0.320833 0.562275 0.376667 0.572455 0.473333 0.600000 0.489167 0.600599 0.492500 0.607186 0.490000 0.630539 0.497500 0.639521 0.533333 0.646108 0.562500 0.624551 0.580833 0.598802 0.599167 0.555090 0.595833 0.522754 0.585000 0.516766 0.557500 0.511976 0.544167 0.518563 0.527500 0.535329 0.512500 0.537725 0.356667 0.497605 0.274167 0.479641 0.236667 0.468263 0.218333 0.466467 0.197500 0.468862
3 0.358333 0.470060 0.374167 0.494611 0.383333 0.500599 0.414167 0.500000 0.430000 0.471257 0.446667 0.467066 0.505833 0.472455 0.566667 0.474252 0.607500 0.480838 0.661667 0.480838 0.711667 0.484431 0.725000 0.482635 0.743333 0.473054 0.750833 0.459281 0.751667 0.442515 0.745000 0.432934 0.715000 0.423353 0.673333 0.423353 0.487500 0.410778 0.455833 0.412575 0.442500 0.410180 0.427500 0.379042 0.415000 0.374850 0.397500 0.373653 0.385833 0.379042 0.373333 0.397006
3 0.545833 0.748503 0.536667 0.742515 0.526667 0.743713 0.519167 0.747904 0.517500 0.751497 0.519167 0.762874 0.516667 0.765269 0.500833 0.768263 0.495000 0.771856 0.480833 0.775449 0.475000 0.778443 0.440000 0.787425 0.412500 0.796407 0.375833 0.804790 0.365833 0.811377 0.363333 0.814970 0.370000 0.828743 0.380000 0.832335 0.390833 0.832335 0.405000 0.828144 0.408333 0.828743 0.410833 0.826946 0.425833 0.824551 0.431667 0.821557 0.435000 0.822156 0.455000 0.815569 0.464167 0.814371 0.489167 0.805988 0.495000 0.805988 0.507500 0.801198 0.518333 0.800000 0.530833 0.795210 0.535000 0.795808 0.541667 0.801198 0.542500 0.804790 0.550000 0.808383 0.565833 0.804790 0.569167 0.800599 0.567500 0.798802 0.568333 0.793413 0.565833 0.791617 0.565833 0.787425 0.563333 0.783832 0.564167 0.777246 0.560833 0.774850 0.555000 0.761078 0.550833 0.756886 0.550833 0.754491 0.547500 0.753293
1 0.041667 0.608982 0.039167 0.629341 0.071667 0.647305 0.666667 0.793413 0.680000 0.801198 0.694167 0.834731 0.707500 0.840719 0.730833 0.835329 0.750833 0.810180 0.779167 0.735928 0.777500 0.723353 0.759167 0.714970 0.735000 0.713772 0.711667 0.737126 0.693333 0.736527 0.515000 0.692814 0.465833 0.673054 0.280000 0.632934 0.091667 0.584431 0.061667 0.586228
