0 0.622500 0.225749 0.608333 0.238323 0.602500 0.247904 0.601667 0.256886 0.635833 0.282635 0.647500 0.297006 0.663333 0.305988 0.667500 0.312575 0.680000 0.320958 0.681667 0.328743 0.675833 0.342515 0.684167 0.356287 0.698333 0.364671 0.713333 0.370060 0.735000 0.388024 0.745000 0.391617 0.770833 0.384431 0.800000 0.365868 0.826667 0.344910 0.830000 0.333533 0.824167 0.325150 0.812500 0.316766 0.807500 0.314970 0.796667 0.314970 0.789167 0.310778 0.785833 0.305389 0.785833 0.291018 0.779167 0.284431 0.770833 0.280838 0.762500 0.280838 0.744167 0.285629 0.735000 0.286228 0.710833 0.269461 0.674167 0.238922 0.662500 0.232934 0.654167 0.224551 0.639167 0.217964
3 0.644167 0.108383 0.636667 0.105389 0.612500 0.106587 0.598333 0.119162 0.556667 0.143713 0.525833 0.183234 0.492500 0.207186 0.487500 0.214970 0.455833 0.234731 0.433333 0.261078 0.396667 0.285030 0.373333 0.305988 0.340000 0.317365 0.285833 0.307784 0.264167 0.317964 0.258333 0.335329 0.263333 0.362275 0.296667 0.389222 0.311667 0.408383 0.374167 0.446108 0.390833 0.450898 0.414167 0.452096 0.433333 0.442515 0.450833 0.420958 0.449167 0.411976 0.429167 0.388024 0.429167 0.376647 0.464167 0.352695 0.488333 0.325749 0.514167 0.305389 0.525833 0.301796 0.596667 0.237126 0.644167 0.204192 0.682500 0.170060 0.691667 0.158084 0.690833 0.144311
2 0.385000 0.231138 0.354167 0.238323 0.306667 0.260479 0.215833 0.319162 0.156667 0.367066 0.147500 0.383832 0.146667 0.407784 0.167500 0.435928 0.201667 0.454491 0.223333 0.458084 0.251667 0.448503 0.265000 0.450299 0.300000 0.479641 0.328333 0.491617 0.350833 0.508982 0.387500 0.544910 0.410833 0.559880 0.419167 0.573054 0.443333 0.590419 0.459167 0.610180 0.482500 0.622755 0.499167 0.625749 0.600000 0.562275 0.605000 0.535928 0.578333 0.500000 0.540833 0.468263 0.425833 0.352096 0.420000 0.330539 0.446667 0.316766 0.465000 0.289820 0.458333 0.276647 0.430833 0.247904
1 0.558333 0.083832 0.479167 0.081437 0.455833 0.091617 0.436667 0.114970 0.435000 0.127545 0.466667 0.168862 0.090833 0.728144 0.086667 0.758084 0.115000 0.783234 0.161667 0.787425 0.193333 0.762874 0.566667 0.217964 0.590000 0.207784 0.644167 0.203593 0.664167 0.180838 0.669167 0.161078 0.654167 0.137725 0.614167 0.109581
0 0.603333 0.592216 0.587500 0.592216 0.545833 0.600000 0.488333 0.632335 0.468333 0.631737 0.468333 0.644311 0.442500 0.650898 0.426667 0.650898 0.420833 0.662275 0.400833 0.679641 0.389167 0.682635 0.351667 0.668862 0.335000 0.675449 0.324167 0.698204 0.307500 0.716168 0.277500 0.719760 0.248333 0.734731 0.242500 0.740719 0.241667 0.752096 0.289167 0.801198 0.307500 0.812575 0.330000 0.834731 0.338333 0.838922 0.360833 0.837725 0.384167 0.820958 0.400000 0.804192 0.422500 0.795808 0.451667 0.797605 0.460000 0.795210 0.469167 0.785629 0.460833 0.752695 0.466667 0.744910 0.560000 0.691018 0.580000 0.674850 0.604167 0.667665 0.630000 0.649701 0.639167 0.640120 0.640000 0.628743
0 0.502500 0.371856 0.491667 0.401198 0.520000 0.420359 0.567500 0.429940 0.575000 0.432934 0.578333 0.437725 0.585833 0.434132 0.590833 0.434731 0.606667 0.443114 0.613333 0.450898 0.622500 0.449102 0.659167 0.449701 0.663333 0.453293 0.660833 0.464072 0.663333 0.476048 0.676667 0.481437 0.696667 0.477246 0.720833 0.476048 0.741667 0.488024 0.765833 0.494012 0.776667 0.492814 0.780833 0.488623 0.789167 0.466467 0.801667 0.447904 0.802500 0.432934 0.813333 0.418563 0.812500 0.408982 0.804167 0.401796 0.785000 0.398204 0.759167 0.399401 0.754167 0.395808 0.740833 0.392814 0.732500 0.381437 0.723333 0.376048 0.710000 0.377246 0.687500 0.393413 0.675000 0.394611 0.661667 0.389820 0.625833 0.385030 0.594167 0.376647 0.571667 0.374850 0.551667 0.366467 0.527500 0.362874 0.512500 0.364072
3 0.688333 0.369461 0.666667 0.359880 0.650833 0.359281 0.611667 0.385629 0.612500 0.393413 0.635833 0.416168 0.640000 0.428743 0.551667 0.476647 0.461667 0.534132 0.365000 0.588024 0.322500 0.617365 0.314167 0.642515 0.333333 0.665868 0.358333 0.686826 0.370000 0.689222 0.390000 0.686228 0.413333 0.676647 0.665833 0.525150 0.713333 0.490419 0.723333 0.491018 0.752500 0.509581 0.769167 0.511377 0.809167 0.488024 0.810833 0.477246 0.800000 0.458683 0.745000 0.408383
0 0.331667 0.628743 0.320833 0.637725 0.304167 0.659880 0.307500 0.675449 0.313333 0.681437 0.453333 0.742515 0.456667 0.745509 0.456667 0.753892 0.452500 0.766467 0.457500 0.773653 0.473333 0.777844 0.493333 0.777844 0.504167 0.775449 0.501667 0.786228 0.503333 0.792216 0.510000 0.798204 0.530000 0.805988 0.543333 0.805389 0.559167 0.791617 0.603333 0.729940 0.603333 0.721557 0.585000 0.706587 0.577500 0.693413 0.568333 0.689222 0.555833 0.689820 0.547500 0.686228 0.530833 0.684431 0.500000 0.686826 0.368333 0.628144 0.341667 0.626946
3 0.909167 0.283234 0.881667 0.275449 0.811667 0.292216 0.771667 0.312575 0.702500 0.329341 0.680833 0.338323 0.635833 0.346707 0.505833 0.388623 0.462500 0.386228 0.415833 0.358683 0.382500 0.362874 0.363333 0.379042 0.351667 0.404192 0.380833 0.500599 0.402500 0.528144 0.415000 0.537725 0.440000 0.546108 0.471667 0.540719 0.498333 0.520359 0.495000 0.487425 0.504167 0.476647 0.553333 0.465868 0.635833 0.438922 0.655833 0.437725 0.672500 0.429341 0.735000 0.414371 0.780833 0.397605 0.812500 0.391617 0.915000 0.359880 0.932500 0.347305 0.935000 0.331138
3 0.538333 0.147904 0.531667 0.119760 0.527500 0.114371 0.506667 0.107784 0.488333 0.108982 0.468333 0.123353 0.466667 0.132335 0.455833 0.137126 0.272500 0.127545 0.189167 0.126347 0.156667 0.129341 0.149167 0.134731 0.145833 0.154491 0.150000 0.174251 0.157500 0.180240 0.190833 0.187425 0.295000 0.190419 0.405000 0.197605 0.462500 0.195210 0.470833 0.228144 0.480000 0.231138 0.507500 0.232335 0.520000 0.226347 0.530833 0.211976 0.538333 0.176647
1 0.766667 0.235928 0.736667 0.230539 0.711667 0.244910 0.319167 0.646707 0.306667 0.647305 0.270000 0.633533 0.243333 0.655689 0.251667 0.675449 0.329167 0.718563 0.390833 0.738922 0.405833 0.735928 0.421667 0.722754 0.425833 0.710778 0.395833 0.688024 0.395833 0.681437 0.781667 0.291617 0.797500 0.265868 0.796667 0.256886
0 0.730000 0.110180 0.719167 0.109581 0.710000 0.111976 0.700833 0.119162 0.646667 0.208982 0.635833 0.212575 0.617500 0.213772 0.600000 0.221557 0.596667 0.231737 0.600833 0.249701 0.599167 0.259281 0.582500 0.269461 0.574167 0.279042 0.575000 0.294611 0.581667 0.305389 0.611667 0.319760 0.640833 0.328144 0.662500 0.331737 0.682500 0.329341 0.698333 0.321557 0.706667 0.309581 0.704167 0.292814 0.700000 0.285030 0.707500 0.279641 0.716667 0.276647 0.725000 0.262874 0.725000 0.249701 0.719167 0.238323 0.720000 0.228144 0.727500 0.217365 0.733333 0.200599 0.758333 0.159281 0.768333 0.135329 0.765833 0.126946 0.757500 0.119162
0 0.747500 0.579641 0.705833 0.604192 0.683333 0.644311 0.670833 0.652695 0.672500 0.664072 0.655833 0.678443 0.642500 0.682635 0.639167 0.723353 0.630000 0.727545 0.592500 0.724551 0.583333 0.733533 0.582500 0.746108 0.587500 0.752695 0.583333 0.762874 0.586667 0.771856 0.576667 0.782635 0.563333 0.789222 0.547500 0.811377 0.547500 0.822156 0.559167 0.828144 0.588333 0.835329 0.621667 0.849701 0.656667 0.855689 0.665833 0.862275 0.668333 0.871856 0.695833 0.864072 0.708333 0.849102 0.713333 0.821557 0.725000 0.805389 0.754167 0.795210 0.758333 0.789222 0.758333 0.779641 0.730000 0.755090 0.730833 0.746108 0.746667 0.721557 0.751667 0.707186 0.767500 0.686228 0.780833 0.653892 0.796667 0.637725 0.798333 0.626946 0.806667 0.613772 0.806667 0.605389 0.796667 0.596407
3 0.156667 0.307784 0.155833 0.348503 0.164167 0.358683 0.182500 0.367066 0.220833 0.369461 0.236667 0.364671 0.262500 0.334132 0.284167 0.329341 0.332500 0.341916 0.420833 0.350898 0.435000 0.356886 0.520000 0.371856 0.572500 0.376048 0.640000 0.392814 0.695000 0.401198 0.732500 0.402994 0.753333 0.394012 0.778333 0.340120 0.774167 0.329341 0.759167 0.316766 0.691667 0.300000 0.634167 0.300000 0.556667 0.284431 0.534167 0.283832 0.496667 0.271257 0.446667 0.268263 0.384167 0.253892 0.347500 0.250299 0.310833 0.231138 0.310000 0.203593 0.303333 0.188623 0.268333 0.178443 0.242500 0.182635 0.217500 0.199401 0.202500 0.229940 0.180000 0.256886
0 0.574167 0.461677 0.555833 0.472455 0.554167 0.482635 0.558333 0.495808 0.577500 0.522754 0.583333 0.536527 0.595000 0.550299 0.594167 0.556886 0.580833 0.571257 0.579167 0.582036 0.585833 0.592216 0.608333 0.607186 0.616667 0.627545 0.632500 0.640719 0.642500 0.643713 0.659167 0.643713 0.674167 0.641916 0.689167 0.637725 0.706667 0.629940 0.717500 0.621557 0.722500 0.614970 0.721667 0.603593 0.718333 0.596407 0.701667 0.577844 0.705833 0.564671 0.701667 0.552096 0.687500 0.540719 0.651667 0.532335 0.614167 0.473054 0.603333 0.463473 0.589167 0.459281
0 0.070000 0.032335 0.063333 0.036527 0.051667 0.046707 0.050000 0.049701 0.050833 0.053892 0.058333 0.060479 0.065000 0.064671 0.065000 0.068263 0.070000 0.073653 0.069167 0.074251 0.074167 0.076647 0.080000 0.077844 0.092500 0.076647 0.123333 0.099401 0.125833 0.100000 0.142500 0.087425 0.140000 0.085629 0.140833 0.085030 0.110833 0.062275 0.110833 0.059880 0.112500 0.058084 0.112500 0.052096 0.110000 0.047904 0.104167 0.044311 0.095833 0.042515 0.093333 0.039521 0.083333 0.032335 0.080000 0.031138 0.074167 0.031138 0.070833 0.032934
0 0.625000 0.485030 0.603333 0.486228 0.588333 0.489820 0.565000 0.489222 0.541667 0.495808 0.517500 0.494611 0.506667 0.498802 0.500833 0.504790 0.501667 0.515569 0.516667 0.535928 0.514167 0.542515 0.516667 0.553293 0.501667 0.568862 0.509167 0.577844 0.535000 0.582036 0.544167 0.586826 0.547500 0.608383 0.555000 0.629341 0.557500 0.653892 0.565000 0.668862 0.562500 0.683832 0.568333 0.694611 0.569167 0.703593 0.577500 0.711976 0.590000 0.713772 0.630000 0.709581 0.637500 0.698802 0.644167 0.680239 0.643333 0.668862 0.635000 0.647305 0.640833 0.637725 0.632500 0.632335 0.635000 0.619162 0.641667 0.608982 0.634167 0.602395 0.620833 0.579042 0.624167 0.574850 0.635833 0.573054 0.650000 0.567066 0.655000 0.555090 0.647500 0.547904 0.638333 0.544311 0.635000 0.535928 0.626667 0.529341 0.635833 0.511377 0.632500 0.502994 0.633333 0.494012
3 0.550000 0.201198 0.469167 0.220359 0.428333 0.241317 0.423333 0.254491 0.435833 0.277246 0.447500 0.281437 0.473333 0.282036 0.485833 0.288623 0.502500 0.313174 0.506667 0.328743 0.517500 0.341916 0.532500 0.377844 0.554167 0.410180 0.573333 0.461078 0.596667 0.504790 0.610833 0.523353 0.625000 0.527545 0.677500 0.514371 0.684167 0.506587 0.684167 0.494611 0.668333 0.446707 0.639167 0.394012 0.606667 0.317964 0.580833 0.268862 0.583333 0.258683 0.619167 0.240120 0.619167 0.228144 0.610833 0.211976 0.600833 0.204790 0.571667 0.200599
4 0.427500 0.313174 0.416667 0.318563 0.407500 0.334731 0.400000 0.371856 0.385000 0.391018 0.352500 0.485629 0.346667 0.490419 0.300000 0.488623 0.280833 0.497006 0.272500 0.513174 0.270000 0.538922 0.278333 0.546707 0.295833 0.553892 0.391667 0.573054 0.454167 0.579641 0.490000 0.579641 0.524167 0.571257 0.534167 0.561078 0.541667 0.537126 0.540833 0.524551 0.511667 0.516766 0.492500 0.505389 0.501667 0.491617 0.495000 0.477844 0.507500 0.459281 0.510000 0.426946 0.525833 0.395808 0.540000 0.344311 0.538333 0.328144 0.458333 0.313174
0 0.204167 0.235329 0.180833 0.256287 0.173333 0.268263 0.172500 0.279042 0.188333 0.300599 0.220833 0.321557 0.221667 0.337126 0.237500 0.358683 0.258333 0.368263 0.272500 0.370659 0.315000 0.369461 0.398333 0.438922 0.420833 0.451497 0.440833 0.454491 0.467500 0.444311 0.483333 0.425748 0.482500 0.415569 0.467500 0.394012 0.427500 0.363473 0.408333 0.343713 0.385833 0.328743 0.383333 0.319162 0.393333 0.298802 0.390000 0.280240 0.375000 0.267665 0.336667 0.253892 0.312500 0.227545 0.282500 0.213772 0.265000 0.212575 0.244167 0.217365
1 0.837500 0.148503 0.784167 0.129940 0.751667 0.141916 0.242500 0.739521 0.225000 0.744910 0.178333 0.737725 0.145000 0.758683 0.130833 0.779641 0.143333 0.804790 0.242500 0.867066 0.294167 0.884431 0.335833 0.889820 0.357500 0.887425 0.374167 0.874251 0.393333 0.842515 0.363333 0.819162 0.362500 0.800000 0.825833 0.243713 0.864167 0.186826 0.860833 0.163473
