4 0.493333 0.297006 0.449167 0.286826 0.406667 0.286826 0.379167 0.295210 0.339167 0.330539 0.335000 0.343713 0.355000 0.372455 0.367500 0.405389 0.344167 0.422754 0.235833 0.523952 0.218333 0.558683 0.223333 0.579641 0.233333 0.596407 0.249167 0.610180 0.275833 0.621557 0.310000 0.628144 0.338333 0.620958 0.362500 0.604192 0.431667 0.538922 0.484167 0.499401 0.513333 0.485030 0.590833 0.472455 0.618333 0.454491 0.636667 0.434731 0.640833 0.421557 0.633333 0.402395 0.603333 0.361677 0.551667 0.323952
0 0.690833 0.063473 0.673333 0.076048 0.670833 0.087425 0.679167 0.107784 0.703333 0.135928 0.716667 0.158084 0.731667 0.173054 0.730833 0.180240 0.716667 0.196407 0.715000 0.212575 0.720833 0.221557 0.755000 0.242515 0.768333 0.267665 0.790000 0.283234 0.805000 0.286228 0.829167 0.283832 0.861667 0.274251 0.883333 0.262275 0.895000 0.251497 0.898333 0.244910 0.893333 0.225150 0.867500 0.197605 0.871667 0.184431 0.863333 0.165868 0.851667 0.156886 0.836667 0.150898 0.815000 0.149701 0.800000 0.145509 0.750000 0.080240 0.732500 0.064072 0.715833 0.058683
3 0.651667 0.448503 0.629167 0.446707 0.610833 0.452695 0.585000 0.468263 0.532500 0.489820 0.304167 0.600599 0.286667 0.601198 0.262500 0.581437 0.248333 0.576048 0.216667 0.589222 0.208333 0.597006 0.207500 0.605389 0.227500 0.637725 0.311667 0.712575 0.331667 0.722156 0.342500 0.722754 0.375833 0.706587 0.377500 0.698204 0.369167 0.673653 0.370833 0.664072 0.395833 0.656287 0.400833 0.650299 0.429167 0.642515 0.445000 0.630539 0.463333 0.629940 0.470000 0.621557 0.495000 0.614371 0.499167 0.605389 0.525833 0.599401 0.560833 0.576647 0.640833 0.543713 0.663333 0.527545 0.690833 0.490419 0.679167 0.482635 0.666667 0.460479
3 0.380000 0.392814 0.345000 0.400000 0.330000 0.406587 0.305000 0.411377 0.275833 0.420958 0.267500 0.427545 0.269167 0.434731 0.281667 0.451497 0.321667 0.449102 0.328333 0.452695 0.339167 0.480240 0.416667 0.628743 0.431667 0.641317 0.460000 0.640120 0.471667 0.637725 0.490833 0.629341 0.496667 0.617964 0.460833 0.543114 0.435000 0.502395 0.411667 0.452096 0.400000 0.437126 0.403333 0.429940 0.411667 0.425748 0.423333 0.423952 0.430000 0.418563 0.425000 0.398802 0.415000 0.391018
2 0.861667 0.186228 0.825000 0.171257 0.795833 0.171257 0.692500 0.189820 0.632500 0.210180 0.533333 0.229341 0.508333 0.223353 0.504167 0.201796 0.473333 0.183234 0.453333 0.182635 0.400833 0.194012 0.371667 0.216766 0.376667 0.259281 0.427500 0.354491 0.480000 0.419162 0.514167 0.429940 0.566667 0.423353 0.598333 0.405988 0.604167 0.395808 0.600000 0.372455 0.605833 0.362874 0.621667 0.355090 0.667500 0.343114 0.685833 0.333533 0.773333 0.314970 0.799167 0.305389 0.821667 0.303593 0.851667 0.291617 0.875000 0.289222 0.900833 0.277844 0.908333 0.268862 0.900833 0.244311
2 0.530833 0.738323 0.475833 0.721557 0.435000 0.719162 0.399167 0.728743 0.385833 0.738323 0.371667 0.755689 0.364167 0.773653 0.364167 0.786826 0.375833 0.813174 0.375000 0.822755 0.356667 0.834132 0.350000 0.844311 0.321667 0.871257 0.303333 0.893413 0.296667 0.908982 0.295833 0.918563 0.302500 0.931737 0.329167 0.951497 0.352500 0.955090 0.401667 0.953892 0.424167 0.934132 0.481667 0.872455 0.487500 0.870060 0.496667 0.871856 0.504167 0.868862 0.515833 0.868862 0.526667 0.865269 0.570000 0.841317 0.578333 0.823353 0.580000 0.804790 0.577500 0.793413 0.561667 0.765269
4 0.776667 0.638922 0.762500 0.632335 0.742500 0.634731 0.700833 0.649102 0.678333 0.649701 0.562500 0.679641 0.555000 0.678443 0.543333 0.661677 0.532500 0.652695 0.517500 0.647904 0.496667 0.651497 0.472500 0.660479 0.465833 0.670659 0.470000 0.690419 0.494167 0.742515 0.530833 0.792814 0.558333 0.809581 0.573333 0.810180 0.602500 0.802395 0.614167 0.797006 0.607500 0.771257 0.610833 0.761677 0.630000 0.759281 0.640000 0.749102 0.664167 0.747305 0.698333 0.732335 0.708333 0.732335 0.736667 0.725748 0.803333 0.704192 0.810833 0.699401 0.806667 0.687425 0.788333 0.653293
0 0.315833 0.640719 0.315000 0.643713 0.302500 0.650898 0.299167 0.658084 0.300000 0.671856 0.309167 0.687425 0.309167 0.702994 0.294167 0.716168 0.293333 0.723353 0.297500 0.729341 0.327500 0.738323 0.334167 0.746707 0.334167 0.764671 0.338333 0.777246 0.336667 0.792216 0.344167 0.822755 0.340833 0.840719 0.345000 0.848503 0.345833 0.861078 0.350000 0.866467 0.363333 0.870659 0.405000 0.869461 0.422500 0.841317 0.418333 0.805988 0.423333 0.797605 0.415833 0.789222 0.420833 0.776048 0.428333 0.769461 0.410833 0.738323 0.415833 0.733533 0.442500 0.726946 0.445833 0.717365 0.440000 0.708383 0.432500 0.704192 0.430833 0.696407 0.424167 0.691617 0.425833 0.681437 0.431667 0.673054 0.432500 0.652096 0.426667 0.644910 0.415833 0.643713 0.393333 0.646108 0.364167 0.644311 0.331667 0.649102 0.323333 0.647305
1 0.241667 0.401796 0.210833 0.411976 0.206667 0.441317 0.232500 0.519760 0.248333 0.601198 0.315000 0.835329 0.308333 0.844910 0.278333 0.859281 0.276667 0.879042 0.290000 0.885629 0.332500 0.885030 0.423333 0.869461 0.438333 0.861677 0.438333 0.850898 0.429167 0.834132 0.395833 0.833533 0.388333 0.827545 0.282500 0.420958 0.266667 0.402994
2 0.133333 0.253892 0.090000 0.326347 0.085833 0.347904 0.093333 0.362275 0.143333 0.385629 0.245000 0.414371 0.315833 0.440719 0.375833 0.452695 0.380000 0.462874 0.373333 0.488024 0.386667 0.504192 0.413333 0.518563 0.450833 0.528742 0.468333 0.526946 0.487500 0.519162 0.550833 0.441317 0.581667 0.374850 0.597500 0.353293 0.605000 0.322755 0.595000 0.305988 0.567500 0.290419 0.515833 0.279641 0.493333 0.285030 0.452500 0.320359 0.439167 0.321557 0.400833 0.307186 0.351667 0.297605 0.305000 0.278443 0.211667 0.257485 0.173333 0.244910 0.149167 0.244910
3 0.389167 0.513772 0.353333 0.513772 0.335000 0.531138 0.327500 0.547904 0.332500 0.564671 0.358333 0.583832 0.359167 0.594012 0.209167 0.828743 0.194167 0.866467 0.195000 0.874251 0.203333 0.880240 0.253333 0.895210 0.279167 0.897605 0.299167 0.889222 0.313333 0.877245 0.481667 0.625150 0.490833 0.621557 0.526667 0.625749 0.540833 0.623353 0.562500 0.595808 0.560000 0.578443 0.548333 0.566467 0.527500 0.554491 0.441667 0.524551
3 0.460833 0.568263 0.445833 0.575449 0.438333 0.589222 0.415000 0.737725 0.414167 0.759281 0.407500 0.765868 0.382500 0.770659 0.373333 0.775449 0.369167 0.783234 0.368333 0.797006 0.383333 0.805988 0.420833 0.816766 0.470000 0.819761 0.494167 0.817365 0.515000 0.808982 0.522500 0.801796 0.522500 0.784431 0.487500 0.768263 0.506667 0.627545 0.508333 0.583832 0.501667 0.573054 0.492500 0.569461
0 0.760000 0.771257 0.757500 0.767665 0.752500 0.765269 0.728333 0.769461 0.713333 0.765269 0.698333 0.765868 0.688333 0.768263 0.672500 0.776048 0.659167 0.777844 0.649167 0.777246 0.640833 0.780240 0.628333 0.780240 0.614167 0.782036 0.607500 0.784431 0.595833 0.783832 0.590833 0.785629 0.563333 0.788623 0.548333 0.794012 0.536667 0.802395 0.535000 0.813174 0.537500 0.828144 0.542500 0.834132 0.556667 0.838323 0.582500 0.835329 0.624167 0.833533 0.633333 0.831737 0.651667 0.832335 0.658333 0.830539 0.675833 0.830539 0.685833 0.828743 0.693333 0.831737 0.702500 0.844910 0.715000 0.846707 0.722500 0.839521 0.729167 0.837126 0.736667 0.837126 0.746667 0.840719 0.765000 0.838922 0.771667 0.835928 0.774167 0.829341 0.771667 0.822156 0.771667 0.811976 0.768333 0.805988 0.767500 0.795808
4 0.173333 0.655090 0.146667 0.674251 0.075000 0.749102 0.058333 0.773653 0.050833 0.795808 0.049167 0.813772 0.056667 0.825150 0.103333 0.849102 0.119167 0.849701 0.158333 0.823952 0.169167 0.820958 0.179167 0.829341 0.205000 0.836527 0.223333 0.850898 0.270833 0.867665 0.375000 0.922754 0.398333 0.929341 0.410000 0.926946 0.449167 0.895210 0.470833 0.867665 0.480833 0.849102 0.475833 0.838323 0.466667 0.828743 0.440000 0.819162 0.382500 0.785629 0.348333 0.776048 0.319167 0.758683 0.295833 0.749701 0.285833 0.740120 0.271667 0.737126 0.263333 0.725150 0.263333 0.711377 0.274167 0.676647 0.264167 0.660479 0.223333 0.639521 0.213333 0.637126
4 0.293333 0.601198 0.265000 0.620359 0.235833 0.649701 0.220833 0.673653 0.226667 0.686826 0.235833 0.695808 0.290000 0.727545 0.461667 0.807186 0.441667 0.850299 0.462500 0.867066 0.504167 0.885030 0.535833 0.876647 0.579167 0.846707 0.647500 0.772455 0.667500 0.743114 0.675833 0.706587 0.672500 0.699401 0.631667 0.676647 0.615000 0.673054 0.540833 0.705389 0.434167 0.653293 0.418333 0.649701 0.409167 0.641317 0.396667 0.638922 0.332500 0.605988 0.305833 0.598802
3 0.228333 0.516168 0.199167 0.621557 0.206667 0.649701 0.219167 0.655689 0.242500 0.659880 0.264167 0.658084 0.274167 0.649102 0.276667 0.635928 0.288333 0.620958 0.370000 0.638323 0.479167 0.649102 0.494167 0.647904 0.632500 0.668862 0.675000 0.669461 0.698333 0.660479 0.705833 0.652695 0.705833 0.635928 0.716667 0.616168 0.715000 0.607784 0.703333 0.598204 0.682500 0.590419 0.636667 0.580838 0.462500 0.559880 0.383333 0.545509 0.345833 0.543713 0.328333 0.535329 0.314167 0.537126 0.309167 0.534731 0.299167 0.500599 0.287500 0.495808 0.264167 0.492814 0.245000 0.495210
2 0.388333 0.607784 0.371667 0.608383 0.352500 0.614371 0.333333 0.632934 0.328333 0.650898 0.330000 0.658084 0.347500 0.670659 0.349167 0.676647 0.334167 0.699401 0.333333 0.711976 0.328333 0.722754 0.303333 0.756886 0.299167 0.768263 0.290833 0.774850 0.282500 0.791018 0.270000 0.803593 0.266667 0.813772 0.269167 0.824551 0.347500 0.849701 0.365000 0.847305 0.374167 0.843114 0.394167 0.822755 0.450000 0.745509 0.473333 0.718563 0.488333 0.710180 0.499167 0.711377 0.509167 0.717365 0.535833 0.717964 0.545833 0.710778 0.562500 0.689820 0.562500 0.667665 0.545833 0.655090 0.497500 0.635329 0.438333 0.618563
0 0.210000 0.535928 0.190833 0.562275 0.212500 0.583234 0.233333 0.592216 0.250000 0.596407 0.259167 0.602395 0.260000 0.605389 0.272500 0.604790 0.285833 0.615569 0.288333 0.622156 0.300833 0.622156 0.328333 0.626347 0.332500 0.629341 0.332500 0.634132 0.327500 0.640719 0.327500 0.652695 0.337500 0.658084 0.358333 0.656287 0.365000 0.659281 0.376667 0.658683 0.382500 0.661078 0.394167 0.673054 0.410000 0.679042 0.425833 0.680838 0.429167 0.678443 0.441667 0.659880 0.452500 0.650898 0.458333 0.642515 0.463333 0.628743 0.476667 0.619760 0.478333 0.610180 0.471667 0.601796 0.457500 0.597006 0.435000 0.594611 0.420833 0.588623 0.414167 0.583832 0.408333 0.569461 0.395000 0.567665 0.375000 0.578443 0.363333 0.580838 0.290833 0.553293 0.270000 0.548503 0.255000 0.538922 0.231667 0.531737 0.217500 0.531737
0 0.498333 0.307186 0.470000 0.334731 0.457500 0.351497 0.456667 0.362874 0.465000 0.373653 0.483333 0.379641 0.501667 0.377844 0.507500 0.399401 0.516667 0.406587 0.527500 0.407784 0.546667 0.400000 0.555833 0.398802 0.587500 0.412575 0.625833 0.435928 0.664167 0.455090 0.680833 0.458683 0.695833 0.452695 0.705833 0.443713 0.713333 0.430539 0.710000 0.420359 0.700000 0.412575 0.665833 0.393413 0.642500 0.377246 0.632500 0.376048 0.625833 0.370060 0.610000 0.361677 0.604167 0.353892 0.606667 0.341317 0.599167 0.326946 0.585000 0.322156 0.569167 0.323952 0.563333 0.320359 0.556667 0.308383 0.543333 0.299401 0.534167 0.296407 0.515833 0.297605
3 0.646667 0.308383 0.642500 0.306587 0.635833 0.305988 0.630833 0.307186 0.625833 0.310180 0.608333 0.324551 0.599167 0.330539 0.597500 0.332934 0.590000 0.337725 0.586667 0.341916 0.580000 0.345509 0.575833 0.349701 0.559167 0.361078 0.555000 0.361078 0.554167 0.359880 0.544167 0.356886 0.535833 0.361677 0.534167 0.365269 0.536667 0.370060 0.546667 0.379042 0.555000 0.384431 0.556667 0.386826 0.562500 0.389222 0.564167 0.391018 0.568333 0.391617 0.572500 0.394012 0.580000 0.395210 0.588333 0.390419 0.590000 0.387425 0.582500 0.377844 0.582500 0.375449 0.600833 0.361677 0.615833 0.348503 0.625833 0.341916 0.635000 0.334132 0.638333 0.332934 0.637500 0.332335 0.649167 0.323952 0.648333 0.323353 0.652500 0.320359 0.653333 0.316168 0.651667 0.312575
3 0.161667 0.408383 0.155000 0.429341 0.165833 0.468263 0.187500 0.477844 0.346667 0.495210 0.642500 0.516766 0.661667 0.528144 0.664167 0.554491 0.672500 0.573653 0.730833 0.578443 0.753333 0.561078 0.772500 0.484431 0.772500 0.426946 0.763333 0.397605 0.746667 0.387425 0.699167 0.385030 0.672500 0.398802 0.626667 0.402395 0.577500 0.397006 0.555833 0.399401 0.378333 0.392814 0.248333 0.380240 0.203333 0.387425 0.170000 0.398802
4 0.822500 0.286826 0.813333 0.307784 0.814167 0.311976 0.811667 0.319760 0.813333 0.327545 0.812500 0.329940 0.815000 0.332934 0.815833 0.337126 0.820000 0.341916 0.830833 0.347305 0.836667 0.347305 0.840000 0.348503 0.848333 0.347305 0.852500 0.344910 0.858333 0.338922 0.857500 0.338323 0.860000 0.335329 0.866667 0.332934 0.870833 0.332934 0.873333 0.334132 0.890833 0.334132 0.892500 0.335329 0.893333 0.334731 0.906667 0.337725 0.911667 0.337126 0.914167 0.338323 0.919167 0.338323 0.920833 0.339521 0.929167 0.339521 0.933333 0.338323 0.936667 0.339521 0.945833 0.339521 0.951667 0.337126 0.957500 0.328144 0.956667 0.326946 0.960000 0.323952 0.959167 0.322755 0.961667 0.317964 0.962500 0.311377 0.961667 0.308383 0.952500 0.302994 0.945000 0.302994 0.936667 0.301198 0.925833 0.301198 0.919167 0.299401 0.913333 0.300000 0.906667 0.298204 0.900833 0.298802 0.898333 0.297605 0.891667 0.297605 0.884167 0.295808 0.874167 0.296407 0.870000 0.293413 0.870000 0.289222 0.865000 0.282036 0.860000 0.277246 0.855000 0.275449 0.836667 0.274251 0.830833 0.277246
3 0.335833 0.345509 0.321667 0.346707 0.305833 0.363473 0.314167 0.377246 0.312500 0.389820 0.309167 0.394012 0.301667 0.397006 0.293333 0.405988 0.277500 0.416766 0.275833 0.422156 0.266667 0.425748 0.250833 0.438323 0.227500 0.461078 0.169167 0.508982 0.155000 0.531737 0.152500 0.546707 0.187500 0.570659 0.204167 0.568263 0.224167 0.555689 0.255000 0.527545 0.381667 0.423952 0.392500 0.422156 0.415833 0.432335 0.425000 0.432335 0.443333 0.418563 0.443333 0.408383 0.423333 0.391018 0.367500 0.358084
