3 0.273333 0.380838 0.255833 0.392216 0.206667 0.438323 0.190000 0.461078 0.190833 0.471257 0.215833 0.483234 0.236667 0.476647 0.245000 0.478443 0.254167 0.477246 0.294167 0.502994 0.303333 0.504192 0.308333 0.510778 0.326667 0.522156 0.360833 0.538922 0.426667 0.578443 0.462500 0.590419 0.487500 0.592216 0.520833 0.565269 0.516667 0.552695 0.499167 0.539521 0.305000 0.427545 0.299167 0.421557 0.299167 0.416168 0.313333 0.398802 0.312500 0.391018 0.290833 0.378443
3 0.223333 0.471856 0.196667 0.491018 0.185833 0.494012 0.173333 0.506587 0.171667 0.528742 0.200833 0.554491 0.510000 0.747904 0.516667 0.761078 0.496667 0.783234 0.489167 0.801796 0.526667 0.825150 0.538333 0.826347 0.558333 0.820359 0.596667 0.797006 0.673333 0.725150 0.696667 0.688024 0.693333 0.679641 0.669167 0.662874 0.647500 0.658084 0.594167 0.676647 0.575000 0.659880 0.557500 0.653892 0.542500 0.637126 0.518333 0.625749 0.511667 0.612575 0.497500 0.610180 0.479167 0.592216 0.410000 0.557485 0.321667 0.495808 0.272500 0.477246
3 0.570833 0.468862 0.553333 0.462275 0.515833 0.465868 0.129167 0.553293 0.113333 0.546108 0.098333 0.516766 0.080833 0.516168 0.044167 0.524551 0.036667 0.538922 0.044167 0.579641 0.090000 0.670659 0.115000 0.690419 0.150833 0.685629 0.165000 0.679042 0.160833 0.649102 0.173333 0.637126 0.363333 0.584431 0.485000 0.559281 0.578333 0.533533 0.588333 0.527545 0.591667 0.519162 0.585000 0.492814
3 0.515833 0.261677 0.472500 0.269461 0.457500 0.268263 0.425000 0.283234 0.385833 0.290419 0.363333 0.301796 0.346667 0.323952 0.352500 0.341317 0.365000 0.355090 0.395833 0.358683 0.412500 0.369461 0.424167 0.400000 0.443333 0.418563 0.482500 0.553892 0.484167 0.577844 0.495833 0.595210 0.513333 0.665868 0.530833 0.691617 0.550000 0.700000 0.567500 0.701198 0.619167 0.682635 0.627500 0.656886 0.613333 0.599401 0.601667 0.577246 0.602500 0.555090 0.593333 0.528144 0.599167 0.519162 0.586667 0.514371 0.580000 0.461677 0.565000 0.434731 0.565833 0.419162 0.577500 0.400599 0.575833 0.392216 0.551667 0.374850 0.548333 0.347904 0.555833 0.335329 0.600000 0.322755 0.609167 0.309581 0.593333 0.271257 0.570000 0.261677
0 0.593333 0.449701 0.588333 0.453892 0.575833 0.473054 0.594167 0.490419 0.625000 0.501198 0.631667 0.505389 0.632500 0.508383 0.638333 0.506587 0.643333 0.507784 0.653333 0.516168 0.655833 0.521557 0.664167 0.520958 0.673333 0.523353 0.688333 0.524551 0.691667 0.527545 0.688333 0.535928 0.688333 0.545509 0.695833 0.549701 0.730000 0.550299 0.743333 0.561078 0.759167 0.567665 0.768333 0.567665 0.776667 0.559880 0.780000 0.552096 0.794167 0.537725 0.796667 0.528144 0.808333 0.516766 0.809167 0.509581 0.804167 0.503593 0.791667 0.499401 0.772500 0.497605 0.759167 0.490419 0.755000 0.480838 0.750833 0.477246 0.741667 0.476647 0.720833 0.486826 0.712500 0.486826 0.702500 0.481437 0.680000 0.475449 0.654167 0.464671 0.640833 0.462275 0.623333 0.452695 0.603333 0.447904
3 0.289167 0.347904 0.267500 0.401198 0.280833 0.420958 0.567500 0.548503 0.680000 0.594012 0.690833 0.605988 0.677500 0.647904 0.691667 0.662874 0.724167 0.675449 0.740000 0.676647 0.770000 0.666467 0.837500 0.593413 0.865000 0.534731 0.866667 0.513174 0.860833 0.502994 0.823333 0.488623 0.762500 0.492216 0.737500 0.476647 0.723333 0.478443 0.698333 0.471257 0.670000 0.456287 0.655000 0.458084 0.630000 0.440120 0.614167 0.442515 0.549167 0.411377 0.518333 0.403593 0.468333 0.373054 0.436667 0.366467 0.406667 0.352096 0.343333 0.339521 0.305000 0.340719
4 0.334167 0.525150 0.313333 0.541317 0.296667 0.565868 0.300000 0.586826 0.310833 0.598204 0.382500 0.636527 0.450833 0.680239 0.478333 0.693413 0.477500 0.743713 0.484167 0.753892 0.527500 0.779641 0.550000 0.775449 0.595000 0.757485 0.649167 0.716168 0.692500 0.661677 0.699167 0.644311 0.699167 0.631138 0.695000 0.619162 0.685000 0.609581 0.657500 0.594012 0.637500 0.588623 0.612500 0.601198 0.576667 0.610778 0.549167 0.598802 0.540000 0.591617 0.529167 0.589222 0.399167 0.514970 0.377500 0.513174
0 0.632500 0.472455 0.612500 0.469461 0.595000 0.481437 0.580833 0.485629 0.568333 0.495808 0.550833 0.502395 0.537500 0.513174 0.511667 0.517964 0.502500 0.524551 0.476667 0.531737 0.455833 0.544910 0.423333 0.547904 0.409167 0.552695 0.399167 0.561078 0.373333 0.570060 0.354167 0.585629 0.338333 0.594012 0.330833 0.601796 0.329167 0.611377 0.339167 0.629341 0.374167 0.664072 0.394167 0.679042 0.410000 0.686826 0.433333 0.686826 0.445833 0.681437 0.459167 0.670659 0.462500 0.649102 0.480000 0.652096 0.487500 0.650299 0.511667 0.651497 0.525833 0.646707 0.530000 0.637725 0.524167 0.615569 0.531667 0.606587 0.577500 0.576647 0.621667 0.555689 0.659167 0.532335 0.672500 0.506587 0.669167 0.500599 0.641667 0.483832
1 0.113333 0.624551 0.115000 0.649102 0.135000 0.666467 0.170000 0.668862 0.202500 0.646108 0.610000 0.694012 0.627500 0.690419 0.653333 0.698204 0.665833 0.695210 0.674167 0.700000 0.701667 0.702994 0.733333 0.699401 0.742500 0.693413 0.750833 0.674850 0.745833 0.661677 0.733333 0.655689 0.712500 0.653293 0.691667 0.644311 0.649167 0.636527 0.540000 0.625150 0.492500 0.625150 0.388333 0.608982 0.284167 0.598204 0.251667 0.598204 0.220000 0.592814 0.200000 0.568862 0.175000 0.559880 0.160833 0.559880 0.135833 0.578443 0.118333 0.605988
3 0.467500 0.534731 0.451667 0.549701 0.446667 0.569461 0.414167 0.807784 0.401667 0.817365 0.363333 0.816766 0.354167 0.828743 0.350833 0.850898 0.358333 0.858683 0.375833 0.865868 0.434167 0.875449 0.534167 0.877844 0.554167 0.872455 0.561667 0.862874 0.564167 0.844311 0.557500 0.832335 0.525000 0.823952 0.517500 0.816766 0.525833 0.762275 0.521667 0.699401 0.540000 0.582635 0.538333 0.545509 0.534167 0.540120 0.512500 0.535928
0 0.371667 0.328144 0.364167 0.331737 0.352500 0.339521 0.351667 0.341916 0.354167 0.345509 0.353333 0.346108 0.381667 0.374850 0.381667 0.376647 0.383333 0.376647 0.388333 0.381437 0.390000 0.385030 0.394167 0.389222 0.392500 0.392216 0.389167 0.394012 0.390000 0.394611 0.384167 0.399401 0.385833 0.403593 0.388333 0.404790 0.396667 0.404192 0.400833 0.407186 0.407500 0.407186 0.409167 0.409581 0.406667 0.410778 0.407500 0.411377 0.405833 0.411976 0.404167 0.414970 0.405833 0.417365 0.405000 0.417964 0.411667 0.425150 0.415833 0.426946 0.420833 0.426347 0.443333 0.414970 0.445833 0.412575 0.455000 0.408383 0.455000 0.407186 0.460833 0.404192 0.463333 0.400599 0.462500 0.397006 0.460833 0.395808 0.461667 0.395210 0.455000 0.388024 0.442500 0.380838 0.442500 0.379042 0.445000 0.377246 0.445000 0.374251 0.439167 0.370659 0.428333 0.373054 0.425833 0.371856 0.415833 0.363473 0.400833 0.347305 0.396667 0.344910 0.382500 0.332335 0.381667 0.332934 0.377500 0.328743
