0 0.520833 0.770060 0.515000 0.761677 0.494167 0.756287 0.474167 0.759281 0.443333 0.772455 0.428333 0.764072 0.407500 0.764072 0.399167 0.768862 0.386667 0.795808 0.377500 0.802395 0.361667 0.802994 0.318333 0.812575 0.281667 0.814970 0.259167 0.820359 0.225000 0.821557 0.189167 0.828144 0.175000 0.836527 0.171667 0.849701 0.177500 0.859281 0.179167 0.879641 0.188333 0.886228 0.211667 0.889222 0.309167 0.876048 0.378333 0.874251 0.391667 0.877245 0.408333 0.876048 0.420000 0.880240 0.429167 0.888024 0.440000 0.890419 0.471667 0.875449 0.486667 0.874850 0.499167 0.878443 0.523333 0.876647 0.536667 0.868263 0.541667 0.860479 0.535000 0.804790
2 0.239167 0.719760 0.231667 0.751497 0.233333 0.853892 0.240833 0.873653 0.263333 0.887425 0.281667 0.889222 0.320000 0.883234 0.329167 0.875449 0.337500 0.851497 0.345000 0.841916 0.383333 0.842515 0.394167 0.840120 0.407500 0.841916 0.417500 0.839521 0.425000 0.841916 0.436667 0.839521 0.450000 0.841916 0.474167 0.838922 0.554167 0.836527 0.574167 0.829940 0.580833 0.816168 0.575833 0.800000 0.578333 0.771257 0.574167 0.756287 0.563333 0.743114 0.540833 0.739521 0.466667 0.737725 0.443333 0.740120 0.389167 0.738323 0.339167 0.740719 0.325833 0.716766 0.310000 0.707784 0.289167 0.705389 0.253333 0.708982
2 0.471667 0.074251 0.345833 0.104192 0.331667 0.110778 0.326667 0.118563 0.332500 0.147904 0.377500 0.230539 0.420000 0.334132 0.419167 0.342515 0.409167 0.353293 0.376667 0.364072 0.360000 0.374850 0.366667 0.414371 0.388333 0.436527 0.414167 0.444910 0.450833 0.434132 0.465833 0.436527 0.508333 0.431138 0.640000 0.398802 0.682500 0.382635 0.697500 0.373653 0.705000 0.362874 0.702500 0.336527 0.694167 0.319162 0.671667 0.297605 0.654167 0.297006 0.625833 0.305389 0.611667 0.305389 0.600000 0.301198 0.588333 0.288623 0.580000 0.258084 0.511667 0.122754 0.500833 0.091018 0.488333 0.078443
2 0.630000 0.360479 0.620833 0.364072 0.621667 0.372455 0.593333 0.410778 0.588333 0.444311 0.581667 0.459281 0.582500 0.479042 0.565000 0.542515 0.558333 0.550299 0.530833 0.550898 0.515833 0.561078 0.508333 0.579641 0.510000 0.607784 0.518333 0.617964 0.535833 0.624551 0.587500 0.630539 0.617500 0.637725 0.672500 0.640120 0.716667 0.646108 0.763333 0.656886 0.783333 0.653892 0.797500 0.631138 0.798333 0.595210 0.790833 0.588024 0.744167 0.575449 0.737500 0.568263 0.750833 0.514970 0.751667 0.491018 0.760000 0.467665 0.758333 0.456287 0.764167 0.447904 0.762500 0.436527 0.774167 0.397605 0.771667 0.377246 0.747500 0.367066 0.695833 0.359880 0.655833 0.358084
2 0.630833 0.229341 0.611667 0.205988 0.600000 0.200000 0.563333 0.194611 0.535000 0.195210 0.515833 0.202395 0.497500 0.229940 0.484167 0.235928 0.424167 0.231138 0.408333 0.234132 0.315000 0.220359 0.293333 0.222156 0.274167 0.216766 0.183333 0.210778 0.174167 0.217964 0.159167 0.303593 0.181667 0.324551 0.203333 0.332335 0.278333 0.336527 0.341667 0.349701 0.395833 0.353892 0.478333 0.370060 0.485000 0.390419 0.474167 0.410778 0.485833 0.425150 0.497500 0.431138 0.552500 0.440719 0.595000 0.426347 0.611667 0.395210 0.630833 0.295808
0 0.611667 0.246108 0.594167 0.254491 0.589167 0.265269 0.610000 0.352695 0.583333 0.373653 0.582500 0.383832 0.585000 0.388024 0.607500 0.400000 0.615000 0.410180 0.605833 0.417964 0.603333 0.423952 0.605833 0.437126 0.611667 0.446108 0.625000 0.452695 0.643333 0.456886 0.657500 0.457485 0.679167 0.455090 0.711667 0.444910 0.722500 0.437725 0.729167 0.423952 0.727500 0.413772 0.711667 0.393413 0.712500 0.384431 0.722500 0.376048 0.722500 0.368862 0.715000 0.357485 0.702500 0.351497 0.686667 0.347904 0.679167 0.338323 0.665000 0.292216 0.663333 0.277246 0.653333 0.254491 0.645833 0.247904 0.637500 0.245509
0 0.765833 0.092216 0.746667 0.090419 0.737500 0.094012 0.727500 0.107186 0.725000 0.123952 0.719167 0.128144 0.705833 0.132335 0.700833 0.138922 0.703333 0.149701 0.715833 0.161078 0.715833 0.168263 0.675833 0.228144 0.668333 0.234731 0.661667 0.250299 0.667500 0.261078 0.695833 0.270060 0.705833 0.269461 0.717500 0.264072 0.758333 0.208383 0.785833 0.189222 0.800000 0.187425 0.811667 0.182635 0.814167 0.170659 0.807500 0.151497 0.810000 0.149701 0.819167 0.149701 0.826667 0.147305 0.834167 0.141916 0.839167 0.134731 0.840000 0.123353 0.832500 0.116168 0.810833 0.105988
0 0.083333 0.862874 0.076667 0.867066 0.058333 0.875449 0.055833 0.879042 0.057500 0.882635 0.063333 0.889222 0.071667 0.894611 0.070000 0.898204 0.070833 0.902994 0.076667 0.905988 0.083333 0.905988 0.087500 0.904790 0.090833 0.905389 0.121667 0.937725 0.130000 0.942515 0.139167 0.940719 0.145833 0.937725 0.149167 0.934731 0.150833 0.930539 0.135833 0.913174 0.131667 0.910180 0.114167 0.891018 0.115833 0.889820 0.116667 0.886826 0.118333 0.886228 0.118333 0.884431 0.120833 0.882635 0.120000 0.877844 0.107500 0.872455 0.096667 0.860479 0.090833 0.860479 0.085833 0.862874
3 0.520833 0.356886 0.440000 0.371257 0.431667 0.397006 0.542500 0.705988 0.532500 0.725150 0.488333 0.734731 0.485000 0.752096 0.495833 0.780240 0.507500 0.786228 0.533333 0.789222 0.603333 0.782635 0.718333 0.756886 0.745833 0.741916 0.749167 0.726347 0.731667 0.695210 0.681667 0.693413 0.667500 0.684431 0.645833 0.618563 0.603333 0.547904 0.546667 0.386228 0.530833 0.362874
3 0.627500 0.205389 0.590833 0.234132 0.580833 0.253892 0.580833 0.270060 0.596667 0.280838 0.606667 0.283234 0.633333 0.274850 0.644167 0.274251 0.746667 0.340120 0.790000 0.371257 0.824167 0.391018 0.840000 0.395210 0.853333 0.395210 0.873333 0.384431 0.883333 0.374850 0.880000 0.362275 0.870833 0.352096 0.697500 0.234731 0.694167 0.229940 0.694167 0.222156 0.701667 0.204192 0.700833 0.200000 0.692500 0.191617 0.681667 0.187425 0.666667 0.189222
2 0.740833 0.117365 0.730000 0.126347 0.727500 0.132934 0.730833 0.140719 0.732500 0.141916 0.731667 0.142515 0.735000 0.146707 0.745000 0.152096 0.748333 0.152096 0.750833 0.153293 0.759167 0.152695 0.763333 0.154491 0.772500 0.164072 0.775833 0.165868 0.786667 0.176647 0.793333 0.181437 0.797500 0.182635 0.807500 0.183234 0.817500 0.179042 0.826667 0.172455 0.826667 0.168862 0.828333 0.167066 0.825833 0.162275 0.810000 0.147904 0.800000 0.137126 0.800000 0.133533 0.804167 0.128144 0.804167 0.125150 0.802500 0.120359 0.800833 0.119162 0.801667 0.118563 0.795833 0.111976 0.789167 0.108383 0.775000 0.106587 0.755833 0.110778
3 0.408333 0.578443 0.368333 0.591018 0.282500 0.638323 0.261667 0.653892 0.249167 0.667665 0.248333 0.674850 0.270000 0.698204 0.329167 0.694611 0.340000 0.712575 0.349167 0.716168 0.359167 0.735928 0.376667 0.747305 0.377500 0.760479 0.390000 0.766467 0.399167 0.782635 0.411667 0.786228 0.420000 0.804790 0.450000 0.828144 0.497500 0.886228 0.520000 0.902395 0.570833 0.921557 0.582500 0.913174 0.612500 0.904192 0.629167 0.892814 0.630000 0.875449 0.569167 0.806587 0.419167 0.650898 0.415833 0.634731 0.441667 0.618563 0.450000 0.607186 0.431667 0.584431 0.421667 0.579042
1 0.072500 0.371856 0.055000 0.397605 0.087500 0.430539 0.750000 0.791018 0.760000 0.807186 0.750833 0.843713 0.775833 0.865269 0.805833 0.862874 0.843333 0.840120 0.924167 0.753892 0.930000 0.736527 0.918333 0.723353 0.880000 0.710180 0.841667 0.731737 0.818333 0.727545 0.621667 0.620359 0.570000 0.582635 0.535000 0.569461 0.148333 0.359281 0.114167 0.352096
0 0.500833 0.720359 0.502500 0.723952 0.501667 0.725748 0.504167 0.731737 0.507500 0.735329 0.506667 0.737126 0.509167 0.740719 0.510000 0.740120 0.510833 0.741317 0.521667 0.741916 0.532500 0.738922 0.535833 0.738922 0.536667 0.740120 0.537500 0.739521 0.541667 0.742515 0.545000 0.741916 0.549167 0.739521 0.551667 0.734132 0.555833 0.731737 0.573333 0.729940 0.574167 0.730539 0.578333 0.729341 0.581667 0.729940 0.584167 0.728743 0.585000 0.729341 0.589167 0.728144 0.600000 0.727545 0.605833 0.724551 0.606667 0.722156 0.604167 0.713772 0.600833 0.710778 0.596667 0.709581 0.554167 0.713174 0.550000 0.712575 0.542500 0.705389 0.535833 0.705389 0.526667 0.713772 0.519167 0.710180 0.509167 0.710180 0.505833 0.710778 0.504167 0.712575 0.501667 0.713174
