3 0.467500 0.331737 0.447500 0.349701 0.450833 0.396407 0.505833 0.531138 0.543333 0.646707 0.549167 0.707784 0.540833 0.716766 0.512500 0.723952 0.500833 0.733533 0.514167 0.769461 0.530833 0.777246 0.573333 0.782635 0.663333 0.773653 0.745000 0.757485 0.770000 0.748503 0.789167 0.734132 0.778333 0.697006 0.763333 0.685030 0.718333 0.689820 0.686667 0.682635 0.662500 0.603593 0.570000 0.359880 0.536667 0.334731
3 0.489167 0.171257 0.450833 0.181437 0.408333 0.200000 0.375833 0.223952 0.375000 0.233533 0.382500 0.246108 0.392500 0.254491 0.413333 0.260479 0.436667 0.260479 0.442500 0.264072 0.537500 0.434132 0.554167 0.455090 0.568333 0.464072 0.586667 0.464072 0.611667 0.455090 0.620833 0.448503 0.628333 0.435928 0.626667 0.422754 0.602500 0.376647 0.584167 0.350898 0.532500 0.250898 0.518333 0.234132 0.533333 0.217365 0.545000 0.209581 0.550000 0.197006 0.537500 0.180240 0.522500 0.179641 0.497500 0.170659
4 0.521667 0.353293 0.502500 0.350898 0.472500 0.360479 0.400833 0.400000 0.374167 0.409581 0.358333 0.422156 0.340833 0.429341 0.331667 0.437126 0.293333 0.417964 0.281667 0.415569 0.273333 0.416168 0.257500 0.422754 0.230000 0.440120 0.226667 0.459880 0.231667 0.475449 0.242500 0.492814 0.285833 0.537725 0.311667 0.557485 0.332500 0.568862 0.370000 0.580240 0.399167 0.565269 0.411667 0.553892 0.414167 0.546108 0.413333 0.522754 0.407500 0.511976 0.409167 0.506587 0.449167 0.486228 0.457500 0.479042 0.466667 0.477246 0.516667 0.452096 0.574167 0.414970 0.575833 0.400599 0.565833 0.384431 0.535833 0.360479
1 0.803333 0.455090 0.773333 0.436527 0.752500 0.435329 0.728333 0.444910 0.720000 0.456287 0.731667 0.480838 0.717500 0.493413 0.070833 0.725748 0.047500 0.752695 0.067500 0.791018 0.083333 0.798204 0.127500 0.791018 0.222500 0.752695 0.771667 0.557485 0.783333 0.556886 0.813333 0.579641 0.850000 0.572455 0.859167 0.565269 0.860000 0.549102
1 0.756667 0.312575 0.741667 0.296407 0.692500 0.298802 0.119167 0.425748 0.109167 0.422156 0.088333 0.400000 0.058333 0.402994 0.047500 0.407186 0.040833 0.429341 0.060833 0.491617 0.075833 0.517365 0.102500 0.525748 0.125000 0.520958 0.135000 0.514970 0.133333 0.494611 0.145000 0.486228 0.247500 0.458683 0.585833 0.388623 0.733333 0.353892 0.758333 0.340719 0.761667 0.328743
2 0.125000 0.501796 0.098333 0.525150 0.078333 0.564072 0.084167 0.594611 0.102500 0.610180 0.148333 0.631138 0.280000 0.676048 0.321667 0.694611 0.329167 0.738323 0.343333 0.753892 0.372500 0.771257 0.423333 0.781437 0.457500 0.776048 0.500833 0.759880 0.534167 0.725150 0.552500 0.696407 0.580000 0.629341 0.583333 0.610180 0.579167 0.588623 0.553333 0.564671 0.532500 0.552695 0.486667 0.540120 0.449167 0.542515 0.391667 0.561677 0.180000 0.488623 0.154167 0.489222
0 0.584167 0.314371 0.565833 0.319760 0.558333 0.327545 0.557500 0.337126 0.571667 0.370659 0.566667 0.377246 0.567500 0.389820 0.550000 0.401198 0.544167 0.410180 0.550833 0.420958 0.583333 0.429940 0.594167 0.437725 0.592500 0.465269 0.596667 0.493413 0.593333 0.525150 0.599167 0.546108 0.591667 0.564671 0.595833 0.591617 0.603333 0.602994 0.619167 0.607186 0.672500 0.607186 0.698333 0.571257 0.700000 0.551497 0.695833 0.526347 0.705000 0.514970 0.695833 0.506587 0.703333 0.490419 0.713333 0.481437 0.694167 0.439521 0.700000 0.432934 0.716667 0.431737 0.737500 0.425150 0.745000 0.411377 0.737500 0.401198 0.727500 0.396407 0.725833 0.385629 0.715833 0.374251 0.731667 0.355090 0.733333 0.327545 0.725000 0.317365 0.674167 0.317964 0.644167 0.314371 0.608333 0.319162
0 0.546667 0.531737 0.545000 0.531737 0.542500 0.529940 0.536667 0.529940 0.532500 0.531737 0.487500 0.561078 0.486667 0.560479 0.482500 0.563473 0.477500 0.562874 0.469167 0.558683 0.465000 0.559281 0.461667 0.562874 0.461667 0.568263 0.460000 0.568263 0.460000 0.569461 0.454167 0.573653 0.453333 0.573054 0.450833 0.574251 0.448333 0.573653 0.443333 0.574850 0.438333 0.578443 0.438333 0.581437 0.436667 0.583832 0.441667 0.586826 0.440833 0.587425 0.443333 0.588024 0.442500 0.588623 0.445833 0.591018 0.445833 0.592216 0.450833 0.595210 0.450000 0.595808 0.459167 0.601198 0.460833 0.603593 0.464167 0.605389 0.463333 0.605988 0.465000 0.605988 0.470833 0.611377 0.472500 0.611976 0.475000 0.610778 0.479167 0.610778 0.485000 0.607186 0.488333 0.601796 0.494167 0.597605 0.499167 0.596407 0.504167 0.597006 0.506667 0.595210 0.508333 0.591617 0.503333 0.582635 0.505833 0.580838 0.506667 0.578443 0.521667 0.568263 0.523333 0.568263 0.527500 0.564671 0.528333 0.565269 0.534167 0.561677 0.541667 0.555090 0.542500 0.555689 0.555000 0.547305 0.557500 0.542515 0.553333 0.539521 0.554167 0.538922 0.551667 0.535329
0 0.624167 0.304790 0.620000 0.305389 0.618333 0.307186 0.617500 0.306587 0.597500 0.322755 0.590833 0.326946 0.588333 0.329940 0.579167 0.335928 0.569167 0.332335 0.564167 0.332934 0.562500 0.334132 0.562500 0.336527 0.564167 0.338323 0.562500 0.341916 0.563333 0.346108 0.560833 0.347305 0.559167 0.346108 0.558333 0.346707 0.554167 0.345509 0.545833 0.350299 0.544167 0.352695 0.545000 0.355689 0.560833 0.366467 0.562500 0.366467 0.574167 0.373653 0.579167 0.374850 0.581667 0.374251 0.591667 0.367665 0.596667 0.360479 0.598333 0.359880 0.600833 0.361078 0.604167 0.359880 0.605833 0.358084 0.605833 0.355689 0.602500 0.352096 0.602500 0.349701 0.606667 0.346707 0.605833 0.346108 0.625000 0.331737 0.625000 0.330539 0.630833 0.326347 0.630833 0.325150 0.639167 0.317365 0.639167 0.313174 0.634167 0.309581 0.632500 0.309581
3 0.655000 0.521557 0.640000 0.514970 0.615000 0.519760 0.609167 0.526946 0.611667 0.552695 0.586667 0.554491 0.569167 0.559880 0.479167 0.574850 0.463333 0.579641 0.381667 0.594611 0.352500 0.603593 0.344167 0.610180 0.342500 0.616766 0.344167 0.628144 0.353333 0.645509 0.361667 0.650898 0.381667 0.652695 0.415000 0.646108 0.441667 0.644910 0.510000 0.629940 0.525833 0.628743 0.602500 0.613772 0.619167 0.608383 0.635000 0.608982 0.654167 0.629341 0.686667 0.623952 0.691667 0.615569 0.686667 0.589222
1 0.150833 0.104192 0.126667 0.122156 0.116667 0.137725 0.113333 0.153892 0.130000 0.173054 0.149167 0.183234 0.191667 0.176048 0.210000 0.179641 0.274167 0.242515 0.330833 0.283832 0.336667 0.295808 0.353333 0.300599 0.360833 0.317365 0.373333 0.322755 0.413333 0.367665 0.595000 0.530539 0.630000 0.553892 0.657500 0.583832 0.694167 0.595210 0.734167 0.585030 0.745000 0.559880 0.739167 0.540120 0.290833 0.134132 0.306667 0.091018 0.287500 0.070060 0.261667 0.064671 0.220833 0.071856
0 0.625000 0.574251 0.610000 0.568263 0.600833 0.568862 0.591667 0.572455 0.567500 0.598204 0.557500 0.599401 0.546667 0.606587 0.530833 0.604192 0.517500 0.605389 0.510000 0.614970 0.519167 0.635329 0.518333 0.643114 0.471667 0.672455 0.435833 0.691018 0.419167 0.704790 0.395833 0.713174 0.375833 0.728144 0.371667 0.735329 0.373333 0.741916 0.404167 0.771257 0.449167 0.764671 0.475000 0.750898 0.489167 0.739521 0.497500 0.737126 0.505000 0.738323 0.505833 0.731138 0.510000 0.728144 0.526667 0.723952 0.541667 0.723353 0.570000 0.692216 0.577500 0.691617 0.587500 0.698802 0.605000 0.705389 0.621667 0.701796 0.626667 0.692814 0.625833 0.685629 0.635000 0.679042 0.635833 0.673054 0.641667 0.667066 0.665000 0.665868 0.691667 0.652096 0.696667 0.641317 0.684167 0.628144 0.668333 0.617365 0.658333 0.603593 0.635000 0.589820
