3 0.869167 0.301796 0.831667 0.267665 0.805000 0.256886 0.772500 0.268263 0.752500 0.286228 0.748333 0.308383 0.751667 0.320958 0.729167 0.334731 0.705000 0.341317 0.659167 0.363473 0.638333 0.366467 0.623333 0.376048 0.603333 0.379641 0.588333 0.389820 0.506667 0.418563 0.487500 0.429341 0.471667 0.432335 0.372500 0.477844 0.360833 0.495808 0.379167 0.525748 0.410000 0.547904 0.430000 0.551497 0.451667 0.548503 0.491667 0.536527 0.643333 0.474850 0.789167 0.423353 0.832500 0.414371 0.871667 0.437725 0.907500 0.428144 0.925000 0.417365 0.926667 0.394611 0.909167 0.355689
3 0.704167 0.304192 0.699167 0.282635 0.690833 0.274850 0.675000 0.269461 0.632500 0.272455 0.622500 0.277844 0.608333 0.304192 0.590833 0.309581 0.550000 0.302994 0.467500 0.302395 0.455000 0.298204 0.380000 0.292216 0.334167 0.292814 0.274167 0.283832 0.195833 0.282036 0.186667 0.283832 0.172500 0.294012 0.160000 0.338323 0.165000 0.349102 0.180833 0.359281 0.246667 0.368862 0.292500 0.364072 0.360000 0.370659 0.380833 0.369461 0.415000 0.377246 0.462500 0.376048 0.515000 0.383234 0.545833 0.383234 0.582500 0.397605 0.587500 0.419760 0.596667 0.433533 0.630000 0.439521 0.650000 0.433533 0.670833 0.413772 0.676667 0.390419 0.695833 0.354491
0 0.713333 0.158683 0.594167 0.180240 0.582500 0.184431 0.574167 0.202395 0.584167 0.223952 0.598333 0.238922 0.592500 0.271257 0.615833 0.283234 0.647500 0.309581 0.647500 0.338323 0.656667 0.347904 0.656667 0.357485 0.668333 0.379042 0.669167 0.392216 0.698333 0.436527 0.707500 0.461078 0.723333 0.468263 0.736667 0.468862 0.775833 0.461677 0.787500 0.453892 0.791667 0.444910 0.782500 0.397605 0.771667 0.378443 0.773333 0.362874 0.762500 0.347305 0.762500 0.332934 0.752500 0.313772 0.753333 0.300000 0.745833 0.282635 0.748333 0.266467 0.772500 0.256886 0.781667 0.247305 0.782500 0.235928 0.760000 0.220958 0.755833 0.214371 0.756667 0.184431 0.747500 0.165269 0.731667 0.159281
3 0.778333 0.213772 0.770833 0.213772 0.766667 0.214970 0.735833 0.236527 0.725833 0.241916 0.715833 0.250299 0.705833 0.255689 0.686667 0.270060 0.684167 0.270659 0.679167 0.268862 0.678333 0.267665 0.669167 0.265269 0.663333 0.265868 0.656667 0.270060 0.655833 0.275449 0.660000 0.283234 0.679167 0.297605 0.680833 0.300000 0.684167 0.300599 0.689167 0.304192 0.690000 0.303593 0.695833 0.305988 0.701667 0.306587 0.705833 0.305389 0.712500 0.300599 0.712500 0.295808 0.706667 0.289222 0.707500 0.285030 0.716667 0.280838 0.730833 0.269461 0.738333 0.265868 0.786667 0.231737 0.789167 0.228144 0.790000 0.222156 0.787500 0.219162
4 0.569167 0.475449 0.497500 0.512575 0.480833 0.526946 0.479167 0.536527 0.490000 0.552695 0.525833 0.583234 0.533333 0.600599 0.558333 0.628743 0.615000 0.683832 0.617500 0.691617 0.583333 0.717365 0.580000 0.733533 0.591667 0.748503 0.610833 0.764072 0.619167 0.767665 0.631667 0.767665 0.655833 0.761078 0.731667 0.725150 0.777500 0.698204 0.810000 0.672455 0.824167 0.647305 0.820000 0.635329 0.788333 0.607186 0.744167 0.620958 0.732500 0.620359 0.725833 0.608383 0.703333 0.600000 0.691667 0.580838 0.669167 0.562275 0.658333 0.557485 0.652500 0.545509 0.589167 0.484431
3 0.922500 0.440719 0.905833 0.405389 0.886667 0.378443 0.865000 0.360479 0.843333 0.356287 0.811667 0.365269 0.800000 0.380838 0.795000 0.401198 0.787500 0.407186 0.618333 0.435329 0.471667 0.465269 0.438333 0.480240 0.434167 0.492814 0.435833 0.505389 0.453333 0.528144 0.470000 0.536527 0.496667 0.537725 0.780833 0.487425 0.821667 0.475449 0.844167 0.492216 0.857500 0.508383 0.885000 0.510180 0.908333 0.501198 0.911667 0.486228 0.922500 0.476647 0.927500 0.464671
1 0.355833 0.255090 0.332500 0.264072 0.254167 0.280240 0.230000 0.289222 0.215833 0.304192 0.230000 0.323952 0.264167 0.322755 0.277500 0.329940 0.493333 0.726946 0.505833 0.742515 0.526667 0.751497 0.544167 0.747904 0.572500 0.733533 0.574167 0.714371 0.355000 0.316168 0.353333 0.297605 0.383333 0.283234 0.379167 0.264671 0.370000 0.256886
0 0.434167 0.047305 0.413333 0.047904 0.369167 0.056287 0.357500 0.066467 0.350833 0.079042 0.388333 0.225749 0.387500 0.229940 0.376667 0.237126 0.356667 0.243713 0.351667 0.256287 0.355833 0.265868 0.374167 0.281437 0.387500 0.287425 0.371667 0.294611 0.365000 0.301198 0.363333 0.308383 0.370000 0.330539 0.375833 0.336527 0.386667 0.339521 0.418333 0.337126 0.521667 0.319162 0.540833 0.310778 0.546667 0.281437 0.556667 0.267665 0.554167 0.258084 0.543333 0.250898 0.540833 0.241916 0.528333 0.228144 0.500000 0.208982 0.499167 0.195210 0.492500 0.180240 0.467500 0.074251 0.447500 0.053892
3 0.093333 0.191018 0.082500 0.213772 0.081667 0.231737 0.087500 0.242515 0.102500 0.253892 0.135833 0.265868 0.252500 0.291617 0.424167 0.338922 0.459167 0.343114 0.467500 0.388024 0.500000 0.402395 0.517500 0.402395 0.560833 0.382635 0.581667 0.349102 0.597500 0.289820 0.595000 0.258683 0.580833 0.244311 0.540833 0.238323 0.506667 0.250898 0.492500 0.264072 0.477500 0.264671 0.285000 0.213174 0.151667 0.182036 0.110000 0.180838
4 0.705000 0.258084 0.697500 0.246108 0.686667 0.238922 0.665000 0.233533 0.638333 0.232934 0.632500 0.233533 0.617500 0.243713 0.605000 0.264671 0.596667 0.268263 0.575000 0.264072 0.549167 0.264671 0.504167 0.259880 0.449167 0.257485 0.425833 0.259880 0.406667 0.269461 0.395000 0.287425 0.393333 0.314371 0.402500 0.326347 0.418333 0.331737 0.428333 0.332335 0.453333 0.341916 0.515000 0.342515 0.543333 0.347305 0.574167 0.348503 0.588333 0.355090 0.593333 0.367665 0.610833 0.381437 0.623333 0.387425 0.664167 0.390419 0.675833 0.385030 0.693333 0.365269 0.706667 0.333533 0.711667 0.283832
0 0.593333 0.600000 0.576667 0.606587 0.571667 0.611377 0.568333 0.620958 0.576667 0.643114 0.585833 0.653293 0.592500 0.667665 0.600000 0.674850 0.626667 0.718563 0.623333 0.728144 0.615000 0.733533 0.606667 0.749102 0.610000 0.758683 0.616667 0.765269 0.635000 0.773653 0.641667 0.788024 0.650833 0.797006 0.664167 0.805389 0.677500 0.808982 0.700000 0.807784 0.747500 0.794611 0.765000 0.783234 0.770833 0.768862 0.760000 0.748503 0.749167 0.740120 0.755000 0.728144 0.750000 0.714371 0.734167 0.706587 0.702500 0.704192 0.695833 0.699401 0.645000 0.618563 0.630833 0.601796 0.617500 0.596407
3 0.349167 0.689820 0.339167 0.707784 0.337500 0.719162 0.344167 0.733533 0.357500 0.742515 0.423333 0.767066 0.457500 0.776048 0.604167 0.831138 0.631667 0.837126 0.637500 0.858084 0.637500 0.876647 0.645833 0.883832 0.670833 0.890419 0.686667 0.882036 0.712500 0.877245 0.739167 0.843713 0.753333 0.808982 0.755833 0.771257 0.749167 0.765269 0.715833 0.756287 0.690000 0.762275 0.670833 0.774850 0.660833 0.774252 0.420000 0.688623 0.381667 0.679641 0.367500 0.679641
0 0.083333 0.550299 0.075833 0.580838 0.087500 0.596407 0.101667 0.601796 0.135833 0.605389 0.152500 0.610778 0.178333 0.610778 0.202500 0.619162 0.224167 0.617964 0.247500 0.624551 0.272500 0.625150 0.293333 0.631737 0.320000 0.634731 0.335000 0.641916 0.339167 0.663473 0.347500 0.671856 0.358333 0.676048 0.393333 0.667066 0.412500 0.670659 0.436667 0.680239 0.465000 0.682036 0.478333 0.673653 0.487500 0.660479 0.500000 0.617365 0.499167 0.600599 0.507500 0.581437 0.506667 0.565868 0.489167 0.553293 0.458333 0.550898 0.430833 0.553892 0.392500 0.537126 0.366667 0.548503 0.345833 0.550898 0.321667 0.558084 0.302500 0.549701 0.284167 0.546108 0.269167 0.548503 0.260000 0.544910 0.245833 0.545509 0.190833 0.538323 0.136667 0.540120 0.104167 0.536527 0.090000 0.542515
0 0.425833 0.644910 0.425000 0.646707 0.411667 0.655090 0.405833 0.662275 0.406667 0.663473 0.405000 0.664671 0.405000 0.666467 0.407500 0.668263 0.406667 0.668862 0.409167 0.670659 0.409167 0.672455 0.411667 0.673054 0.414167 0.675449 0.427500 0.680239 0.430000 0.684431 0.428333 0.685629 0.428333 0.688623 0.431667 0.692814 0.436667 0.693413 0.439167 0.692216 0.440000 0.692814 0.443333 0.691617 0.447500 0.691617 0.449167 0.690419 0.453333 0.691617 0.454167 0.691018 0.461667 0.697006 0.465000 0.698204 0.464167 0.698802 0.467500 0.701198 0.470833 0.702395 0.470000 0.702994 0.474167 0.705389 0.473333 0.705988 0.483333 0.711976 0.482500 0.712575 0.487500 0.715569 0.488333 0.717365 0.490833 0.718563 0.490000 0.719162 0.492500 0.719760 0.497500 0.723952 0.505833 0.726347 0.510833 0.723952 0.514167 0.723952 0.516667 0.722156 0.517500 0.722754 0.525833 0.715569 0.525833 0.711377 0.521667 0.705389 0.511667 0.698802 0.512500 0.698204 0.507500 0.695210 0.508333 0.694611 0.503333 0.691617 0.501667 0.689222 0.496667 0.686826 0.496667 0.685629 0.483333 0.676647 0.484167 0.676048 0.480833 0.674850 0.480000 0.670659 0.484167 0.659880 0.479167 0.654491 0.472500 0.652695 0.469167 0.650299 0.469167 0.648503 0.465000 0.646707 0.465833 0.646108 0.463333 0.644910 0.461667 0.641916 0.452500 0.637126 0.441667 0.637126 0.440833 0.638323 0.438333 0.638323 0.435000 0.641317 0.434167 0.640719 0.432500 0.642515 0.428333 0.643713 0.426667 0.645509
