1 0.893333 0.412575 0.860833 0.373653 0.848333 0.367066 0.828333 0.368862 0.798333 0.378443 0.798333 0.402994 0.785000 0.413174 0.355833 0.514371 0.335000 0.514970 0.320833 0.522156 0.178333 0.551497 0.111667 0.570659 0.094167 0.585629 0.099167 0.605988 0.113333 0.629940 0.139167 0.634731 0.815000 0.485629 0.845000 0.509581 0.876667 0.509581 0.899167 0.502395 0.908333 0.485030
0 0.562500 0.101796 0.546667 0.113174 0.526667 0.135329 0.521667 0.157485 0.535000 0.176647 0.580000 0.201796 0.582500 0.209581 0.576667 0.222156 0.581667 0.231737 0.600000 0.243713 0.620000 0.247305 0.645000 0.245509 0.663333 0.249102 0.760833 0.338922 0.783333 0.350898 0.810833 0.350898 0.835000 0.341916 0.851667 0.324551 0.849167 0.303593 0.745000 0.202994 0.745000 0.194611 0.752500 0.186228 0.759167 0.164671 0.755000 0.153293 0.738333 0.144311 0.705000 0.140719 0.679167 0.132335 0.675833 0.126946 0.677500 0.111976 0.669167 0.101796 0.667500 0.093413 0.650000 0.083832 0.624167 0.081437 0.599167 0.085030
3 0.337500 0.274251 0.286667 0.277844 0.207500 0.295210 0.182500 0.305988 0.174167 0.326347 0.184167 0.352096 0.193333 0.356886 0.225000 0.361078 0.240000 0.371257 0.254167 0.402994 0.254167 0.420359 0.264167 0.440719 0.273333 0.488623 0.290000 0.526347 0.301667 0.600000 0.318333 0.655090 0.329167 0.675449 0.347500 0.682036 0.405833 0.675449 0.420833 0.668263 0.424167 0.660479 0.421667 0.597006 0.400000 0.525748 0.361667 0.360479 0.368333 0.347904 0.415833 0.331138 0.419167 0.316168 0.414167 0.297006 0.403333 0.285030 0.368333 0.276048
0 0.858333 0.342515 0.848333 0.336527 0.842500 0.335928 0.830833 0.339521 0.813333 0.353293 0.802500 0.354491 0.795000 0.358683 0.780000 0.355090 0.770000 0.355090 0.763333 0.362275 0.765833 0.373054 0.763333 0.383832 0.744167 0.390419 0.721667 0.401198 0.691667 0.410778 0.679167 0.418563 0.660833 0.421557 0.637500 0.432934 0.634167 0.437725 0.635000 0.444311 0.651667 0.467665 0.665833 0.468862 0.685833 0.467665 0.706667 0.461078 0.722500 0.452695 0.734167 0.453293 0.739167 0.446707 0.752500 0.444910 0.765833 0.446108 0.772500 0.438922 0.790833 0.426347 0.795833 0.425150 0.816667 0.439521 0.830000 0.438323 0.835000 0.432934 0.836667 0.426347 0.845000 0.422156 0.850833 0.414970 0.856667 0.413772 0.866667 0.416168 0.891667 0.408982 0.899167 0.401796 0.892500 0.390419 0.883333 0.381437 0.877500 0.368263 0.863333 0.356287
1 0.040833 0.764671 0.041667 0.814371 0.048333 0.824551 0.064167 0.829341 0.097500 0.831138 0.111667 0.811976 0.130833 0.806587 0.752500 0.898802 0.805833 0.902994 0.825833 0.895808 0.833333 0.881437 0.838333 0.851497 0.820833 0.840120 0.156667 0.736527 0.148333 0.729341 0.144167 0.705988 0.118333 0.694611 0.094167 0.692814 0.074167 0.705389
0 0.452500 0.776048 0.459167 0.808982 0.465000 0.819162 0.467500 0.833533 0.471667 0.839521 0.484167 0.843114 0.502500 0.838323 0.515000 0.832934 0.531667 0.832934 0.545000 0.838922 0.553333 0.838323 0.559167 0.835329 0.563333 0.828743 0.565833 0.817964 0.572500 0.814371 0.612500 0.806587 0.620000 0.807186 0.629167 0.804192 0.638333 0.804192 0.654167 0.799401 0.675833 0.798802 0.698333 0.792814 0.703333 0.787425 0.702500 0.774850 0.697500 0.760479 0.669167 0.754491 0.655000 0.754491 0.627500 0.759880 0.620000 0.759281 0.613333 0.756287 0.609167 0.762874 0.595000 0.761677 0.584167 0.758683 0.577500 0.763473 0.558333 0.768263 0.553333 0.767066 0.539167 0.753892 0.525833 0.754491 0.517500 0.762275 0.500833 0.770060 0.485833 0.766467 0.479167 0.766467 0.475000 0.768263 0.460833 0.769461
3 0.803333 0.202994 0.767500 0.189820 0.745833 0.199401 0.682500 0.212575 0.614167 0.249701 0.530833 0.279042 0.500833 0.284431 0.453333 0.308982 0.399167 0.322156 0.357500 0.339521 0.308333 0.341317 0.253333 0.311377 0.220000 0.316168 0.200000 0.336527 0.189167 0.367665 0.210000 0.410180 0.215000 0.437725 0.260833 0.501796 0.278333 0.514970 0.305000 0.524551 0.335833 0.519162 0.368333 0.501198 0.373333 0.489222 0.365000 0.454491 0.374167 0.440719 0.426667 0.426347 0.475833 0.402395 0.520000 0.387425 0.534167 0.388024 0.551667 0.377246 0.619167 0.356287 0.662500 0.335928 0.737500 0.315569 0.808333 0.287425 0.825000 0.277246 0.833333 0.260479
3 0.762500 0.697605 0.741667 0.668263 0.714167 0.640120 0.682500 0.620958 0.663333 0.620958 0.631667 0.634132 0.621667 0.653293 0.619167 0.670060 0.609167 0.678443 0.456667 0.720958 0.301667 0.768862 0.268333 0.788623 0.265000 0.795808 0.269167 0.810180 0.295000 0.832335 0.312500 0.840120 0.333333 0.840719 0.415000 0.819761 0.454167 0.805389 0.633333 0.759281 0.664167 0.747904 0.686667 0.758683 0.707500 0.774850 0.742500 0.771257 0.760000 0.761078 0.760833 0.750898 0.768333 0.740120 0.771667 0.722754
0 0.432500 0.323353 0.413333 0.326347 0.376667 0.361078 0.325000 0.444311 0.310000 0.449102 0.284167 0.447904 0.274167 0.452695 0.269167 0.464671 0.275833 0.482635 0.265833 0.490419 0.253333 0.492216 0.235000 0.515569 0.234167 0.524551 0.243333 0.535928 0.298333 0.557485 0.354167 0.573054 0.370000 0.573653 0.381667 0.568263 0.396667 0.548503 0.400000 0.526347 0.410833 0.521557 0.425000 0.520359 0.433333 0.513174 0.435833 0.501796 0.410833 0.479042 0.406667 0.471257 0.415833 0.464671 0.419167 0.454491 0.474167 0.374251 0.482500 0.352695 0.480000 0.345509 0.469167 0.336527
2 0.236667 0.801198 0.220833 0.820958 0.220000 0.825749 0.217500 0.828743 0.216667 0.836527 0.220833 0.847305 0.239167 0.859281 0.253333 0.862874 0.262500 0.862874 0.275000 0.860479 0.283333 0.856287 0.289167 0.856886 0.311667 0.865269 0.323333 0.867665 0.345833 0.876048 0.347500 0.875449 0.355000 0.877844 0.367500 0.874850 0.372500 0.874850 0.380833 0.868263 0.390833 0.850299 0.386667 0.839521 0.380833 0.837126 0.380833 0.835928 0.322500 0.816168 0.317500 0.810778 0.318333 0.805988 0.315833 0.798204 0.304167 0.789222 0.285833 0.782635 0.281667 0.783234 0.276667 0.782036 0.270833 0.783832 0.269167 0.783234 0.265833 0.785030 0.261667 0.785030 0.252500 0.789222 0.242500 0.795808 0.240000 0.800000 0.237500 0.801796
2 0.676667 0.747904 0.646667 0.790419 0.625833 0.841317 0.620833 0.868862 0.631667 0.885030 0.658333 0.894611 0.681667 0.897006 0.694167 0.892814 0.706667 0.879042 0.716667 0.879042 0.777500 0.891018 0.788333 0.896407 0.796667 0.896407 0.813333 0.902994 0.830833 0.904790 0.842500 0.910778 0.861667 0.913772 0.880000 0.921557 0.896667 0.922156 0.906667 0.918563 0.930833 0.871257 0.929167 0.861677 0.922500 0.853293 0.908333 0.844910 0.864167 0.832335 0.850833 0.824551 0.808333 0.816168 0.790000 0.807186 0.753333 0.796407 0.743333 0.788623 0.744167 0.777844 0.750833 0.765868 0.742500 0.752695 0.715833 0.743114 0.690000 0.742515
3 0.545000 0.335928 0.513333 0.344311 0.492500 0.370659 0.410833 0.610180 0.402500 0.649701 0.388333 0.660479 0.345000 0.664072 0.329167 0.670060 0.317500 0.685030 0.313333 0.705389 0.341667 0.727545 0.390833 0.746707 0.477500 0.761078 0.524167 0.759880 0.558333 0.749102 0.571667 0.738922 0.577500 0.710180 0.532500 0.685030 0.523333 0.674251 0.603333 0.424551 0.614167 0.367066 0.606667 0.350898 0.594167 0.343713
2 0.436667 0.295210 0.388333 0.310180 0.339167 0.338922 0.322500 0.354491 0.320833 0.368263 0.335000 0.391617 0.430000 0.491617 0.476667 0.530539 0.480000 0.543713 0.446667 0.580240 0.459167 0.605389 0.497500 0.635928 0.511667 0.632934 0.585833 0.595210 0.631667 0.578443 0.722500 0.532335 0.738333 0.514970 0.737500 0.497006 0.710833 0.464671 0.692500 0.455090 0.673333 0.453293 0.630833 0.465269 0.615000 0.465269 0.592500 0.429341 0.510833 0.345509 0.460833 0.300599
3 0.190000 0.318563 0.156667 0.325150 0.137500 0.325749 0.061667 0.344311 0.038333 0.353892 0.030833 0.363473 0.045000 0.394611 0.054167 0.397006 0.085000 0.392216 0.100833 0.395808 0.118333 0.461677 0.177500 0.628743 0.183333 0.638922 0.200833 0.650898 0.218333 0.651497 0.272500 0.641916 0.280000 0.619162 0.210833 0.414371 0.192500 0.378443 0.196667 0.371856 0.225000 0.364072 0.235000 0.355689 0.225833 0.324551 0.212500 0.319162
0 0.132500 0.503593 0.120000 0.513772 0.118333 0.526946 0.134167 0.543114 0.185000 0.576647 0.211667 0.597006 0.211667 0.604192 0.207500 0.609581 0.207500 0.625150 0.215833 0.633533 0.240833 0.638922 0.253333 0.649102 0.270833 0.656886 0.294167 0.658683 0.309167 0.653293 0.344167 0.630539 0.353333 0.617365 0.351667 0.604192 0.334167 0.590419 0.321667 0.585629 0.320000 0.571856 0.310000 0.563473 0.289167 0.561078 0.267500 0.566467 0.260833 0.564671 0.179167 0.507186 0.161667 0.497605 0.147500 0.496407
4 0.121667 0.555090 0.115000 0.555090 0.108333 0.559880 0.108333 0.562275 0.105833 0.565269 0.104167 0.570659 0.101667 0.573054 0.101667 0.575449 0.099167 0.577844 0.097500 0.583234 0.093333 0.588623 0.092500 0.592814 0.090000 0.594611 0.082500 0.594611 0.073333 0.597006 0.070833 0.599401 0.067500 0.605988 0.069167 0.610180 0.077500 0.616168 0.079167 0.616168 0.080833 0.617964 0.086667 0.620359 0.102500 0.624551 0.104167 0.625749 0.123333 0.625749 0.131667 0.620958 0.134167 0.616168 0.134167 0.612575 0.132500 0.610180 0.124167 0.604790 0.124167 0.601198 0.127500 0.595808 0.129167 0.589820 0.134167 0.584431 0.135833 0.578443 0.138333 0.576647 0.138333 0.572455 0.140000 0.570659 0.140833 0.565868 0.140000 0.563473 0.137500 0.561677
0 0.617500 0.169461 0.595833 0.174850 0.581667 0.181437 0.570000 0.201796 0.604167 0.258683 0.615833 0.270659 0.622500 0.285629 0.620833 0.297006 0.625833 0.320958 0.618333 0.327545 0.614167 0.346108 0.624167 0.353892 0.661667 0.368862 0.656667 0.374251 0.654167 0.390419 0.663333 0.406587 0.676667 0.414371 0.695000 0.415569 0.710000 0.413772 0.731667 0.407784 0.743333 0.401198 0.768333 0.394012 0.802500 0.373054 0.806667 0.360479 0.796667 0.343713 0.769167 0.324551 0.777500 0.305389 0.775000 0.297605 0.760833 0.289222 0.725833 0.286228 0.711667 0.279042 0.701667 0.259281 0.681667 0.235928 0.660833 0.203593 0.658333 0.194611 0.638333 0.173653
