4 0.631667 0.220359 0.618333 0.198802 0.604167 0.186228 0.582500 0.180240 0.530000 0.180240 0.519167 0.182635 0.510000 0.194012 0.500833 0.229940 0.491667 0.238922 0.425000 0.231737 0.363333 0.234731 0.229167 0.231737 0.207500 0.235928 0.194167 0.243713 0.186667 0.271856 0.192500 0.328743 0.205833 0.344910 0.250000 0.358683 0.300833 0.357485 0.328333 0.361078 0.433333 0.352695 0.485000 0.356287 0.500000 0.362275 0.507500 0.392814 0.520833 0.404790 0.555833 0.416168 0.606667 0.414371 0.615833 0.410778 0.631667 0.383234 0.641667 0.332335 0.640833 0.265269
4 0.764167 0.409581 0.736667 0.408383 0.696667 0.416766 0.599167 0.456287 0.476667 0.494012 0.463333 0.495210 0.453333 0.491617 0.450000 0.476647 0.421667 0.458084 0.407500 0.453892 0.375833 0.462275 0.344167 0.476048 0.341667 0.491617 0.357500 0.539521 0.381667 0.570659 0.425000 0.645509 0.460000 0.674850 0.481667 0.679641 0.540833 0.657485 0.538333 0.638323 0.522500 0.612575 0.530000 0.600000 0.546667 0.589820 0.656667 0.551497 0.760833 0.520359 0.809167 0.498802 0.806667 0.482635 0.790833 0.459281 0.784167 0.435928
1 0.681667 0.324551 0.536667 0.353892 0.516667 0.365868 0.514167 0.385030 0.525000 0.401796 0.561667 0.402994 0.572500 0.414371 0.601667 0.502395 0.602500 0.522754 0.616667 0.544910 0.742500 0.914970 0.780000 0.961677 0.795833 0.967665 0.815000 0.967066 0.863333 0.952096 0.865000 0.918563 0.684167 0.387425 0.689167 0.380240 0.736667 0.361078 0.722500 0.328743
1 0.939167 0.707186 0.921667 0.683234 0.895000 0.679042 0.865833 0.681437 0.166667 0.823952 0.152500 0.817964 0.125833 0.791617 0.091667 0.795210 0.077500 0.800599 0.067500 0.823952 0.072500 0.864072 0.086667 0.902994 0.105833 0.934132 0.134167 0.944910 0.169167 0.938323 0.180833 0.930539 0.178333 0.905389 0.187500 0.895808 0.904167 0.750299 0.938333 0.731138
0 0.410000 0.429341 0.385000 0.469461 0.415000 0.495210 0.431667 0.502994 0.485000 0.517964 0.494167 0.529341 0.508333 0.524551 0.530833 0.536527 0.538333 0.546707 0.553333 0.544311 0.593333 0.550898 0.600000 0.556287 0.595833 0.562275 0.593333 0.583234 0.611667 0.595210 0.641667 0.589820 0.653333 0.592814 0.670000 0.591617 0.685833 0.606587 0.712500 0.617964 0.727500 0.621557 0.744167 0.618563 0.759167 0.588623 0.779167 0.564072 0.786667 0.540719 0.801667 0.525748 0.802500 0.513174 0.787500 0.501796 0.731667 0.495210 0.710833 0.483832 0.695833 0.462275 0.679167 0.461078 0.644167 0.480838 0.628333 0.482635 0.612500 0.475449 0.565833 0.464072 0.525000 0.449701 0.500000 0.445509 0.468333 0.431138 0.428333 0.423952
3 0.732500 0.365868 0.678333 0.325749 0.644167 0.307784 0.609167 0.295210 0.577500 0.292216 0.551667 0.308383 0.545000 0.317365 0.544167 0.328144 0.556667 0.361677 0.553333 0.370659 0.405000 0.467066 0.270000 0.563473 0.257500 0.580838 0.258333 0.594012 0.267500 0.604790 0.283333 0.616168 0.306667 0.624551 0.322500 0.626946 0.343333 0.623952 0.421667 0.578443 0.513333 0.513772 0.616667 0.447904 0.643333 0.425748 0.655000 0.423952 0.694167 0.438922 0.714167 0.438323 0.745000 0.420958 0.750000 0.412575 0.739167 0.398204 0.738333 0.373653
0 0.709167 0.649701 0.682500 0.653892 0.673333 0.660479 0.665000 0.686228 0.665833 0.717964 0.662500 0.732934 0.664167 0.756287 0.656667 0.762874 0.631667 0.773653 0.623333 0.783234 0.621667 0.797605 0.635833 0.823353 0.629167 0.849102 0.636667 0.870060 0.646667 0.877844 0.681667 0.887425 0.703333 0.888623 0.735000 0.885030 0.748333 0.880838 0.757500 0.874251 0.765000 0.854491 0.760833 0.828144 0.776667 0.812575 0.780833 0.798204 0.775833 0.784431 0.768333 0.776048 0.740833 0.759281 0.744167 0.677844 0.740000 0.664072 0.728333 0.653293
3 0.525000 0.608982 0.515833 0.608383 0.509167 0.609581 0.501667 0.616168 0.501667 0.622755 0.505833 0.626347 0.512500 0.627545 0.517500 0.631138 0.518333 0.634731 0.513333 0.640719 0.510000 0.655689 0.505833 0.661677 0.505000 0.668263 0.502500 0.670060 0.501667 0.675449 0.496667 0.683832 0.496667 0.688024 0.493333 0.691617 0.490833 0.701796 0.487500 0.705988 0.485833 0.711976 0.484167 0.712575 0.480000 0.724551 0.480833 0.731737 0.483333 0.734132 0.500000 0.740120 0.509167 0.740120 0.519167 0.728144 0.522500 0.717964 0.525833 0.713772 0.526667 0.706587 0.531667 0.699401 0.535833 0.686228 0.539167 0.681437 0.539167 0.677844 0.541667 0.676048 0.542500 0.671257 0.548333 0.661677 0.549167 0.656287 0.553333 0.651497 0.555000 0.644311 0.559167 0.640719 0.570833 0.641317 0.577500 0.640120 0.582500 0.635329 0.584167 0.628743 0.577500 0.623353 0.570833 0.621557 0.566667 0.618563 0.565000 0.619162 0.556667 0.615569 0.548333 0.614371 0.547500 0.613174 0.540833 0.613174
0 0.249167 0.721557 0.245000 0.744910 0.243333 0.786826 0.253333 0.793413 0.286667 0.794611 0.304167 0.805389 0.319167 0.805988 0.327500 0.801198 0.335833 0.802395 0.344167 0.797006 0.353333 0.797006 0.358333 0.789820 0.367500 0.788623 0.381667 0.794012 0.389167 0.792216 0.394167 0.793413 0.405000 0.792216 0.428333 0.798802 0.446667 0.798204 0.455833 0.805389 0.480000 0.805389 0.493333 0.799401 0.500833 0.791617 0.507500 0.766467 0.506667 0.763473 0.493333 0.755689 0.447500 0.752096 0.385000 0.741317 0.344167 0.738922 0.339167 0.737126 0.333333 0.718563 0.318333 0.714371 0.305833 0.723353 0.296667 0.722156 0.286667 0.717964 0.260000 0.715569
3 0.163333 0.410778 0.132500 0.447904 0.138333 0.464671 0.205000 0.515569 0.228333 0.527545 0.242500 0.544311 0.269167 0.561078 0.274167 0.573054 0.288333 0.572455 0.333333 0.611976 0.368333 0.629940 0.379167 0.644311 0.382500 0.660479 0.390000 0.666467 0.422500 0.671257 0.443333 0.688024 0.450000 0.704790 0.424167 0.732335 0.426667 0.747305 0.467500 0.771856 0.495833 0.770659 0.537500 0.749701 0.583333 0.718563 0.595833 0.696407 0.622500 0.674251 0.632500 0.652695 0.630000 0.632934 0.610833 0.619760 0.590000 0.613772 0.561667 0.622755 0.540833 0.620958 0.507500 0.600599 0.480833 0.594012 0.340833 0.497605 0.321667 0.479042 0.303333 0.472455 0.231667 0.419760 0.198333 0.405389 0.174167 0.406587
0 0.330000 0.580838 0.320000 0.591018 0.320000 0.600000 0.330833 0.643114 0.329167 0.652096 0.333333 0.661078 0.332500 0.673054 0.340833 0.680239 0.342500 0.705988 0.349167 0.721557 0.338333 0.729940 0.323333 0.733533 0.311667 0.744311 0.330000 0.758084 0.341667 0.773054 0.337500 0.793413 0.342500 0.813174 0.351667 0.818563 0.358333 0.819162 0.422500 0.808982 0.453333 0.808383 0.470833 0.805389 0.475000 0.797006 0.474167 0.787425 0.464167 0.768263 0.451667 0.756886 0.455833 0.747305 0.466667 0.738323 0.469167 0.726946 0.461667 0.720958 0.429167 0.718563 0.425000 0.715569 0.420833 0.690419 0.410000 0.658084 0.412500 0.646707 0.405833 0.633533 0.400833 0.598204 0.390833 0.585030 0.376667 0.578443 0.348333 0.577246
0 0.205833 0.355090 0.201667 0.358084 0.195833 0.359880 0.187500 0.365868 0.185833 0.368263 0.186667 0.368862 0.185000 0.370060 0.185833 0.372455 0.188333 0.374251 0.188333 0.375449 0.192500 0.378443 0.196667 0.379641 0.200000 0.382635 0.200000 0.388623 0.203333 0.392814 0.206667 0.394012 0.220000 0.393413 0.226667 0.400599 0.232500 0.404790 0.235000 0.408383 0.238333 0.410180 0.243333 0.416168 0.250833 0.420359 0.256667 0.420359 0.257500 0.419162 0.263333 0.417365 0.266667 0.414371 0.266667 0.408982 0.265000 0.408383 0.265833 0.407784 0.262500 0.405389 0.260000 0.401198 0.255833 0.398204 0.255833 0.397006 0.254167 0.396407 0.239167 0.380838 0.241667 0.371856 0.240000 0.371257 0.240000 0.368263 0.231667 0.364072 0.225833 0.355689 0.217500 0.351497 0.208333 0.355090
4 0.757500 0.168862 0.749167 0.167665 0.734167 0.172455 0.693333 0.198204 0.592500 0.279042 0.547500 0.264072 0.533333 0.270659 0.506667 0.292814 0.510833 0.308982 0.519167 0.320958 0.570000 0.360479 0.629167 0.394611 0.668333 0.404790 0.678333 0.402395 0.699167 0.388623 0.710000 0.376048 0.685833 0.333533 0.754167 0.281437 0.757500 0.275449 0.764167 0.273054 0.770833 0.265269 0.800000 0.245509 0.822500 0.222156 0.821667 0.214970 0.805833 0.198204 0.779167 0.179042
