3 0.291667 0.185629 0.208333 0.232934 0.190000 0.246108 0.177500 0.265269 0.196667 0.281437 0.206667 0.285629 0.216667 0.285629 0.240000 0.272455 0.259167 0.276647 0.275833 0.292814 0.330000 0.333533 0.384167 0.383832 0.449167 0.434731 0.471667 0.448503 0.490833 0.450898 0.503333 0.447904 0.529167 0.435329 0.540000 0.426347 0.542500 0.416766 0.538333 0.408982 0.435000 0.320958 0.384167 0.283234 0.380000 0.275449 0.332500 0.232335 0.329167 0.223353 0.347500 0.202395 0.339167 0.190419 0.321667 0.178443
2 0.504167 0.210180 0.480000 0.205389 0.422500 0.207784 0.388333 0.214371 0.375000 0.220958 0.365833 0.234132 0.361667 0.266467 0.370833 0.313174 0.368333 0.349102 0.378333 0.374251 0.378333 0.444910 0.371667 0.458683 0.363333 0.463473 0.322500 0.468862 0.310000 0.474252 0.302500 0.486826 0.299167 0.508383 0.310833 0.537725 0.334167 0.555689 0.418333 0.562874 0.476667 0.558084 0.560000 0.544311 0.603333 0.532934 0.636667 0.503593 0.640000 0.473653 0.624167 0.446707 0.610833 0.437725 0.572500 0.431138 0.559167 0.420359 0.551667 0.398802 0.547500 0.346707 0.538333 0.330539 0.538333 0.307784 0.530000 0.290419 0.535000 0.269461 0.524167 0.249102 0.525000 0.226347
0 0.889167 0.306587 0.893333 0.248503 0.890833 0.238922 0.886667 0.236527 0.857500 0.236527 0.845833 0.229940 0.833333 0.228743 0.820000 0.229341 0.802500 0.234731 0.792500 0.233533 0.785000 0.234731 0.776667 0.232335 0.765000 0.234132 0.750833 0.231737 0.729167 0.232934 0.720833 0.230539 0.711667 0.231737 0.688333 0.229940 0.664167 0.234132 0.653333 0.238922 0.649167 0.243713 0.645000 0.268263 0.647500 0.273653 0.661667 0.280838 0.686667 0.281437 0.728333 0.286228 0.746667 0.286228 0.755000 0.288623 0.774167 0.289222 0.784167 0.291617 0.797500 0.291617 0.804167 0.295210 0.810000 0.310778 0.820000 0.314970 0.832500 0.308383 0.840000 0.307186 0.847500 0.308383 0.860000 0.314371 0.877500 0.314371 0.885000 0.312575
2 0.537500 0.334132 0.482500 0.348503 0.458333 0.374850 0.456667 0.412575 0.497500 0.445509 0.489167 0.473054 0.457500 0.523952 0.455833 0.540719 0.440000 0.562874 0.439167 0.575449 0.418333 0.596407 0.414167 0.619760 0.398333 0.641916 0.407500 0.661677 0.425833 0.674251 0.479167 0.691018 0.512500 0.697006 0.540833 0.691617 0.570000 0.665868 0.597500 0.612575 0.620833 0.585030 0.630000 0.556287 0.679167 0.489820 0.700000 0.479042 0.744167 0.488024 0.759167 0.487425 0.774167 0.478443 0.795000 0.456287 0.800000 0.432335 0.798333 0.416168 0.790833 0.404790 0.719167 0.370060 0.658333 0.353293
4 0.507500 0.587425 0.477500 0.597006 0.445000 0.613772 0.392500 0.650299 0.365000 0.676048 0.350000 0.701796 0.347500 0.713174 0.352500 0.725748 0.374167 0.744910 0.398333 0.758084 0.417500 0.757485 0.450833 0.740719 0.463333 0.739521 0.475000 0.744910 0.489167 0.759281 0.606667 0.842515 0.636667 0.853892 0.653333 0.853892 0.700000 0.837126 0.725833 0.813174 0.728333 0.795210 0.704167 0.764072 0.640000 0.723353 0.614167 0.700599 0.575000 0.674251 0.572500 0.665868 0.584167 0.650898 0.585833 0.638922 0.581667 0.616766 0.564167 0.600000 0.533333 0.582635
0 0.065000 0.048503 0.049167 0.054491 0.040000 0.060479 0.035833 0.068263 0.055000 0.102395 0.064167 0.110180 0.082500 0.132335 0.092500 0.140120 0.099167 0.149701 0.108333 0.156886 0.106667 0.164671 0.095000 0.176647 0.095833 0.183832 0.102500 0.189820 0.119167 0.192216 0.123333 0.194611 0.125833 0.201796 0.122500 0.207784 0.135833 0.225150 0.144167 0.229940 0.157500 0.229940 0.197500 0.213772 0.231667 0.194611 0.241667 0.185030 0.240833 0.178443 0.230000 0.164671 0.210000 0.153293 0.210000 0.146707 0.214167 0.141317 0.212500 0.134132 0.202500 0.127545 0.173333 0.130539 0.164167 0.129341 0.160833 0.122156 0.153333 0.116766 0.095833 0.053892 0.080833 0.046108
0 0.761667 0.395210 0.739167 0.398802 0.723333 0.405988 0.694167 0.428144 0.683333 0.453892 0.682500 0.471856 0.683333 0.481437 0.693333 0.501198 0.704167 0.512575 0.709167 0.516168 0.718333 0.518563 0.725000 0.524551 0.735000 0.546108 0.745000 0.551497 0.764167 0.558084 0.775000 0.558084 0.787500 0.555689 0.805000 0.545509 0.815000 0.520359 0.831667 0.510180 0.833333 0.506587 0.841667 0.499401 0.845833 0.488024 0.847500 0.468862 0.845000 0.452096 0.838333 0.439521 0.831667 0.431138 0.820833 0.422156 0.817500 0.416766 0.809167 0.410778 0.805833 0.405389 0.794167 0.398204 0.785833 0.396407
3 0.366667 0.176647 0.357500 0.176647 0.330833 0.202395 0.244167 0.401198 0.233333 0.440120 0.226667 0.444311 0.191667 0.440719 0.177500 0.444910 0.163333 0.475449 0.171667 0.485030 0.190000 0.494012 0.252500 0.510180 0.329167 0.521557 0.350833 0.521557 0.363333 0.517365 0.376667 0.485629 0.371667 0.479042 0.339167 0.470060 0.327500 0.459880 0.360833 0.396407 0.388333 0.324551 0.423333 0.254491 0.436667 0.214970 0.427500 0.194611 0.396667 0.183234
4 0.742500 0.219760 0.722500 0.204192 0.705000 0.200000 0.630833 0.213772 0.626667 0.221557 0.632500 0.267665 0.625000 0.276647 0.606667 0.276048 0.590833 0.282635 0.541667 0.288024 0.489167 0.302395 0.466667 0.302395 0.349167 0.323353 0.323333 0.334132 0.320000 0.348503 0.333333 0.394611 0.348333 0.423952 0.364167 0.441317 0.387500 0.447904 0.420833 0.438323 0.484167 0.429341 0.506667 0.429940 0.554167 0.414371 0.617500 0.402395 0.633333 0.403593 0.649167 0.396407 0.665833 0.398802 0.683333 0.410180 0.720000 0.443713 0.745000 0.449102 0.807500 0.436527 0.820833 0.408383 0.814167 0.356287 0.775833 0.262874
0 0.877500 0.679042 0.865833 0.647904 0.855833 0.638323 0.836667 0.629341 0.815833 0.625150 0.798333 0.625150 0.773333 0.632335 0.750833 0.622755 0.731667 0.619162 0.703333 0.624551 0.682500 0.637126 0.659167 0.658084 0.628333 0.661078 0.487500 0.661677 0.469167 0.667665 0.455833 0.683234 0.455000 0.697605 0.461667 0.716168 0.472500 0.726946 0.483333 0.730539 0.528333 0.732934 0.608333 0.730539 0.671667 0.732335 0.677500 0.734132 0.685833 0.752096 0.696667 0.759880 0.733333 0.765868 0.770000 0.754491 0.820833 0.757485 0.840000 0.753892 0.860000 0.741916 0.870000 0.722754
3 0.517500 0.515569 0.502500 0.531737 0.488333 0.555689 0.500000 0.570060 0.515000 0.577844 0.750833 0.650898 0.822500 0.678443 0.831667 0.685629 0.826667 0.696407 0.825000 0.721557 0.835000 0.727545 0.865000 0.736527 0.880000 0.731138 0.920000 0.675449 0.946667 0.624551 0.950000 0.606587 0.945000 0.595808 0.917500 0.585629 0.900833 0.585030 0.885000 0.604790 0.869167 0.614371 0.576667 0.519162 0.550000 0.512575 0.527500 0.511976
3 0.674167 0.089222 0.663333 0.073054 0.654167 0.068263 0.619167 0.070659 0.601667 0.077246 0.604167 0.105988 0.595000 0.119760 0.530000 0.120958 0.270833 0.142515 0.203333 0.150898 0.188333 0.156287 0.182500 0.162275 0.180833 0.190419 0.185833 0.214371 0.191667 0.219760 0.210833 0.223952 0.243333 0.225150 0.416667 0.208982 0.611667 0.196407 0.637500 0.237725 0.690000 0.234731 0.696667 0.226347 0.687500 0.137126
3 0.495000 0.091018 0.405833 0.123952 0.360833 0.149102 0.336667 0.172455 0.340000 0.186826 0.365833 0.210778 0.398333 0.216766 0.424167 0.211976 0.436667 0.219760 0.450833 0.243713 0.616667 0.453892 0.654167 0.488623 0.672500 0.490419 0.710000 0.476647 0.740833 0.456886 0.745000 0.441916 0.740833 0.423952 0.549167 0.165269 0.550833 0.153892 0.579167 0.133533 0.580833 0.118563 0.564167 0.096407 0.543333 0.086228 0.518333 0.086228
