0 0.356667 0.341317 0.309167 0.349701 0.285833 0.356287 0.270833 0.363473 0.264167 0.376048 0.267500 0.386826 0.274167 0.395808 0.296667 0.404192 0.278333 0.430539 0.279167 0.440719 0.288333 0.446108 0.313333 0.449701 0.321667 0.457485 0.323333 0.464671 0.339167 0.491617 0.347500 0.522156 0.361667 0.552096 0.385000 0.567066 0.392500 0.567665 0.416667 0.558084 0.435833 0.555689 0.445000 0.545509 0.437500 0.533533 0.436667 0.521557 0.430833 0.514970 0.428333 0.499401 0.420833 0.491018 0.424167 0.473653 0.419167 0.464671 0.419167 0.448503 0.411667 0.434731 0.419167 0.411976 0.418333 0.404790 0.412500 0.397006 0.410833 0.379641 0.400000 0.364072 0.395833 0.352096 0.389167 0.344910 0.378333 0.341317
0 0.200000 0.744910 0.190000 0.753293 0.191667 0.758084 0.223333 0.782635 0.224167 0.784431 0.219167 0.789820 0.220833 0.794012 0.225833 0.792814 0.230000 0.794611 0.235000 0.794012 0.236667 0.795210 0.234167 0.798802 0.235000 0.801796 0.240000 0.805988 0.245833 0.805988 0.269167 0.789222 0.270833 0.786826 0.268333 0.783234 0.269167 0.782635 0.262500 0.777844 0.255000 0.774850 0.255000 0.770060 0.251667 0.768263 0.246667 0.770060 0.242500 0.770060 0.215833 0.750898 0.205000 0.744910
1 0.366667 0.107186 0.325833 0.125150 0.312500 0.145509 0.330833 0.180240 0.380000 0.183832 0.395833 0.200599 0.562500 0.889222 0.581667 0.904790 0.602500 0.910180 0.636667 0.907784 0.672500 0.896407 0.684167 0.869461 0.526667 0.185629 0.533333 0.170659 0.583333 0.152695 0.590000 0.136527 0.580000 0.108383 0.542500 0.094012 0.455000 0.095210
2 0.395000 0.555090 0.377500 0.555689 0.332500 0.565868 0.288333 0.581437 0.280833 0.591617 0.281667 0.607784 0.287500 0.617964 0.292500 0.647305 0.309167 0.679042 0.313333 0.700599 0.323333 0.720958 0.322500 0.730539 0.332500 0.750898 0.325000 0.765868 0.300833 0.768862 0.280000 0.783832 0.282500 0.802994 0.291667 0.823952 0.315000 0.838323 0.362500 0.834132 0.394167 0.828144 0.503333 0.798204 0.525000 0.788623 0.539167 0.768862 0.537500 0.750898 0.521667 0.729341 0.509167 0.723952 0.484167 0.728743 0.470000 0.712575 0.449167 0.676048 0.427500 0.623952 0.420833 0.616766 0.410000 0.573054 0.401667 0.559281
1 0.199167 0.557485 0.189167 0.580240 0.215833 0.601796 0.290000 0.631737 0.300000 0.640120 0.335000 0.649701 0.572500 0.758683 0.774167 0.842515 0.786667 0.858683 0.785833 0.883832 0.802500 0.897605 0.812500 0.899401 0.831667 0.892216 0.850833 0.873653 0.905000 0.801796 0.907500 0.786228 0.867500 0.769461 0.839167 0.789820 0.824167 0.789222 0.585000 0.689222 0.540000 0.664671 0.268333 0.547904 0.230000 0.539521 0.214167 0.544311
0 0.790833 0.795808 0.778333 0.801796 0.776667 0.804192 0.777500 0.806587 0.800000 0.836527 0.801667 0.837126 0.807500 0.844910 0.809167 0.845509 0.804167 0.853293 0.805000 0.857485 0.808333 0.862275 0.810000 0.862275 0.810833 0.863473 0.813333 0.862874 0.816667 0.864671 0.816667 0.866467 0.823333 0.874850 0.825833 0.876048 0.832500 0.876048 0.855833 0.866467 0.859167 0.863473 0.863333 0.861677 0.865000 0.858084 0.854167 0.844311 0.853333 0.835928 0.850000 0.833533 0.845833 0.832335 0.840000 0.832335 0.835833 0.833533 0.831667 0.831737 0.802500 0.798204 0.797500 0.796407 0.796667 0.795210 0.792500 0.796407
0 0.559167 0.155689 0.556667 0.134132 0.552500 0.123952 0.544167 0.115569 0.525833 0.108383 0.504167 0.104790 0.465000 0.104790 0.441667 0.088623 0.419167 0.083832 0.385833 0.088623 0.349167 0.111976 0.238333 0.101198 0.221667 0.097605 0.190000 0.098204 0.169167 0.107186 0.159167 0.128144 0.164167 0.147904 0.180000 0.158084 0.206667 0.165269 0.265833 0.170060 0.299167 0.176647 0.331667 0.177844 0.342500 0.186228 0.355833 0.208383 0.371667 0.217365 0.395833 0.220359 0.438333 0.212575 0.485000 0.222156 0.518333 0.218563 0.531667 0.211377 0.546667 0.193413 0.554167 0.179042
4 0.408333 0.324551 0.395833 0.331138 0.388333 0.343114 0.390000 0.441916 0.395000 0.491018 0.386667 0.498802 0.340000 0.513772 0.335833 0.524551 0.338333 0.552695 0.356667 0.564671 0.373333 0.571257 0.411667 0.576647 0.474167 0.576048 0.517500 0.572455 0.557500 0.564072 0.570000 0.556886 0.578333 0.546707 0.579167 0.519162 0.574167 0.510180 0.530000 0.494012 0.518333 0.482635 0.511667 0.453293 0.512500 0.429940 0.507500 0.398802 0.510833 0.390419 0.508333 0.350898 0.502500 0.332335 0.489167 0.325749 0.468333 0.322755 0.437500 0.321557
3 0.561667 0.356287 0.552500 0.381437 0.555833 0.391018 0.568333 0.401796 0.592500 0.404790 0.626667 0.389820 0.654167 0.403593 0.670833 0.408383 0.695000 0.421557 0.708333 0.425150 0.740833 0.443114 0.770833 0.453293 0.831667 0.482635 0.841667 0.489820 0.859167 0.494012 0.878333 0.494611 0.890000 0.488623 0.911667 0.464671 0.909167 0.452695 0.873333 0.432934 0.851667 0.423353 0.826667 0.417365 0.803333 0.405389 0.790000 0.401796 0.746667 0.375449 0.729167 0.371856 0.719167 0.364671 0.708333 0.361677 0.687500 0.350299 0.675000 0.338922 0.680000 0.314371 0.677500 0.306587 0.669167 0.301796 0.643333 0.301198 0.620833 0.305988 0.601667 0.325150 0.580833 0.335928 0.569167 0.351497
0 0.821667 0.614371 0.819167 0.605389 0.805000 0.598802 0.789167 0.598204 0.763333 0.601198 0.743333 0.594611 0.727500 0.580838 0.713333 0.583234 0.692500 0.602395 0.682500 0.604790 0.671667 0.601796 0.633333 0.599401 0.597500 0.593413 0.576667 0.593413 0.550833 0.586826 0.526667 0.586228 0.516667 0.587425 0.506667 0.594012 0.498333 0.625749 0.528333 0.641916 0.545000 0.645509 0.585000 0.649102 0.595000 0.656287 0.605000 0.651497 0.621667 0.656287 0.631667 0.663473 0.641667 0.659880 0.673333 0.659281 0.679167 0.662874 0.678333 0.673653 0.681667 0.684431 0.699167 0.690419 0.720000 0.682036 0.729167 0.683234 0.740000 0.680239 0.755833 0.689222 0.778333 0.694611 0.790833 0.695210 0.802500 0.688623 0.805000 0.666467 0.815000 0.644311 0.814167 0.627545
1 0.629167 0.216168 0.607500 0.208383 0.581667 0.219760 0.215000 0.527545 0.180833 0.513174 0.164167 0.520359 0.153333 0.529341 0.153333 0.540120 0.178333 0.562275 0.235833 0.595808 0.264167 0.605389 0.277500 0.604192 0.297500 0.588024 0.294167 0.579042 0.275000 0.561078 0.535000 0.347904 0.645000 0.252096 0.651667 0.232934
3 0.262500 0.392216 0.220833 0.426946 0.215000 0.449701 0.233333 0.473653 0.271667 0.488024 0.320000 0.476048 0.339167 0.479641 0.370000 0.515569 0.434167 0.572455 0.441667 0.587425 0.464167 0.603593 0.624167 0.762874 0.653333 0.777844 0.674167 0.778443 0.748333 0.743713 0.754167 0.719760 0.706667 0.667665 0.665833 0.643114 0.601667 0.580240 0.574167 0.544910 0.516667 0.498802 0.471667 0.452695 0.465000 0.420958 0.493333 0.380838 0.479167 0.352695 0.450833 0.341916 0.408333 0.338922 0.363333 0.357485 0.322500 0.366467
0 0.347500 0.537126 0.328333 0.563473 0.322500 0.591617 0.315000 0.608383 0.315833 0.622755 0.327500 0.632934 0.345000 0.638323 0.370000 0.640120 0.382500 0.653293 0.389167 0.655689 0.397500 0.655689 0.406667 0.651497 0.417500 0.650299 0.426667 0.643114 0.436667 0.643713 0.450000 0.651497 0.463333 0.652695 0.479167 0.664671 0.500000 0.671856 0.590833 0.692814 0.620833 0.691018 0.634167 0.684431 0.642500 0.676647 0.646667 0.667066 0.658333 0.653293 0.655833 0.639521 0.637500 0.629341 0.599167 0.621557 0.579167 0.613772 0.555000 0.609581 0.504167 0.593413 0.486667 0.591018 0.458333 0.580838 0.452500 0.575449 0.457500 0.565868 0.458333 0.551497 0.413333 0.554491 0.396667 0.538323 0.385000 0.533533 0.362500 0.532335
2 0.730833 0.331737 0.677500 0.328743 0.606667 0.331737 0.470000 0.346707 0.434167 0.356287 0.413333 0.377246 0.411667 0.404192 0.425000 0.436527 0.443333 0.447305 0.505833 0.454491 0.514167 0.461677 0.515833 0.495210 0.523333 0.504192 0.521667 0.515569 0.528333 0.529341 0.529167 0.565868 0.550833 0.634731 0.555000 0.667066 0.574167 0.686826 0.596667 0.690419 0.626667 0.683832 0.700000 0.678443 0.725000 0.670659 0.739167 0.659880 0.742500 0.631138 0.725000 0.538323 0.720833 0.483832 0.707500 0.437126 0.753333 0.418563 0.767500 0.402395 0.769167 0.376647 0.754167 0.343713
3 0.167500 0.150299 0.135000 0.252096 0.142500 0.277246 0.174167 0.282036 0.190833 0.279641 0.196667 0.275449 0.203333 0.253892 0.213333 0.248503 0.226667 0.246707 0.259167 0.253892 0.337500 0.261677 0.438333 0.280838 0.469167 0.282635 0.534167 0.293413 0.578333 0.295210 0.593333 0.290419 0.605000 0.279042 0.617500 0.241916 0.613333 0.234132 0.599167 0.227545 0.423333 0.200000 0.346667 0.192216 0.331667 0.186826 0.248333 0.171856 0.237500 0.165269 0.232500 0.137126 0.214167 0.131138 0.186667 0.129341
