1 0.750000 0.222754 0.714167 0.205389 0.693333 0.213772 0.254167 0.588024 0.231667 0.600000 0.190833 0.590419 0.177500 0.595210 0.156667 0.622156 0.179167 0.652096 0.266667 0.697605 0.305000 0.703593 0.319167 0.697006 0.339167 0.676048 0.323333 0.651497 0.327500 0.633533 0.756667 0.259880 0.766667 0.240719
0 0.492500 0.541317 0.484167 0.522754 0.474167 0.516168 0.441667 0.508982 0.387500 0.508383 0.379167 0.506587 0.361667 0.495808 0.335833 0.492814 0.322500 0.495808 0.303333 0.505389 0.292500 0.520359 0.275833 0.526946 0.103333 0.517964 0.084167 0.520359 0.070833 0.529940 0.059167 0.564072 0.067500 0.582036 0.086667 0.589222 0.277500 0.601198 0.286667 0.605988 0.310000 0.632934 0.326667 0.639521 0.351667 0.641317 0.390833 0.628743 0.416667 0.632934 0.451667 0.634132 0.465833 0.629940 0.475833 0.620958 0.485833 0.597605
2 0.459167 0.070060 0.450833 0.075449 0.441667 0.098802 0.437500 0.182635 0.420833 0.280838 0.415833 0.288024 0.402500 0.294611 0.369167 0.295210 0.350000 0.299401 0.335000 0.334731 0.342500 0.359880 0.360833 0.373653 0.394167 0.373054 0.407500 0.379641 0.448333 0.386228 0.580833 0.393413 0.634167 0.387425 0.645000 0.380838 0.657500 0.355689 0.659167 0.337126 0.650833 0.316168 0.635000 0.310778 0.598333 0.307784 0.588333 0.300000 0.585833 0.288623 0.594167 0.257485 0.602500 0.185030 0.605000 0.125150 0.611667 0.097605 0.607500 0.083832 0.585833 0.074251 0.480000 0.068263
2 0.419167 0.222754 0.402500 0.221557 0.383333 0.225749 0.363333 0.240120 0.355833 0.256287 0.355833 0.265269 0.370000 0.277246 0.370833 0.283234 0.355833 0.300599 0.348333 0.320359 0.319167 0.352096 0.312500 0.364072 0.302500 0.370659 0.296667 0.380838 0.280833 0.394611 0.275833 0.404192 0.277500 0.414371 0.345833 0.443114 0.370000 0.439521 0.392500 0.421557 0.454167 0.354491 0.485000 0.327545 0.498333 0.323952 0.514167 0.332335 0.535833 0.334731 0.547500 0.329341 0.566667 0.310180 0.570000 0.292216 0.558333 0.279042 0.510833 0.254491
4 0.769167 0.052695 0.740833 0.049102 0.703333 0.061078 0.690833 0.083234 0.689167 0.105389 0.685833 0.109581 0.666667 0.111377 0.606667 0.126946 0.595833 0.127545 0.490833 0.154491 0.479167 0.168862 0.478333 0.181437 0.490833 0.212575 0.509167 0.231737 0.525833 0.237725 0.560000 0.234731 0.670833 0.208982 0.701667 0.204192 0.731667 0.195210 0.745000 0.202994 0.762500 0.224551 0.773333 0.230539 0.809167 0.223952 0.828333 0.217365 0.840833 0.204790 0.846667 0.170659 0.840833 0.144311 0.817500 0.102395
2 0.494167 0.265868 0.439167 0.302994 0.410000 0.331138 0.381667 0.369461 0.350833 0.446108 0.355833 0.459281 0.400000 0.488623 0.453333 0.504790 0.493333 0.501796 0.534167 0.480838 0.544167 0.480240 0.651667 0.519162 0.685833 0.535928 0.772500 0.559880 0.799167 0.556287 0.845833 0.531737 0.864167 0.516168 0.889167 0.480838 0.884167 0.452695 0.859167 0.431138 0.807500 0.413772 0.777500 0.397006 0.653333 0.355090 0.645833 0.347305 0.640000 0.297006 0.609167 0.273653 0.554167 0.256287 0.528333 0.256886
2 0.311667 0.343114 0.306667 0.362874 0.310000 0.413772 0.340000 0.497605 0.372500 0.523353 0.407500 0.532934 0.453333 0.534731 0.499167 0.523952 0.518333 0.514970 0.543333 0.494611 0.552500 0.481437 0.565000 0.476048 0.620000 0.476647 0.800833 0.467665 0.827500 0.447305 0.834167 0.435928 0.841667 0.404790 0.829167 0.359880 0.813333 0.345509 0.783333 0.333533 0.730000 0.329341 0.593333 0.334731 0.531667 0.333533 0.519167 0.326347 0.500833 0.302395 0.483333 0.291018 0.426667 0.281437 0.370833 0.290419 0.340000 0.311377
3 0.375833 0.547305 0.355000 0.555689 0.360000 0.597605 0.369167 0.602395 0.426667 0.608982 0.435000 0.612575 0.436667 0.665868 0.464167 0.929940 0.477500 0.952096 0.495833 0.959880 0.535000 0.962874 0.574167 0.959281 0.590000 0.953293 0.599167 0.943114 0.601667 0.929940 0.596667 0.915569 0.591667 0.806587 0.577500 0.736527 0.572500 0.646707 0.563333 0.614970 0.570000 0.605988 0.608333 0.602395 0.624167 0.595808 0.625000 0.553892 0.601667 0.541916 0.552500 0.537126
3 0.815833 0.158084 0.792500 0.161078 0.775000 0.174251 0.741667 0.221557 0.703333 0.296407 0.647500 0.384431 0.604167 0.429940 0.593333 0.432934 0.570000 0.426946 0.555000 0.429341 0.539167 0.458084 0.562500 0.483832 0.619167 0.508383 0.694167 0.532335 0.717500 0.535329 0.740833 0.533533 0.751667 0.521557 0.760000 0.505389 0.758333 0.492216 0.727500 0.479641 0.710833 0.464072 0.749167 0.406587 0.790000 0.330539 0.810000 0.303593 0.862500 0.211976 0.858333 0.185030 0.830000 0.170060
3 0.509167 0.711377 0.504167 0.700599 0.488333 0.685629 0.455000 0.683832 0.445000 0.691617 0.440000 0.710180 0.430000 0.713772 0.198333 0.708982 0.167500 0.711377 0.155000 0.715569 0.145833 0.723353 0.140833 0.743114 0.144167 0.754491 0.149167 0.759880 0.169167 0.765269 0.206667 0.767066 0.325833 0.765269 0.420000 0.768862 0.426667 0.773054 0.432500 0.786826 0.446667 0.790419 0.460000 0.797605 0.469167 0.798802 0.483333 0.795210 0.500833 0.768263 0.506667 0.749102
3 0.375000 0.226946 0.328333 0.246108 0.283333 0.274850 0.253333 0.305988 0.248333 0.321557 0.265833 0.342515 0.281667 0.350299 0.310833 0.355689 0.338333 0.351497 0.349167 0.356287 0.359167 0.373054 0.445833 0.475449 0.530000 0.565269 0.556667 0.582635 0.582500 0.582036 0.602500 0.573653 0.622500 0.558084 0.628333 0.544311 0.627500 0.528742 0.600000 0.491617 0.433333 0.303593 0.433333 0.297605 0.463333 0.265269 0.460833 0.252695 0.450000 0.238323 0.441667 0.232934 0.407500 0.225150
0 0.155833 0.588623 0.136667 0.595808 0.118333 0.605988 0.109167 0.619162 0.108333 0.623952 0.111667 0.632934 0.116667 0.638323 0.125000 0.642515 0.140833 0.647305 0.141667 0.653293 0.139167 0.659880 0.145833 0.670060 0.155000 0.676647 0.170000 0.680838 0.180833 0.688024 0.185000 0.695808 0.200000 0.711377 0.221667 0.743114 0.236667 0.759880 0.246667 0.763473 0.254167 0.764072 0.269167 0.760479 0.285833 0.751497 0.289167 0.745509 0.287500 0.737126 0.280000 0.724551 0.265833 0.707784 0.260833 0.697605 0.251667 0.687425 0.236667 0.664072 0.240000 0.656886 0.247500 0.650299 0.251667 0.640120 0.250833 0.635928 0.243333 0.628743 0.224167 0.620359 0.218333 0.615569 0.216667 0.598802 0.214167 0.593413 0.206667 0.588024 0.190000 0.582036
3 0.404167 0.334132 0.375000 0.336527 0.358333 0.355689 0.354167 0.395210 0.360833 0.545509 0.330000 0.556886 0.323333 0.561677 0.321667 0.583234 0.326667 0.589222 0.355000 0.602395 0.374167 0.604790 0.409167 0.603593 0.448333 0.598204 0.475833 0.586228 0.483333 0.579042 0.482500 0.561078 0.479167 0.555689 0.443333 0.537725 0.437500 0.500000 0.435833 0.423353 0.426667 0.349701 0.415833 0.337126
2 0.272500 0.701198 0.263333 0.702994 0.254167 0.710180 0.252500 0.713772 0.255000 0.717964 0.254167 0.718563 0.256667 0.720958 0.255000 0.726347 0.248333 0.730539 0.248333 0.731737 0.241667 0.735928 0.241667 0.737126 0.236667 0.739521 0.220833 0.750898 0.219167 0.753293 0.219167 0.756287 0.225000 0.762874 0.226667 0.762874 0.237500 0.769461 0.248333 0.769461 0.257500 0.765269 0.288333 0.744311 0.297500 0.745509 0.302500 0.744910 0.309167 0.741916 0.314167 0.737126 0.315833 0.732335 0.315000 0.729341 0.310833 0.725150 0.290833 0.710778 0.288333 0.710180 0.281667 0.704790
3 0.364167 0.573054 0.296667 0.563473 0.245000 0.562275 0.196667 0.569461 0.184167 0.577246 0.176667 0.598802 0.178333 0.609581 0.219167 0.638323 0.225833 0.649701 0.202500 0.713174 0.148333 0.914970 0.152500 0.935928 0.163333 0.945509 0.178333 0.950299 0.201667 0.952695 0.230000 0.949102 0.252500 0.936527 0.279167 0.873653 0.304167 0.779641 0.334167 0.692216 0.340000 0.657485 0.347500 0.650898 0.392500 0.646707 0.402500 0.641916 0.412500 0.629940 0.415833 0.603593 0.395000 0.595808 0.375833 0.577246
0 0.209167 0.730539 0.200000 0.760479 0.230000 0.779641 0.242500 0.783832 0.250833 0.783234 0.281667 0.789222 0.290000 0.792814 0.293333 0.797605 0.301667 0.793413 0.307500 0.794012 0.316667 0.800599 0.325000 0.802994 0.331667 0.810778 0.341667 0.808383 0.379167 0.808383 0.385000 0.814371 0.382500 0.821557 0.385000 0.835329 0.399167 0.841916 0.421667 0.836527 0.444167 0.834731 0.467500 0.846707 0.495000 0.853293 0.508333 0.849701 0.515000 0.838323 0.518333 0.823353 0.530833 0.803593 0.530000 0.789820 0.541667 0.771856 0.539167 0.759880 0.526667 0.752695 0.507500 0.750898 0.484167 0.752695 0.478333 0.749102 0.465000 0.746707 0.453333 0.732934 0.445000 0.728743 0.432500 0.729341 0.401667 0.749701 0.347500 0.741317 0.309167 0.732335 0.285833 0.731138 0.262500 0.722156 0.236667 0.719162 0.220833 0.720359
