3 0.312500 0.176048 0.279167 0.191018 0.224167 0.223952 0.209167 0.239521 0.209167 0.253892 0.232500 0.275449 0.245000 0.275449 0.272500 0.268862 0.285000 0.272455 0.320833 0.310180 0.351667 0.334731 0.476667 0.465269 0.500000 0.480838 0.510000 0.483234 0.521667 0.480838 0.560833 0.458683 0.561667 0.442515 0.495000 0.366467 0.365000 0.231737 0.367500 0.220958 0.394167 0.200000 0.391667 0.187425 0.381667 0.176647 0.365000 0.167066 0.345000 0.167665
0 0.257500 0.131138 0.229167 0.152695 0.225833 0.159880 0.231667 0.171257 0.350833 0.250898 0.353333 0.255090 0.343333 0.273653 0.349167 0.283234 0.365833 0.282635 0.375833 0.286228 0.380833 0.290419 0.387500 0.302395 0.401667 0.310180 0.411667 0.312575 0.420833 0.308982 0.440833 0.294012 0.468333 0.265868 0.480000 0.257485 0.487500 0.246707 0.485000 0.240719 0.458333 0.226946 0.453333 0.214970 0.440000 0.205988 0.404167 0.196407 0.401667 0.193413 0.394167 0.191018 0.385833 0.183234 0.375833 0.180838 0.364167 0.171257 0.344167 0.162275 0.335000 0.153892 0.328333 0.152096 0.304167 0.137126 0.278333 0.129940 0.265000 0.129341
0 0.373333 0.069461 0.356667 0.083832 0.351667 0.093413 0.353333 0.101198 0.376667 0.129940 0.421667 0.174251 0.446667 0.205389 0.431667 0.219760 0.428333 0.229341 0.440833 0.252096 0.453333 0.259880 0.468333 0.264671 0.476667 0.271856 0.478333 0.279042 0.490833 0.292814 0.503333 0.301796 0.515833 0.305988 0.528333 0.307784 0.551667 0.304192 0.600833 0.286228 0.628333 0.264072 0.633333 0.247904 0.632500 0.236527 0.620000 0.217964 0.604167 0.211377 0.597500 0.205389 0.597500 0.191617 0.593333 0.180240 0.571667 0.165868 0.549167 0.161078 0.534167 0.162275 0.516667 0.159880 0.495833 0.143114 0.459167 0.101198 0.426667 0.069461 0.410000 0.062275 0.391667 0.062275
0 0.211667 0.940120 0.208333 0.938323 0.195000 0.937725 0.191667 0.936527 0.188333 0.933533 0.182500 0.934132 0.175000 0.941317 0.169167 0.940120 0.126667 0.936527 0.122500 0.937126 0.119167 0.938922 0.117500 0.949102 0.120000 0.950898 0.125000 0.952096 0.131667 0.952096 0.140000 0.953892 0.148333 0.953892 0.170833 0.956886 0.172500 0.958084 0.174167 0.964072 0.178333 0.965868 0.185833 0.963473 0.191667 0.963473 0.196667 0.965269 0.205000 0.965868 0.208333 0.962874 0.208333 0.952096 0.211667 0.946707
1 0.185000 0.304192 0.141667 0.334731 0.149167 0.353293 0.660833 0.811377 0.694167 0.850299 0.667500 0.883832 0.670833 0.898204 0.710000 0.923353 0.766667 0.912575 0.864167 0.847904 0.888333 0.810778 0.879167 0.798204 0.845833 0.776647 0.789167 0.786826 0.709167 0.725150 0.647500 0.663473 0.246667 0.312575 0.216667 0.297006
2 0.538333 0.625150 0.499167 0.618563 0.470000 0.624551 0.295833 0.693413 0.284167 0.692216 0.254167 0.678443 0.230833 0.674850 0.190833 0.681437 0.149167 0.703593 0.132500 0.740719 0.130000 0.764671 0.138333 0.783832 0.170833 0.822156 0.237500 0.875449 0.265000 0.885629 0.285000 0.887425 0.312500 0.884431 0.349167 0.872455 0.365833 0.862275 0.387500 0.838922 0.395000 0.819162 0.395833 0.801198 0.402500 0.794012 0.551667 0.733533 0.581667 0.717365 0.589167 0.689820 0.579167 0.661677
0 0.665833 0.559880 0.665000 0.562275 0.661667 0.565269 0.660000 0.573054 0.657500 0.576048 0.658333 0.583832 0.663333 0.587425 0.667500 0.587425 0.672500 0.585629 0.679167 0.591617 0.683333 0.592216 0.686667 0.591018 0.692500 0.585629 0.707500 0.589820 0.717500 0.591018 0.730833 0.594611 0.735000 0.594611 0.739167 0.592814 0.742500 0.585629 0.738333 0.580838 0.730000 0.578443 0.715000 0.576048 0.705833 0.573054 0.702500 0.573054 0.698333 0.570659 0.698333 0.565868 0.694167 0.562275 0.691667 0.562275 0.687500 0.564072 0.683333 0.564072 0.678333 0.559880 0.675000 0.558683 0.669167 0.558683
0 0.601667 0.250299 0.548333 0.264072 0.498333 0.283234 0.473333 0.300599 0.468333 0.317365 0.481667 0.335329 0.507500 0.344311 0.515833 0.350898 0.515833 0.369461 0.508333 0.379042 0.507500 0.389222 0.521667 0.398802 0.571667 0.395210 0.573333 0.402994 0.668333 0.535329 0.678333 0.540719 0.693333 0.540120 0.745000 0.520958 0.750000 0.513174 0.749167 0.504192 0.670833 0.389820 0.660000 0.367665 0.663333 0.357485 0.688333 0.340120 0.690833 0.333533 0.680000 0.319162 0.649167 0.314970 0.645833 0.297605 0.648333 0.279641 0.634167 0.259281 0.624167 0.252096
0 0.478333 0.119760 0.454167 0.094012 0.430000 0.085629 0.407500 0.088024 0.370000 0.105389 0.364167 0.105389 0.350000 0.098204 0.335000 0.098802 0.320000 0.104790 0.310000 0.116766 0.305000 0.129940 0.295833 0.138323 0.232500 0.154491 0.197500 0.160479 0.171667 0.167665 0.153333 0.179042 0.150000 0.188623 0.154167 0.208383 0.166667 0.219760 0.188333 0.223952 0.323333 0.194611 0.331667 0.196407 0.340000 0.204192 0.358333 0.211976 0.373333 0.213772 0.387500 0.207186 0.401667 0.188623 0.416667 0.177844 0.425833 0.178443 0.436667 0.182635 0.450833 0.180838 0.460000 0.182635 0.475833 0.174850 0.485000 0.162275 0.487500 0.147305
2 0.773333 0.110180 0.769167 0.105988 0.765000 0.105389 0.741667 0.106587 0.735000 0.111377 0.735000 0.122754 0.731667 0.125150 0.724167 0.126347 0.707500 0.125749 0.631667 0.132335 0.628333 0.134132 0.627500 0.147305 0.629167 0.158683 0.628333 0.162874 0.630000 0.163473 0.633333 0.171856 0.635000 0.173054 0.644167 0.174251 0.665833 0.174251 0.699167 0.171257 0.710000 0.171856 0.710833 0.170659 0.716667 0.171257 0.717500 0.170060 0.722500 0.170659 0.723333 0.169461 0.727500 0.170060 0.728333 0.168862 0.736667 0.169461 0.740000 0.171856 0.740833 0.179042 0.745000 0.184431 0.750833 0.186228 0.764167 0.186228 0.772500 0.184431 0.779167 0.179042 0.780000 0.163473 0.778333 0.162874 0.778333 0.126347 0.776667 0.125749 0.777500 0.122754 0.775833 0.122156 0.776667 0.119760 0.774167 0.117365
4 0.307500 0.097605 0.295000 0.097006 0.274167 0.104790 0.174167 0.167066 0.154167 0.182635 0.140000 0.181437 0.115833 0.168862 0.102500 0.166467 0.070000 0.186228 0.063333 0.195808 0.063333 0.206587 0.073333 0.229341 0.091667 0.250299 0.131667 0.277844 0.153333 0.285030 0.163333 0.292814 0.193333 0.304192 0.199167 0.304790 0.217500 0.300000 0.240833 0.281437 0.240000 0.260479 0.230833 0.238922 0.245000 0.232335 0.284167 0.204790 0.298333 0.197605 0.361667 0.153293 0.362500 0.138323 0.357500 0.129341 0.330000 0.106587
3 0.683333 0.384431 0.650833 0.365269 0.626667 0.362874 0.570000 0.379042 0.410833 0.453892 0.247500 0.522156 0.196667 0.535329 0.177500 0.528742 0.150833 0.511377 0.109167 0.525748 0.093333 0.537725 0.093333 0.560479 0.117500 0.604192 0.168333 0.662874 0.212500 0.697605 0.240000 0.707784 0.250000 0.708383 0.277500 0.694611 0.296667 0.678443 0.300833 0.647305 0.295833 0.634731 0.319167 0.618563 0.338333 0.613174 0.395000 0.582635 0.416667 0.578443 0.434167 0.566467 0.454167 0.562275 0.470833 0.549701 0.558333 0.513772 0.576667 0.501796 0.595000 0.497006 0.700833 0.440719 0.711667 0.420958
4 0.219167 0.225150 0.214167 0.225749 0.213333 0.227545 0.205833 0.232335 0.205000 0.234132 0.194167 0.243114 0.192500 0.246108 0.167500 0.267665 0.163333 0.268263 0.155000 0.265868 0.154167 0.264671 0.145833 0.263473 0.141667 0.265868 0.140000 0.268862 0.134167 0.273653 0.135000 0.277246 0.139167 0.283234 0.151667 0.292216 0.170000 0.302395 0.177500 0.304790 0.179167 0.306587 0.192500 0.310180 0.198333 0.310180 0.201667 0.308982 0.205000 0.306587 0.210000 0.300000 0.209167 0.296407 0.200000 0.289222 0.200000 0.285030 0.204167 0.282635 0.219167 0.268263 0.225000 0.264671 0.227500 0.261078 0.237500 0.253892 0.237500 0.252096 0.239167 0.251497 0.240000 0.248503 0.243333 0.246707 0.245833 0.241317 0.245000 0.237725 0.235833 0.231737 0.231667 0.230539 0.230000 0.228743
3 0.935000 0.180240 0.861667 0.166467 0.810000 0.163473 0.767500 0.165269 0.759167 0.168263 0.745000 0.183832 0.743333 0.202994 0.767500 0.224551 0.783333 0.227545 0.788333 0.237725 0.762500 0.344311 0.755833 0.356886 0.735833 0.452096 0.731667 0.508383 0.741667 0.516168 0.770000 0.521557 0.810833 0.520359 0.828333 0.507186 0.840833 0.480838 0.860833 0.386826 0.887500 0.291617 0.893333 0.255090 0.891667 0.240120 0.903333 0.237126 0.950833 0.235928 0.959167 0.226347 0.964167 0.203593 0.956667 0.192216
3 0.315833 0.097605 0.274167 0.106587 0.255000 0.114970 0.246667 0.124551 0.248333 0.138323 0.332500 0.280240 0.376667 0.342515 0.378333 0.355090 0.415833 0.424551 0.414167 0.434731 0.379167 0.458084 0.384167 0.475449 0.400000 0.495808 0.442500 0.494611 0.600833 0.447904 0.621667 0.436527 0.632500 0.423952 0.616667 0.398204 0.604167 0.389222 0.591667 0.387425 0.556667 0.397605 0.532500 0.385629 0.520000 0.358683 0.485833 0.313174 0.433333 0.215569 0.381667 0.135928 0.355000 0.105389 0.335833 0.098204
3 0.810833 0.316168 0.790833 0.304192 0.757500 0.295210 0.697500 0.307784 0.405000 0.436527 0.350000 0.465868 0.327500 0.464072 0.297500 0.437725 0.281667 0.434731 0.236667 0.453293 0.230000 0.460479 0.229167 0.482635 0.289167 0.568263 0.320833 0.602994 0.365000 0.630539 0.376667 0.631737 0.400000 0.622755 0.424167 0.607784 0.420833 0.578443 0.410833 0.564072 0.430833 0.548503 0.460000 0.543114 0.531667 0.503593 0.707500 0.432934 0.802500 0.387425 0.832500 0.362874 0.825833 0.333533
2 0.419167 0.076048 0.399167 0.085030 0.382500 0.111377 0.380000 0.126347 0.344167 0.201198 0.315833 0.238922 0.292500 0.291018 0.276667 0.295808 0.227500 0.297605 0.207500 0.305988 0.186667 0.321557 0.175000 0.339521 0.169167 0.367665 0.171667 0.385030 0.190000 0.401796 0.255000 0.430539 0.312500 0.445509 0.366667 0.453293 0.455000 0.456886 0.480000 0.451497 0.502500 0.435928 0.521667 0.400000 0.513333 0.368862 0.496667 0.351497 0.476667 0.340120 0.475000 0.331737 0.540000 0.183832 0.562500 0.155689 0.572500 0.123353 0.565833 0.113174 0.524167 0.091018 0.465833 0.078443
0 0.620833 0.316168 0.615000 0.307186 0.600833 0.301198 0.548333 0.312575 0.526667 0.310778 0.508333 0.300000 0.496667 0.298204 0.486667 0.301198 0.470833 0.325749 0.456667 0.333533 0.441667 0.332335 0.370000 0.339521 0.357500 0.337725 0.330833 0.342515 0.305833 0.340120 0.270000 0.344910 0.260833 0.348503 0.253333 0.359880 0.258333 0.394012 0.270833 0.400599 0.297500 0.405389 0.354167 0.401198 0.374167 0.404790 0.389167 0.400000 0.420833 0.407186 0.429167 0.403593 0.465833 0.398802 0.476667 0.401796 0.480000 0.413174 0.492500 0.426946 0.510000 0.426946 0.531667 0.414970 0.544167 0.414371 0.554167 0.409581 0.579167 0.415569 0.615000 0.415569 0.628333 0.407784 0.629167 0.394611 0.625833 0.379042 0.627500 0.354491 0.619167 0.337126
3 0.351667 0.058683 0.329167 0.079042 0.326667 0.086826 0.329167 0.096407 0.339167 0.107784 0.360833 0.123353 0.375833 0.139521 0.521667 0.248503 0.521667 0.259281 0.507500 0.279042 0.510833 0.289222 0.528333 0.302994 0.536667 0.304192 0.556667 0.302395 0.572500 0.295808 0.607500 0.273054 0.636667 0.248503 0.648333 0.231138 0.645833 0.216766 0.630833 0.205389 0.616667 0.201796 0.592500 0.209581 0.574167 0.206587 0.395833 0.071856 0.369167 0.056886 0.362500 0.055689
0 0.375833 0.535329 0.365833 0.533533 0.350000 0.535928 0.343333 0.538922 0.335833 0.547305 0.320000 0.556886 0.242500 0.623952 0.235000 0.625749 0.211667 0.617964 0.201667 0.617964 0.189167 0.629341 0.190000 0.634731 0.185833 0.646707 0.177500 0.649701 0.169167 0.648503 0.160000 0.650898 0.145000 0.661677 0.141667 0.666467 0.141667 0.675449 0.148333 0.682036 0.206667 0.716168 0.233333 0.728144 0.248333 0.729940 0.261667 0.724551 0.276667 0.724551 0.287500 0.722156 0.299167 0.709581 0.300000 0.701198 0.306667 0.691018 0.310000 0.678443 0.307500 0.660479 0.319167 0.654491 0.330833 0.643114 0.387500 0.602994 0.409167 0.583832 0.415000 0.574251 0.415000 0.559281
3 0.275833 0.366467 0.267500 0.377246 0.264167 0.391617 0.286667 0.407186 0.300833 0.408982 0.319167 0.396407 0.338333 0.391018 0.376667 0.414371 0.388333 0.424551 0.451667 0.461078 0.554167 0.525748 0.567500 0.529341 0.583333 0.529940 0.603333 0.519162 0.618333 0.514970 0.620833 0.501796 0.600000 0.480838 0.576667 0.464671 0.507500 0.425748 0.431667 0.376647 0.417500 0.360479 0.397500 0.344910 0.396667 0.338323 0.408333 0.327545 0.409167 0.319760 0.388333 0.306587 0.373333 0.305389 0.353333 0.310778 0.331667 0.323353
