Type_2 0.9693 [64, 505, 248, 865]
Type_4 0.9570 [437, 1137, 564, 1344]
Type_3 0.9552 [728, 1251, 881, 1430]
Type_5 0.9546 [182, 1067, 352, 1183]
Type_3 0.9507 [1041, 528, 1171, 710]
Type_4 0.9480 [662, 591, 871, 687]
Type_1 0.9440 [994, 74, 1101, 211]
Type_3 0.9371 [251, 341, 433, 489]
Type_3 0.9369 [560, 1083, 726, 1255]
Type_1 0.9301 [742, 1160, 878, 1271]
Type_4 0.9247 [833, 966, 1041, 1104]
Type_1 0.9226 [515, 457, 660, 549]
Type_4 0.9221 [614, 817, 770, 1014]
Type_3 0.9221 [194, 169, 364, 301]
Type_3 0.9217 [493, 50, 624, 239]
Type_3 0.9213 [214, 1366, 342, 1531]
Type_1 0.8950 [526, 1412, 620, 1553]
Type_1 0.8886 [436, 575, 578, 675]
Type_4 0.7471 [209, 1176, 417, 1285]
Type_4 0.6925 [279, 916, 485, 1043]
Type_3 0.6511 [566, 285, 734, 461]
Type_3 0.3214 [567, 285, 734, 462]
Type_1 0.2747 [786, 768, 994, 901]
Type_4 0.1844 [785, 768, 995, 902]
