Type_4 0.9644 [436, 971, 641, 1092]
Type_2 0.9626 [177, 1191, 508, 1437]
Type_3 0.9591 [220, 905, 407, 1060]
Type_4 0.9559 [752, 1162, 899, 1364]
Type_2 0.9559 [328, 1032, 629, 1322]
Type_5 0.9536 [167, 1011, 282, 1170]
Type_2 0.9474 [170, 1415, 526, 1594]
Type_1 0.9457 [384, 902, 528, 970]
Type_4 0.9442 [896, 1104, 1090, 1272]
Type_3 0.9405 [379, 356, 558, 485]
Type_3 0.9396 [99, 604, 261, 778]
Type_3 0.9381 [265, 557, 431, 689]
Type_3 0.9351 [339, 649, 473, 825]
Type_1 0.9267 [371, 1380, 502, 1494]
Type_1 0.9250 [655, 610, 779, 735]
Type_4 0.9243 [796, 374, 1002, 522]
Type_2 0.9224 [488, 478, 581, 859]
Type_3 0.9155 [710, 1375, 859, 1538]
Type_4 0.9002 [350, 153, 548, 285]
Type_4 0.8206 [1070, 539, 1200, 744]
Type_4 0.7682 [508, 1113, 676, 1306]
Type_4 0.7133 [271, 106, 480, 237]
Type_5 0.6917 [166, 232, 329, 384]
Type_4 0.3354 [437, 970, 641, 1089]
