Type_4 0.9630 [390, 841, 533, 1041]
Type_5 0.9628 [141, 1242, 259, 1405]
Type_1 0.9613 [195, 1071, 337, 1140]
Type_3 0.9592 [795, 1070, 964, 1235]
Type_4 0.9581 [165, 617, 373, 716]
Type_2 0.9533 [925, 1190, 1022, 1564]
Type_4 0.9525 [236, 326, 397, 522]
Type_4 0.9504 [355, 1300, 473, 1507]
Type_2 0.9469 [580, 918, 961, 1012]
Type_4 0.9411 [455, 526, 571, 741]
Type_1 0.9381 [407, 357, 530, 477]
Type_3 0.9324 [635, 995, 809, 1158]
Type_3 0.9120 [997, 406, 1146, 593]
Type_1 0.8793 [575, 185, 642, 334]
Type_4 0.8470 [635, 638, 840, 742]
Type_4 0.8373 [451, 1027, 573, 1229]
Type_3 0.8155 [678, 435, 836, 600]
Type_3 0.7164 [51, 92, 188, 214]
Type_3 0.5984 [965, 48, 1112, 183]
Type_5 0.5843 [621, 1432, 738, 1599]
Type_4 0.2724 [532, 487, 723, 653]
