Type_5 0.9754 [1029, 934, 1172, 1102]
Type_4 0.9695 [861, 402, 1074, 502]
Type_4 0.9641 [438, 727, 574, 937]
Type_4 0.9559 [470, 1259, 606, 1466]
Type_1 0.9544 [836, 1387, 957, 1516]
Type_1 0.9489 [400, 1036, 504, 1171]
Type_1 0.9480 [655, 1018, 797, 1087]
Type_1 0.9433 [634, 257, 754, 395]
Type_1 0.9410 [482, 921, 625, 990]
Type_4 0.9357 [669, 1100, 876, 1206]
Type_5 0.9333 [224, 1190, 361, 1361]
Type_1 0.9331 [367, 639, 440, 778]
Type_1 0.9244 [411, 882, 481, 1017]
Type_3 0.9235 [125, 234, 306, 384]
Type_1 0.8619 [1003, 571, 1143, 685]
Type_1 0.8443 [470, 374, 594, 495]
Type_3 0.7750 [552, 412, 655, 522]
Type_5 0.6994 [675, 723, 844, 849]
