2 0.675833 0.244910 0.648333 0.231737 0.605000 0.217964 0.509167 0.253293 0.470000 0.271257 0.460000 0.271856 0.451667 0.266467 0.421667 0.262275 0.358333 0.270060 0.330000 0.291018 0.314167 0.318563 0.310833 0.350898 0.320000 0.383234 0.326667 0.392814 0.366667 0.425748 0.405833 0.442515 0.425000 0.446108 0.450833 0.446108 0.470000 0.441317 0.497500 0.428743 0.516667 0.414371 0.525833 0.400599 0.532500 0.370060 0.541667 0.359880 0.565833 0.355689 0.582500 0.346707 0.624167 0.332335 0.663333 0.314371 0.680833 0.301198 0.688333 0.289820 0.690000 0.276647
0 0.332500 0.484431 0.318333 0.486228 0.298333 0.493413 0.278333 0.519162 0.270000 0.523952 0.257500 0.526946 0.240833 0.537725 0.225833 0.560479 0.220000 0.580240 0.219167 0.592814 0.222500 0.608982 0.227500 0.619162 0.233333 0.625150 0.236667 0.635329 0.243333 0.643114 0.246667 0.652096 0.255000 0.660479 0.267500 0.665269 0.289167 0.670060 0.318333 0.670659 0.336667 0.666467 0.375833 0.648503 0.388333 0.636527 0.400833 0.619760 0.408333 0.602395 0.411667 0.580838 0.407500 0.564671 0.399167 0.549102 0.385000 0.538922 0.379167 0.529940 0.380000 0.515569 0.377500 0.506587 0.369167 0.498204 0.350833 0.488024
0 0.633333 0.320958 0.622500 0.317365 0.610000 0.318563 0.589167 0.326946 0.570833 0.323353 0.565000 0.323952 0.554167 0.334731 0.547500 0.337126 0.535000 0.345509 0.514167 0.344910 0.505000 0.348503 0.498333 0.348503 0.480000 0.353293 0.470000 0.353293 0.445833 0.359880 0.435000 0.364671 0.415833 0.368263 0.410833 0.375449 0.415000 0.393413 0.422500 0.400000 0.439167 0.401198 0.454167 0.398204 0.465833 0.398204 0.480000 0.394012 0.493333 0.394611 0.502500 0.391018 0.515833 0.391018 0.530000 0.387425 0.543333 0.387425 0.560000 0.385030 0.566667 0.386228 0.578333 0.398204 0.582500 0.400000 0.590833 0.400000 0.606667 0.389820 0.633333 0.390419 0.645833 0.386826 0.650000 0.382036 0.650833 0.371257 0.645000 0.348503 0.639167 0.339521 0.637500 0.328144
3 0.170833 0.519760 0.156667 0.532335 0.155000 0.540120 0.160000 0.555090 0.197500 0.602994 0.285833 0.692814 0.307500 0.719162 0.314167 0.734132 0.326667 0.744910 0.326667 0.753892 0.310000 0.770060 0.314167 0.785030 0.325000 0.797006 0.335000 0.800599 0.373333 0.797006 0.404167 0.786826 0.456667 0.762275 0.480000 0.744910 0.489167 0.732335 0.490833 0.720359 0.477500 0.702395 0.461667 0.697605 0.420833 0.707186 0.411667 0.705389 0.404167 0.692216 0.370833 0.660479 0.250000 0.529341 0.227500 0.516168 0.205000 0.511377
4 0.505833 0.214371 0.450000 0.213772 0.357500 0.228743 0.328333 0.238922 0.320833 0.244311 0.313333 0.256886 0.317500 0.284431 0.321667 0.290419 0.332500 0.295210 0.340833 0.295210 0.352500 0.300599 0.370000 0.303593 0.382500 0.313174 0.394167 0.341317 0.396667 0.359880 0.408333 0.392216 0.406667 0.402994 0.414167 0.421557 0.415833 0.437725 0.425000 0.455689 0.439167 0.461078 0.485833 0.460479 0.515833 0.454491 0.528333 0.446108 0.532500 0.435928 0.513333 0.341916 0.499167 0.292814 0.505833 0.285030 0.547500 0.266467 0.549167 0.249701 0.541667 0.228144
4 0.440833 0.355090 0.385833 0.376048 0.381667 0.417365 0.388333 0.429341 0.395000 0.432934 0.425000 0.438323 0.469167 0.453892 0.474167 0.551497 0.479167 0.559281 0.475833 0.566467 0.480000 0.578443 0.478333 0.616766 0.488333 0.655090 0.499167 0.662275 0.537500 0.667665 0.575833 0.668263 0.625833 0.661677 0.633333 0.656886 0.641667 0.641916 0.645833 0.588623 0.633333 0.438922 0.696667 0.422754 0.701667 0.402994 0.697500 0.367665 0.669167 0.353293 0.614167 0.346108 0.525833 0.347305
3 0.652500 0.207784 0.581667 0.207186 0.515833 0.211976 0.493333 0.218563 0.487500 0.223353 0.486667 0.245509 0.490000 0.251497 0.524167 0.256886 0.530833 0.261078 0.534167 0.268862 0.535833 0.301796 0.543333 0.328743 0.550000 0.388024 0.553333 0.492814 0.559167 0.517964 0.570000 0.525748 0.603333 0.528144 0.633333 0.524551 0.640000 0.518563 0.644167 0.507186 0.634167 0.258683 0.645000 0.252096 0.678333 0.250898 0.685000 0.242515 0.681667 0.214970
2 0.580833 0.311377 0.549167 0.317365 0.517500 0.332335 0.510000 0.338323 0.501667 0.352695 0.502500 0.365269 0.519167 0.395210 0.559167 0.447305 0.580000 0.482036 0.558333 0.506587 0.556667 0.517964 0.563333 0.538922 0.585833 0.559880 0.601667 0.562874 0.610833 0.567665 0.641667 0.571257 0.680000 0.561677 0.703333 0.552695 0.759167 0.523353 0.775000 0.512575 0.786667 0.497006 0.785833 0.475449 0.780833 0.462275 0.762500 0.441916 0.740833 0.432335 0.716667 0.427545 0.705833 0.428144 0.695000 0.424551 0.618333 0.321557 0.603333 0.313772
2 0.690833 0.359281 0.645833 0.379042 0.530833 0.461078 0.500000 0.491617 0.498333 0.517365 0.522500 0.543713 0.552500 0.558683 0.567500 0.559281 0.594167 0.548503 0.605000 0.550299 0.643333 0.577246 0.668333 0.588024 0.691667 0.609581 0.740000 0.644311 0.750000 0.657485 0.785000 0.686826 0.805833 0.698802 0.818333 0.699401 0.871667 0.667665 0.905000 0.643114 0.910000 0.634132 0.909167 0.618563 0.897500 0.601796 0.854167 0.567066 0.834167 0.543114 0.801667 0.521557 0.775000 0.498204 0.766667 0.484431 0.740833 0.461078 0.735000 0.443713 0.767500 0.420359 0.773333 0.409581 0.770000 0.398802 0.735000 0.366467 0.706667 0.358084
4 0.348333 0.214371 0.322500 0.217964 0.303333 0.233533 0.289167 0.277844 0.286667 0.298204 0.270833 0.340719 0.259167 0.352096 0.251667 0.354491 0.220000 0.376048 0.211667 0.385030 0.208333 0.397006 0.212500 0.423353 0.227500 0.439521 0.247500 0.452695 0.264167 0.458683 0.306667 0.467066 0.345833 0.469461 0.363333 0.467066 0.387500 0.458683 0.409167 0.446108 0.420833 0.435928 0.431667 0.405389 0.427500 0.394611 0.405000 0.379042 0.402500 0.372455 0.385833 0.356886 0.392500 0.340719 0.394167 0.319760 0.407500 0.274251 0.409167 0.243713 0.400833 0.230539 0.383333 0.222156
3 0.587500 0.377246 0.565833 0.381437 0.543333 0.407186 0.528333 0.432934 0.500000 0.498802 0.456667 0.578443 0.438333 0.596407 0.425833 0.614970 0.415833 0.619162 0.395000 0.614970 0.382500 0.617365 0.371667 0.639521 0.375000 0.649701 0.393333 0.664072 0.440000 0.682036 0.506667 0.700599 0.529167 0.702994 0.548333 0.700000 0.562500 0.675449 0.560000 0.664072 0.533333 0.655090 0.517500 0.641317 0.535833 0.604790 0.545833 0.592814 0.575000 0.527545 0.590000 0.504790 0.630000 0.422754 0.625000 0.398204 0.600000 0.386826
2 0.599167 0.262275 0.579167 0.257485 0.523333 0.263473 0.503333 0.269461 0.479167 0.283832 0.464167 0.299401 0.459167 0.316766 0.460833 0.337126 0.456667 0.341916 0.325000 0.391018 0.254167 0.423353 0.246667 0.438922 0.245833 0.454491 0.251667 0.485629 0.270000 0.513174 0.285000 0.525150 0.310833 0.533533 0.339167 0.532335 0.429167 0.504192 0.535000 0.462874 0.552500 0.473054 0.601667 0.486228 0.649167 0.477844 0.680833 0.463473 0.701667 0.433533 0.691667 0.374251 0.656667 0.316766
