3 0.799167 0.191617 0.784167 0.192216 0.770000 0.198802 0.566667 0.353293 0.557500 0.355689 0.552500 0.354491 0.526667 0.339521 0.518333 0.342515 0.498333 0.358084 0.497500 0.363473 0.503333 0.372455 0.522500 0.390419 0.597500 0.437126 0.615833 0.443114 0.624167 0.443114 0.643333 0.430539 0.647500 0.423353 0.630833 0.406587 0.632500 0.396407 0.721667 0.318563 0.794167 0.265269 0.835000 0.229341 0.838333 0.222156 0.836667 0.217964 0.817500 0.201796
0 0.890000 0.386228 0.886667 0.371257 0.871667 0.359281 0.851667 0.355689 0.833333 0.356886 0.812500 0.369461 0.803333 0.358084 0.791667 0.351497 0.783333 0.342515 0.766667 0.336527 0.755000 0.340120 0.734167 0.358683 0.722500 0.360479 0.658333 0.356287 0.605833 0.346707 0.555833 0.341916 0.520000 0.352096 0.515000 0.357485 0.516667 0.383832 0.510833 0.398204 0.520833 0.410180 0.542500 0.410778 0.561667 0.416766 0.576667 0.415569 0.599167 0.421557 0.615000 0.420359 0.640833 0.431737 0.668333 0.435928 0.679167 0.441317 0.703333 0.442515 0.732500 0.459281 0.749167 0.464072 0.761667 0.463473 0.789167 0.471257 0.815000 0.470659 0.845833 0.473653 0.863333 0.466467 0.875000 0.449102 0.888333 0.404790
1 0.285000 0.328144 0.259167 0.344910 0.260833 0.369461 0.587500 0.795210 0.636667 0.850898 0.632500 0.863473 0.602500 0.889222 0.625833 0.920958 0.662500 0.922156 0.769167 0.886826 0.805000 0.865868 0.812500 0.845509 0.797500 0.823952 0.785000 0.816168 0.749167 0.820958 0.730000 0.814371 0.657500 0.730539 0.354167 0.338323 0.324167 0.321557
0 0.506667 0.489222 0.497500 0.475449 0.491667 0.474252 0.444167 0.479641 0.429167 0.474252 0.393333 0.473653 0.350833 0.493413 0.323333 0.491617 0.306667 0.497605 0.282500 0.497006 0.251667 0.502395 0.235833 0.500599 0.226667 0.503593 0.180833 0.507186 0.155000 0.517964 0.135833 0.531138 0.133333 0.552096 0.138333 0.580240 0.161667 0.589222 0.291667 0.579641 0.320000 0.581437 0.345000 0.577844 0.362500 0.579042 0.380833 0.576048 0.387500 0.577844 0.405000 0.601198 0.419167 0.605988 0.428333 0.604192 0.441667 0.592216 0.450833 0.589820 0.485000 0.596407 0.509167 0.593413 0.520833 0.588623 0.525833 0.577844 0.521667 0.571257 0.521667 0.556886 0.507500 0.504790
0 0.595000 0.589222 0.558333 0.600599 0.554167 0.607784 0.554167 0.613174 0.570000 0.638922 0.573333 0.648503 0.595000 0.679641 0.596667 0.687425 0.616667 0.719760 0.615000 0.725748 0.595833 0.741317 0.593333 0.747904 0.597500 0.750898 0.612500 0.755090 0.616667 0.762275 0.616667 0.774850 0.625000 0.788024 0.632500 0.793413 0.642500 0.794611 0.685833 0.779641 0.731667 0.758683 0.735833 0.749102 0.723333 0.731138 0.725000 0.719162 0.718333 0.712575 0.716667 0.703593 0.709167 0.700000 0.684167 0.700000 0.671667 0.690419 0.671667 0.683234 0.663333 0.665269 0.655833 0.657485 0.654167 0.650299 0.640000 0.629940 0.631667 0.602395 0.609167 0.589820
0 0.427500 0.526946 0.401667 0.532335 0.376667 0.543114 0.377500 0.551497 0.443333 0.663473 0.439167 0.668862 0.429167 0.672455 0.419167 0.679641 0.417500 0.692216 0.437500 0.700000 0.443333 0.706587 0.455000 0.734132 0.467500 0.749102 0.476667 0.749102 0.515000 0.739521 0.536667 0.729940 0.568333 0.723952 0.577500 0.719760 0.580000 0.713772 0.570833 0.694012 0.564167 0.686826 0.556667 0.684431 0.546667 0.665269 0.550000 0.652695 0.538333 0.648503 0.516667 0.646707 0.509167 0.641916 0.477500 0.592216 0.465833 0.567066 0.455833 0.553293 0.450833 0.538922 0.441667 0.528742
4 0.575833 0.335329 0.552500 0.339521 0.537500 0.345509 0.506667 0.366467 0.496667 0.377844 0.493333 0.410778 0.502500 0.420958 0.515833 0.428144 0.547500 0.455090 0.529167 0.544311 0.527500 0.574850 0.530833 0.590419 0.537500 0.597605 0.568333 0.608982 0.591667 0.613772 0.622500 0.611377 0.635000 0.604790 0.644167 0.593413 0.658333 0.534132 0.659167 0.511377 0.671667 0.475449 0.687500 0.467066 0.701667 0.450898 0.714167 0.443713 0.728333 0.429341 0.735833 0.416168 0.738333 0.398204 0.730000 0.377844 0.719167 0.367665 0.692500 0.353293 0.661667 0.343114 0.625833 0.337126
2 0.674167 0.346707 0.664167 0.339521 0.654167 0.338323 0.610000 0.343114 0.590000 0.350299 0.555000 0.353892 0.388333 0.393413 0.366667 0.390419 0.357500 0.362275 0.341667 0.356886 0.307500 0.356886 0.268333 0.370659 0.261667 0.380240 0.262500 0.392814 0.275833 0.429341 0.290000 0.450299 0.296667 0.500599 0.326667 0.573054 0.337500 0.580838 0.347500 0.582635 0.381667 0.580838 0.403333 0.575449 0.420000 0.566467 0.429167 0.556287 0.421667 0.520958 0.439167 0.508383 0.479167 0.501796 0.541667 0.483832 0.653333 0.462874 0.699167 0.447904 0.709167 0.434132 0.708333 0.423353 0.694167 0.383832
0 0.537500 0.514970 0.530000 0.517964 0.526667 0.520958 0.527500 0.525150 0.540833 0.545509 0.540833 0.547904 0.535000 0.552695 0.535000 0.554491 0.536667 0.555689 0.535833 0.556287 0.547500 0.559880 0.545833 0.562275 0.545833 0.565868 0.549167 0.571257 0.552500 0.573054 0.555000 0.573054 0.567500 0.569461 0.579167 0.562874 0.579167 0.559880 0.576667 0.554491 0.571667 0.549701 0.573333 0.544910 0.570000 0.541916 0.561667 0.541317 0.558333 0.539521 0.550833 0.526347 0.544167 0.517365 0.540833 0.514970
3 0.396667 0.231737 0.345833 0.261677 0.298333 0.295808 0.287500 0.310180 0.286667 0.316766 0.301667 0.331138 0.313333 0.337126 0.342500 0.325749 0.358333 0.328144 0.479167 0.414970 0.578333 0.496407 0.598333 0.508383 0.612500 0.508982 0.638333 0.496407 0.659167 0.480240 0.651667 0.460479 0.428333 0.277246 0.430833 0.268862 0.455833 0.251497 0.451667 0.241317 0.425833 0.223353
3 0.648333 0.499401 0.634167 0.510778 0.627500 0.535329 0.612500 0.768263 0.609167 0.776048 0.600000 0.780838 0.565000 0.783234 0.553333 0.789820 0.551667 0.816168 0.565000 0.826347 0.604167 0.832335 0.702500 0.834132 0.748333 0.829341 0.764167 0.820958 0.762500 0.792814 0.736667 0.781437 0.723333 0.763473 0.727500 0.754491 0.730833 0.717365 0.726667 0.708982 0.732500 0.700599 0.735833 0.650898 0.733333 0.637126 0.740000 0.554491 0.725000 0.514371 0.715000 0.504192
0 0.562500 0.698204 0.562500 0.709581 0.565000 0.716766 0.567500 0.719162 0.566667 0.725748 0.570000 0.729341 0.569167 0.729940 0.570833 0.730539 0.570000 0.731138 0.575000 0.734731 0.574167 0.735329 0.585833 0.738323 0.597500 0.731138 0.600833 0.732335 0.601667 0.731737 0.612500 0.736527 0.616667 0.735928 0.622500 0.730539 0.622500 0.724551 0.625000 0.721557 0.628333 0.720359 0.630000 0.721557 0.632500 0.720359 0.636667 0.720958 0.647500 0.718563 0.651667 0.719162 0.654167 0.717964 0.655833 0.719162 0.656667 0.717964 0.661667 0.717964 0.663333 0.716766 0.665000 0.717365 0.668333 0.716168 0.675833 0.716168 0.677500 0.714970 0.679167 0.715569 0.682500 0.714371 0.690000 0.714371 0.696667 0.709581 0.697500 0.706587 0.695833 0.705988 0.695833 0.701198 0.694167 0.698802 0.695000 0.696407 0.690000 0.692814 0.685833 0.691617 0.680000 0.692814 0.671667 0.692216 0.665000 0.694012 0.657500 0.694012 0.646667 0.696407 0.631667 0.696407 0.629167 0.697605 0.625000 0.697006 0.621667 0.698204 0.612500 0.689222 0.605000 0.687425 0.600833 0.688623 0.595000 0.694012 0.589167 0.695210 0.584167 0.692814 0.573333 0.692216 0.571667 0.693413 0.570000 0.692814
2 0.417500 0.443114 0.357500 0.459281 0.200833 0.531737 0.176667 0.549701 0.170833 0.570659 0.182500 0.594012 0.215000 0.620359 0.236667 0.623952 0.293333 0.611976 0.300833 0.614371 0.317500 0.631138 0.322500 0.643114 0.335000 0.649701 0.340000 0.659281 0.353333 0.669461 0.373333 0.698802 0.431667 0.753293 0.451667 0.777844 0.480000 0.789820 0.500000 0.786826 0.524167 0.771856 0.588333 0.743114 0.599167 0.732934 0.605000 0.719162 0.593333 0.695808 0.527500 0.622755 0.490000 0.573653 0.470833 0.559281 0.454167 0.539521 0.458333 0.531138 0.482500 0.511377 0.485833 0.492814 0.475000 0.473653 0.456667 0.455090 0.441667 0.446707
0 0.308333 0.336527 0.308333 0.343114 0.310833 0.350898 0.311667 0.360479 0.315833 0.361677 0.320000 0.361677 0.330000 0.358683 0.336667 0.361677 0.341667 0.359880 0.341667 0.357485 0.344167 0.353293 0.353333 0.351497 0.356667 0.352096 0.362500 0.350898 0.364167 0.351497 0.371667 0.350299 0.373333 0.350898 0.377500 0.349701 0.379167 0.350299 0.384167 0.349102 0.385833 0.349701 0.390833 0.348503 0.393333 0.346707 0.392500 0.338922 0.389167 0.335329 0.342500 0.338323 0.340000 0.335928 0.339167 0.332934 0.335833 0.331138 0.333333 0.331737 0.330000 0.334731 0.325000 0.335928 0.320833 0.335329 0.320000 0.334132 0.314167 0.333533
2 0.445833 0.456287 0.428333 0.467665 0.398333 0.504790 0.374167 0.526347 0.345000 0.571257 0.282500 0.634731 0.279167 0.650898 0.308333 0.671856 0.361667 0.687425 0.377500 0.684431 0.416667 0.652695 0.430000 0.650898 0.575000 0.710778 0.592500 0.714371 0.603333 0.722156 0.616667 0.723952 0.675833 0.750898 0.694167 0.752096 0.706667 0.757485 0.715833 0.755689 0.733333 0.742515 0.770833 0.697605 0.793333 0.653892 0.790833 0.643713 0.779167 0.641317 0.755000 0.619162 0.723333 0.598802 0.661667 0.573054 0.632500 0.565868 0.619167 0.556886 0.544167 0.526347 0.531667 0.516168 0.541667 0.490419 0.525833 0.473653 0.507500 0.464072 0.476667 0.455689
