3 0.534167 0.405389 0.480000 0.424551 0.471667 0.438922 0.475833 0.455689 0.492500 0.484431 0.508333 0.523952 0.589167 0.683234 0.587500 0.693413 0.550000 0.712575 0.550833 0.729940 0.570000 0.752096 0.578333 0.755090 0.599167 0.753892 0.667500 0.740120 0.727500 0.714371 0.747500 0.701198 0.751667 0.695210 0.750833 0.680838 0.735833 0.664072 0.708333 0.648503 0.689167 0.625150 0.682500 0.608982 0.653333 0.569461 0.650000 0.557485 0.635833 0.542515 0.630833 0.525150 0.605833 0.487425 0.596667 0.461078 0.583333 0.438922 0.555000 0.411976 0.541667 0.405389
3 0.879167 0.746108 0.875000 0.737126 0.863333 0.727545 0.841667 0.724551 0.819167 0.731737 0.810000 0.751497 0.800833 0.756287 0.770833 0.753892 0.720000 0.754491 0.695000 0.750898 0.678333 0.752695 0.521667 0.747305 0.500833 0.752096 0.493333 0.761078 0.490833 0.794611 0.503333 0.804192 0.548333 0.807186 0.584167 0.802994 0.624167 0.805988 0.645833 0.804790 0.675000 0.808383 0.721667 0.806587 0.770000 0.808383 0.793333 0.818563 0.807500 0.841317 0.829167 0.846707 0.847500 0.840719 0.863333 0.828743 0.867500 0.807784 0.875833 0.793413 0.881667 0.765868
4 0.571667 0.336527 0.525000 0.316168 0.500000 0.318563 0.486667 0.327545 0.455000 0.336527 0.447500 0.342515 0.446667 0.355689 0.463333 0.392216 0.460000 0.401796 0.395833 0.418563 0.342500 0.443114 0.226667 0.485030 0.208333 0.497006 0.201667 0.507784 0.214167 0.535928 0.258333 0.584431 0.275000 0.593413 0.324167 0.591617 0.350000 0.579641 0.403333 0.563473 0.456667 0.534132 0.529167 0.507784 0.551667 0.507784 0.577500 0.531737 0.597500 0.537725 0.637500 0.535329 0.676667 0.518563 0.685000 0.510778 0.679167 0.474850 0.655000 0.431138 0.610000 0.373054
3 0.518333 0.233533 0.481667 0.209581 0.472500 0.205988 0.453333 0.207186 0.430000 0.216168 0.409167 0.229940 0.241667 0.311976 0.174167 0.349102 0.161667 0.350898 0.126667 0.331737 0.105833 0.334731 0.081667 0.351497 0.080833 0.370659 0.125833 0.421557 0.175833 0.454491 0.196667 0.461677 0.206667 0.461677 0.231667 0.447305 0.245000 0.417964 0.266667 0.410180 0.269167 0.403593 0.285000 0.392216 0.302500 0.385629 0.309167 0.376048 0.332500 0.369461 0.338333 0.359281 0.382500 0.338922 0.399167 0.326347 0.441667 0.311377 0.460000 0.296407 0.481667 0.286228 0.511667 0.258683 0.519167 0.243114
3 0.575833 0.644910 0.574167 0.649102 0.575833 0.655090 0.572500 0.661677 0.576667 0.665269 0.583333 0.667665 0.586667 0.667066 0.607500 0.671257 0.647500 0.675449 0.669167 0.679641 0.681667 0.680239 0.684167 0.679042 0.690000 0.680239 0.691667 0.682036 0.696667 0.680838 0.707500 0.683832 0.717500 0.683234 0.723333 0.684431 0.727500 0.690419 0.725000 0.700000 0.730833 0.704192 0.744167 0.704790 0.750000 0.700599 0.751667 0.696407 0.755833 0.692814 0.755833 0.689222 0.759167 0.685629 0.760833 0.670060 0.764167 0.666467 0.765000 0.655090 0.766667 0.652695 0.764167 0.647904 0.757500 0.643713 0.746667 0.643114 0.741667 0.644910 0.738333 0.650898 0.738333 0.655090 0.734167 0.656886 0.682500 0.652096 0.666667 0.649102 0.656667 0.649701 0.640833 0.646707 0.625000 0.645509 0.623333 0.644311 0.606667 0.643114 0.601667 0.641317 0.580000 0.641317
3 0.190000 0.335928 0.195000 0.380838 0.210833 0.397605 0.245833 0.405389 0.283333 0.397605 0.307500 0.365269 0.325000 0.358683 0.375000 0.368263 0.413333 0.368263 0.475833 0.376647 0.493333 0.383234 0.514167 0.382036 0.775000 0.415569 0.818333 0.411377 0.830833 0.401198 0.848333 0.342515 0.828333 0.323952 0.749167 0.311377 0.698333 0.314371 0.593333 0.301796 0.544167 0.291018 0.465000 0.287425 0.390000 0.277246 0.355000 0.258084 0.334167 0.214970 0.300000 0.204790 0.271667 0.211377 0.241667 0.228144 0.228333 0.261078 0.208333 0.287425
3 0.701667 0.645509 0.687500 0.645509 0.665000 0.658084 0.505833 0.787425 0.494167 0.789820 0.476667 0.781437 0.461667 0.778443 0.445000 0.791018 0.441667 0.798204 0.446667 0.807186 0.461667 0.820359 0.527500 0.857485 0.553333 0.865868 0.560000 0.865269 0.576667 0.852096 0.578333 0.844910 0.565000 0.827545 0.565833 0.821557 0.577500 0.814970 0.583333 0.807186 0.596667 0.800599 0.605833 0.791018 0.616667 0.788024 0.618333 0.782635 0.633333 0.774850 0.636667 0.769461 0.650833 0.759880 0.661667 0.745509 0.709167 0.711976 0.720833 0.700599 0.727500 0.688623 0.732500 0.668263 0.715000 0.652695
3 0.700833 0.319760 0.675833 0.314371 0.660000 0.305389 0.642500 0.304790 0.622500 0.310180 0.539167 0.376048 0.485833 0.431138 0.351667 0.553892 0.329167 0.555689 0.285833 0.545509 0.266667 0.551497 0.240833 0.574850 0.249167 0.604790 0.266667 0.619760 0.319167 0.650898 0.379167 0.677245 0.423333 0.686228 0.449167 0.679641 0.470000 0.660479 0.473333 0.646707 0.451667 0.620359 0.453333 0.600000 0.690833 0.376647 0.715833 0.344910 0.715833 0.334132
2 0.397500 0.334731 0.365833 0.354491 0.344167 0.380240 0.330000 0.417964 0.331667 0.443114 0.372500 0.468862 0.438333 0.492814 0.477500 0.512575 0.560833 0.541317 0.565000 0.550898 0.564167 0.588623 0.590833 0.613174 0.647500 0.634132 0.681667 0.633533 0.700833 0.625749 0.731667 0.601796 0.760000 0.571856 0.777500 0.540719 0.803333 0.510778 0.819167 0.461677 0.817500 0.443713 0.803333 0.419162 0.762500 0.396407 0.720000 0.388623 0.695000 0.394012 0.653333 0.413174 0.641667 0.413772 0.591667 0.399401 0.510000 0.355090 0.477500 0.343114 0.430000 0.331737
3 0.376667 0.070659 0.369167 0.073054 0.345833 0.072455 0.328333 0.077246 0.316667 0.097605 0.321667 0.194611 0.330833 0.236527 0.334167 0.313772 0.339167 0.325150 0.331667 0.329940 0.300833 0.337725 0.292500 0.347904 0.296667 0.371257 0.308333 0.377246 0.333333 0.383234 0.385000 0.385629 0.432500 0.382635 0.455000 0.377246 0.484167 0.365269 0.487500 0.355090 0.481667 0.334132 0.472500 0.329341 0.441667 0.324551 0.431667 0.315569 0.410000 0.101796 0.406667 0.091018 0.393333 0.075449
3 0.187500 0.404192 0.165833 0.466467 0.159167 0.524551 0.165000 0.559281 0.180833 0.571856 0.225833 0.576048 0.250833 0.564072 0.295000 0.561677 0.341667 0.568862 0.365833 0.567665 0.534167 0.580838 0.659167 0.598802 0.737500 0.583832 0.746667 0.573653 0.754167 0.555090 0.746667 0.517365 0.730833 0.508383 0.575000 0.483832 0.290833 0.451497 0.273333 0.439521 0.273333 0.414371 0.266667 0.395808 0.212500 0.388024
3 0.450833 0.664072 0.455000 0.673653 0.462500 0.677844 0.494167 0.682635 0.507500 0.675449 0.512500 0.661677 0.525000 0.651497 0.542500 0.649701 0.565833 0.655090 0.656667 0.665868 0.803333 0.694611 0.863333 0.701796 0.880833 0.701796 0.898333 0.697605 0.920833 0.667665 0.910000 0.650898 0.877500 0.639521 0.612500 0.592814 0.557500 0.573653 0.553333 0.568862 0.555833 0.546108 0.550833 0.542515 0.525833 0.537725 0.508333 0.539521 0.493333 0.552096 0.465833 0.607784
1 0.928333 0.202395 0.895000 0.181437 0.860833 0.185629 0.232500 0.502395 0.205000 0.507186 0.170833 0.485030 0.140000 0.494611 0.129167 0.504790 0.131667 0.519760 0.158333 0.543114 0.193333 0.591617 0.235833 0.624551 0.255000 0.629341 0.269167 0.624551 0.290000 0.604192 0.275833 0.581437 0.284167 0.565868 0.912500 0.250898 0.940000 0.225150
0 0.722500 0.056287 0.700000 0.040120 0.683333 0.038323 0.623333 0.059281 0.604167 0.062874 0.592500 0.068862 0.587500 0.074251 0.549167 0.085030 0.527500 0.074251 0.508333 0.072455 0.497500 0.074850 0.488333 0.082635 0.484167 0.094012 0.472500 0.096407 0.450833 0.096407 0.430833 0.105988 0.425000 0.112575 0.422500 0.120958 0.430833 0.143713 0.460833 0.180240 0.480833 0.193413 0.493333 0.194611 0.510833 0.190419 0.521667 0.185030 0.527500 0.179042 0.528333 0.172455 0.531667 0.171257 0.559167 0.174850 0.573333 0.173054 0.582500 0.167665 0.584167 0.153892 0.581667 0.144910 0.589167 0.135928 0.611667 0.128144 0.618333 0.123353 0.702500 0.094012 0.722500 0.083832 0.728333 0.076647
0 0.866667 0.338922 0.850000 0.334132 0.827500 0.341317 0.770000 0.383234 0.729167 0.407186 0.715833 0.419162 0.685833 0.412575 0.672500 0.414970 0.665000 0.420359 0.662500 0.439521 0.653333 0.448503 0.630000 0.454491 0.624167 0.461677 0.615000 0.467066 0.614167 0.477844 0.626667 0.492216 0.642500 0.504192 0.651667 0.515569 0.690000 0.540120 0.709167 0.544311 0.721667 0.540719 0.745833 0.528144 0.759167 0.510778 0.775000 0.508982 0.785000 0.502994 0.789167 0.487425 0.778333 0.465868 0.780833 0.460479 0.811667 0.440719 0.825000 0.427545 0.854167 0.407784 0.890000 0.377246 0.891667 0.360479 0.877500 0.344910
2 0.497500 0.052695 0.480833 0.054491 0.446667 0.074251 0.423333 0.097006 0.361667 0.143713 0.324167 0.177844 0.315833 0.178443 0.282500 0.168862 0.268333 0.170659 0.246667 0.182036 0.227500 0.204790 0.229167 0.225150 0.260833 0.254491 0.290000 0.275449 0.340000 0.304192 0.353333 0.308383 0.380000 0.325150 0.405000 0.332335 0.426667 0.329341 0.442500 0.322156 0.468333 0.296407 0.469167 0.282635 0.443333 0.252695 0.443333 0.242515 0.465833 0.229940 0.473333 0.219760 0.505000 0.192814 0.521667 0.182635 0.560000 0.143114 0.580000 0.127545 0.589167 0.110778 0.584167 0.098204 0.572500 0.089820 0.557500 0.085030 0.531667 0.064671
2 0.465000 0.673653 0.459167 0.683832 0.448333 0.730539 0.439167 0.747305 0.424167 0.808982 0.428333 0.822755 0.441667 0.831737 0.476667 0.838323 0.495000 0.836527 0.507500 0.828144 0.518333 0.808982 0.526667 0.802994 0.564167 0.813174 0.669167 0.826347 0.722500 0.830539 0.737500 0.825150 0.752500 0.799401 0.756667 0.770659 0.755000 0.752695 0.745833 0.744910 0.719167 0.737725 0.609167 0.722754 0.551667 0.719162 0.539167 0.711976 0.530000 0.682036 0.506667 0.674251 0.490000 0.672455
2 0.625833 0.030539 0.618333 0.026347 0.611667 0.025749 0.604167 0.027545 0.603333 0.026946 0.596667 0.028743 0.594167 0.030539 0.590833 0.035928 0.590000 0.040719 0.583333 0.043713 0.580000 0.043114 0.578333 0.044311 0.577500 0.043713 0.573333 0.044311 0.571667 0.045509 0.565000 0.045509 0.561667 0.046707 0.550833 0.046707 0.535833 0.049102 0.534167 0.048503 0.530833 0.049701 0.528333 0.049102 0.523333 0.051497 0.521667 0.055090 0.521667 0.063473 0.523333 0.064671 0.523333 0.068862 0.525833 0.074251 0.530833 0.077844 0.537500 0.080240 0.549167 0.080838 0.551667 0.079641 0.568333 0.079641 0.570000 0.078443 0.573333 0.079042 0.575000 0.077844 0.577500 0.078443 0.584167 0.077246 0.587500 0.077844 0.598333 0.076647 0.605000 0.082635 0.610000 0.084431 0.616667 0.085030 0.622500 0.084431 0.627500 0.082635 0.628333 0.083234 0.634167 0.079641 0.636667 0.076647 0.636667 0.068263 0.633333 0.054491 0.634167 0.052695 0.631667 0.048503 0.628333 0.034731 0.625000 0.031138
2 0.539167 0.407186 0.485000 0.439521 0.365833 0.538922 0.347500 0.564072 0.352500 0.591617 0.369167 0.606587 0.415000 0.625150 0.435000 0.623353 0.475833 0.603593 0.493333 0.599401 0.555000 0.638922 0.568333 0.643713 0.575000 0.651497 0.588333 0.656287 0.599167 0.667066 0.703333 0.725150 0.740833 0.734731 0.762500 0.726347 0.781667 0.704192 0.814167 0.681437 0.830833 0.662275 0.837500 0.640719 0.796667 0.605389 0.613333 0.492814 0.629167 0.456886 0.625000 0.441317 0.589167 0.413772 0.565833 0.405988
0 0.670833 0.443713 0.654167 0.424551 0.576667 0.437126 0.560000 0.421557 0.545833 0.415569 0.533333 0.419760 0.529167 0.424551 0.522500 0.443114 0.515000 0.452096 0.387500 0.455090 0.375000 0.459880 0.359167 0.457485 0.307500 0.459281 0.293333 0.465868 0.289167 0.473054 0.289167 0.500599 0.295833 0.514970 0.343333 0.528144 0.370833 0.528742 0.383333 0.523952 0.400833 0.525748 0.466667 0.517964 0.471667 0.519760 0.479167 0.531138 0.499167 0.524551 0.507500 0.516168 0.518333 0.525150 0.526667 0.543713 0.536667 0.552096 0.549167 0.552695 0.560833 0.546108 0.575833 0.547305 0.583333 0.538922 0.593333 0.534731 0.617500 0.542515 0.659167 0.541916 0.668333 0.535928 0.670833 0.529940 0.668333 0.506587 0.671667 0.480838 0.667500 0.462275
3 0.416667 0.106587 0.411667 0.107784 0.405000 0.106587 0.395000 0.108982 0.389167 0.117964 0.390000 0.122156 0.405833 0.129341 0.408333 0.133533 0.401667 0.148503 0.402500 0.150898 0.399167 0.156287 0.395833 0.169461 0.390000 0.180838 0.389167 0.186826 0.386667 0.189222 0.387500 0.190419 0.379167 0.207784 0.378333 0.213772 0.375833 0.216168 0.375833 0.222754 0.374167 0.223952 0.375833 0.229341 0.379167 0.232934 0.387500 0.236527 0.397500 0.237126 0.403333 0.235928 0.409167 0.232335 0.416667 0.218563 0.422500 0.198802 0.429167 0.185030 0.429167 0.181437 0.431667 0.179042 0.432500 0.171856 0.436667 0.165269 0.436667 0.161677 0.438333 0.160479 0.444167 0.143713 0.450000 0.137725 0.467500 0.137725 0.472500 0.131138 0.474167 0.125150 0.468333 0.119760 0.454167 0.116168 0.445833 0.112575 0.439167 0.111976 0.435833 0.110180 0.434167 0.110778 0.429167 0.108383 0.422500 0.108383
