3 0.570833 0.202994 0.539167 0.179042 0.520833 0.174251 0.490833 0.179042 0.474167 0.188024 0.465833 0.200599 0.470833 0.223952 0.465833 0.244910 0.343333 0.292216 0.322500 0.295210 0.305000 0.305389 0.251667 0.321557 0.220833 0.337725 0.108333 0.374251 0.080000 0.391018 0.069167 0.404192 0.071667 0.419162 0.099167 0.461078 0.126667 0.465868 0.195833 0.446108 0.256667 0.413772 0.330000 0.388024 0.364167 0.380240 0.416667 0.353293 0.444167 0.347904 0.480833 0.331737 0.520000 0.329940 0.561667 0.356287 0.578333 0.356886 0.600833 0.349701 0.618333 0.329341 0.623333 0.303593 0.605000 0.275449 0.601667 0.249102
0 0.792500 0.209581 0.708333 0.213772 0.683333 0.222754 0.676667 0.231737 0.675833 0.238922 0.680833 0.266467 0.658333 0.285629 0.680000 0.297605 0.688333 0.310180 0.690000 0.322156 0.680833 0.350299 0.680833 0.373653 0.690000 0.429940 0.688333 0.437725 0.697500 0.455090 0.718333 0.465868 0.767500 0.470060 0.782500 0.462874 0.788333 0.449102 0.785833 0.419760 0.790833 0.340120 0.787500 0.333533 0.787500 0.308383 0.795833 0.298204 0.808333 0.298802 0.830000 0.293413 0.812500 0.267066 0.813333 0.260479 0.826667 0.244910 0.825000 0.228743 0.813333 0.214371
0 0.788333 0.650299 0.785000 0.640719 0.777500 0.635928 0.764167 0.634731 0.733333 0.638323 0.726667 0.634731 0.713333 0.633533 0.697500 0.619162 0.684167 0.621557 0.664167 0.641916 0.648333 0.641317 0.635833 0.638323 0.606667 0.637725 0.574167 0.632335 0.551667 0.632934 0.533333 0.626946 0.505833 0.625749 0.496667 0.626946 0.489167 0.632934 0.480833 0.664072 0.493333 0.672455 0.513333 0.681437 0.543333 0.685629 0.559167 0.685030 0.570000 0.691617 0.581667 0.688024 0.605833 0.700000 0.618333 0.697006 0.647500 0.694012 0.655000 0.697605 0.654167 0.705389 0.658333 0.718563 0.670833 0.723952 0.682500 0.721557 0.689167 0.716766 0.701667 0.716766 0.714167 0.713174 0.731667 0.723952 0.743333 0.723952 0.758333 0.727545 0.770000 0.724551 0.774167 0.711976 0.774167 0.698802 0.781667 0.682036 0.780000 0.665269
2 0.238333 0.089820 0.228333 0.098204 0.228333 0.111377 0.217500 0.121557 0.205833 0.139521 0.202500 0.155090 0.207500 0.162275 0.223333 0.171257 0.254167 0.179042 0.339167 0.208982 0.382500 0.216766 0.386667 0.222156 0.382500 0.240719 0.387500 0.251497 0.424167 0.265868 0.434167 0.265868 0.449167 0.261677 0.487500 0.216168 0.507500 0.173054 0.520833 0.155090 0.526667 0.138922 0.524167 0.131138 0.515833 0.123952 0.505000 0.118563 0.482500 0.112575 0.468333 0.111976 0.456667 0.115569 0.429167 0.138922 0.397500 0.128743 0.386667 0.128144 0.380833 0.123353 0.371667 0.123353 0.330833 0.108982 0.320000 0.108383 0.309167 0.103593 0.260000 0.091018
0 0.101667 0.723353 0.094167 0.734132 0.083333 0.740719 0.070000 0.759880 0.055000 0.768263 0.052500 0.778443 0.055833 0.785030 0.071667 0.792216 0.090000 0.795210 0.102500 0.802395 0.107500 0.807784 0.108333 0.817365 0.112500 0.821557 0.124167 0.823353 0.144167 0.814371 0.154167 0.813772 0.221667 0.847305 0.234167 0.850898 0.247500 0.861078 0.268333 0.870060 0.280833 0.871257 0.287500 0.868862 0.310833 0.845509 0.294167 0.823952 0.285000 0.817964 0.261667 0.808383 0.254167 0.802994 0.253333 0.799401 0.248333 0.800599 0.241667 0.798802 0.230833 0.788024 0.230000 0.781437 0.218333 0.780838 0.210000 0.777246 0.191667 0.773653 0.190000 0.768263 0.196667 0.760479 0.198333 0.750299 0.190000 0.744311 0.177500 0.743114 0.170833 0.744311 0.165000 0.741317 0.153333 0.740719 0.140833 0.726347 0.121667 0.716766 0.111667 0.716168
1 0.786667 0.403593 0.777500 0.398802 0.743333 0.402994 0.670833 0.431737 0.269167 0.570659 0.260833 0.571257 0.236667 0.553892 0.213333 0.559281 0.205000 0.565269 0.204167 0.575449 0.244167 0.644311 0.266667 0.659281 0.283333 0.659880 0.299167 0.653892 0.305833 0.645509 0.298333 0.623952 0.308333 0.617964 0.782500 0.451497 0.800833 0.433533
4 0.436667 0.690419 0.413333 0.686228 0.377500 0.696407 0.285000 0.743114 0.249167 0.755090 0.231667 0.768862 0.205000 0.779641 0.195833 0.788024 0.139167 0.759880 0.114167 0.764072 0.070000 0.787425 0.063333 0.811377 0.069167 0.832335 0.084167 0.858084 0.132500 0.911377 0.162500 0.936527 0.187500 0.950898 0.235833 0.966467 0.269167 0.949701 0.287500 0.935329 0.291667 0.898204 0.285000 0.883234 0.287500 0.876647 0.329167 0.856886 0.347500 0.844311 0.360000 0.841916 0.425000 0.811377 0.480000 0.780838 0.498333 0.766467 0.499167 0.746707 0.490000 0.731138 0.459167 0.703593
2 0.425833 0.094611 0.412500 0.093413 0.357500 0.098204 0.324167 0.097006 0.296667 0.100599 0.254167 0.102395 0.240833 0.106587 0.230000 0.118563 0.228333 0.129940 0.230833 0.144910 0.236667 0.153293 0.248333 0.158683 0.275833 0.161078 0.285833 0.165269 0.282500 0.194012 0.291667 0.256287 0.300000 0.292216 0.310833 0.301796 0.345000 0.304790 0.386667 0.299401 0.402500 0.294611 0.409167 0.287425 0.411667 0.268862 0.402500 0.196407 0.392500 0.158683 0.398333 0.150299 0.431667 0.137725 0.435000 0.117964 0.432500 0.105389
4 0.450000 0.383234 0.430000 0.377844 0.405833 0.379042 0.388333 0.386228 0.353333 0.393413 0.305000 0.414371 0.256667 0.427545 0.240000 0.427545 0.222500 0.408383 0.209167 0.402994 0.180833 0.402994 0.150833 0.412575 0.144167 0.417964 0.145000 0.444311 0.157500 0.475449 0.185000 0.520359 0.207500 0.547305 0.238333 0.564072 0.255833 0.564072 0.265833 0.558683 0.289167 0.553892 0.296667 0.549701 0.297500 0.529940 0.290000 0.513772 0.294167 0.506587 0.340833 0.498204 0.386667 0.481437 0.421667 0.473653 0.467500 0.459281 0.480833 0.452096 0.487500 0.444910 0.482500 0.425748 0.468333 0.401796
1 0.305000 0.465269 0.301667 0.494611 0.322500 0.505389 0.834167 0.591617 0.850000 0.600000 0.850000 0.622755 0.877500 0.628743 0.891667 0.621557 0.895000 0.602994 0.915000 0.565269 0.920000 0.542515 0.915000 0.526946 0.905000 0.522754 0.880000 0.523952 0.870833 0.538922 0.855833 0.543713 0.343333 0.456287 0.316667 0.456886
3 0.503333 0.398802 0.483333 0.413174 0.475833 0.432934 0.469167 0.603593 0.462500 0.635928 0.448333 0.657485 0.446667 0.691018 0.404167 0.699401 0.400000 0.706587 0.400000 0.730539 0.404167 0.736527 0.420833 0.742515 0.465000 0.749701 0.490833 0.747305 0.574167 0.755090 0.594167 0.753293 0.622500 0.745509 0.626667 0.711976 0.611667 0.704790 0.577500 0.698802 0.563333 0.691018 0.568333 0.659880 0.580000 0.479042 0.574167 0.435329 0.576667 0.422156 0.570833 0.408982 0.557500 0.399401
0 0.755000 0.473054 0.750000 0.473054 0.743333 0.479042 0.744167 0.480240 0.736667 0.497006 0.736667 0.500000 0.733333 0.505389 0.734167 0.507784 0.725833 0.525748 0.720833 0.526347 0.719167 0.527545 0.708333 0.527545 0.705833 0.529940 0.705000 0.532934 0.708333 0.537725 0.708333 0.544910 0.705000 0.548503 0.701667 0.549102 0.698333 0.553892 0.697500 0.558084 0.700000 0.563473 0.701667 0.562874 0.704167 0.564671 0.706667 0.564072 0.717500 0.566467 0.737500 0.567665 0.747500 0.571257 0.751667 0.571257 0.756667 0.568862 0.756667 0.565868 0.758333 0.565269 0.758333 0.558084 0.751667 0.555689 0.748333 0.552695 0.755000 0.549102 0.759167 0.548503 0.762500 0.545509 0.765000 0.545509 0.769167 0.541317 0.768333 0.538323 0.765833 0.537126 0.765833 0.535928 0.758333 0.532335 0.757500 0.528742 0.760000 0.525150 0.761667 0.519760 0.760833 0.517365 0.769167 0.496407 0.768333 0.494611 0.772500 0.484431 0.773333 0.478443 0.769167 0.475449 0.757500 0.474252
0 0.340000 0.405389 0.335833 0.413174 0.334167 0.423952 0.338333 0.427545 0.349167 0.427545 0.355000 0.432934 0.358333 0.433533 0.362500 0.432335 0.368333 0.428144 0.399167 0.434132 0.400833 0.435329 0.407500 0.435329 0.411667 0.432934 0.413333 0.425748 0.410833 0.423353 0.402500 0.420359 0.395833 0.419760 0.394167 0.418563 0.374167 0.414371 0.369167 0.406587 0.365833 0.405389 0.356667 0.406587 0.353333 0.404192 0.344167 0.403593
4 0.437500 0.409581 0.386667 0.417365 0.341667 0.433533 0.290000 0.446707 0.246667 0.467066 0.235833 0.476048 0.233333 0.482635 0.257500 0.517365 0.278333 0.515569 0.305000 0.507784 0.316667 0.511377 0.328333 0.520359 0.413333 0.654491 0.426667 0.663473 0.503333 0.644910 0.517500 0.638323 0.519167 0.633533 0.511667 0.603593 0.479167 0.562874 0.444167 0.502395 0.430000 0.486826 0.427500 0.476647 0.433333 0.469461 0.449167 0.468862 0.471667 0.446108 0.466667 0.432934 0.451667 0.413772
3 0.495833 0.600599 0.485833 0.625749 0.489167 0.637126 0.495833 0.643713 0.565833 0.677844 0.575000 0.685629 0.619167 0.701198 0.650000 0.719760 0.670833 0.725748 0.687500 0.737725 0.697500 0.740719 0.700833 0.747305 0.715000 0.746707 0.730833 0.752695 0.748333 0.767066 0.740833 0.786826 0.740833 0.794611 0.745000 0.799401 0.767500 0.811377 0.777500 0.811976 0.800000 0.807186 0.820000 0.794611 0.842500 0.770060 0.845000 0.758084 0.860833 0.734132 0.863333 0.717365 0.859167 0.706587 0.850000 0.699401 0.834167 0.694012 0.824167 0.694012 0.798333 0.704790 0.782500 0.707186 0.736667 0.682036 0.656667 0.651497 0.631667 0.639521 0.617500 0.628144 0.595000 0.620359 0.572500 0.607186 0.533333 0.591018 0.510833 0.589820
0 0.289167 0.224551 0.270000 0.235329 0.265000 0.243114 0.261667 0.244910 0.257500 0.250898 0.248333 0.277246 0.255000 0.304790 0.271667 0.328144 0.280000 0.335329 0.301667 0.347305 0.318333 0.352096 0.328333 0.351497 0.340000 0.355090 0.360833 0.370659 0.370833 0.372455 0.395833 0.371856 0.410833 0.365868 0.424167 0.347904 0.417500 0.319760 0.425833 0.305988 0.427500 0.292814 0.424167 0.280240 0.406667 0.254491 0.383333 0.237725 0.356667 0.228743 0.352500 0.225749 0.343333 0.223952 0.335000 0.219162 0.320000 0.216766
3 0.547500 0.790419 0.540833 0.791617 0.527500 0.791018 0.512500 0.793413 0.510833 0.792814 0.500833 0.795210 0.498333 0.796407 0.496667 0.798802 0.498333 0.806587 0.500000 0.807784 0.504167 0.807186 0.511667 0.808982 0.514167 0.812575 0.515833 0.822156 0.515000 0.823353 0.518333 0.834132 0.517500 0.835329 0.520000 0.845509 0.520000 0.852695 0.521667 0.855090 0.520833 0.858084 0.522500 0.861078 0.521667 0.862275 0.524167 0.874251 0.526667 0.879641 0.530833 0.881437 0.545833 0.880240 0.549167 0.879042 0.550833 0.876048 0.550833 0.870659 0.549167 0.868263 0.550000 0.867066 0.547500 0.859880 0.548333 0.856886 0.545833 0.850299 0.546667 0.847305 0.543333 0.831138 0.544167 0.826946 0.542500 0.823952 0.543333 0.820958 0.540833 0.810778 0.542500 0.804790 0.552500 0.802395 0.555000 0.800599 0.555000 0.797605 0.552500 0.792216
3 0.450833 0.628144 0.394167 0.638922 0.312500 0.662275 0.295833 0.670659 0.287500 0.680239 0.295833 0.700599 0.305000 0.707784 0.333333 0.702994 0.351667 0.705988 0.442500 0.898802 0.456667 0.919760 0.467500 0.928144 0.477500 0.930539 0.502500 0.927545 0.530833 0.919760 0.535833 0.912575 0.536667 0.901796 0.455833 0.735928 0.437500 0.686826 0.437500 0.680239 0.442500 0.676048 0.452500 0.674251 0.475833 0.659880 0.464167 0.631138
0 0.608333 0.355689 0.595000 0.364671 0.587500 0.373054 0.567500 0.385030 0.557500 0.398802 0.540000 0.408982 0.535833 0.415569 0.538333 0.425150 0.553333 0.434132 0.571667 0.438323 0.588333 0.450898 0.590000 0.464072 0.594167 0.470060 0.605833 0.472455 0.634167 0.464671 0.644167 0.466467 0.653333 0.474252 0.680833 0.488024 0.705000 0.504790 0.720833 0.510778 0.737500 0.525748 0.756667 0.535329 0.768333 0.537725 0.782500 0.532934 0.805833 0.512575 0.791667 0.487425 0.756667 0.466467 0.750833 0.461078 0.750833 0.456287 0.742500 0.457485 0.735833 0.453293 0.734167 0.447904 0.729167 0.443713 0.727500 0.435329 0.718333 0.434731 0.688333 0.424551 0.686667 0.419760 0.694167 0.411377 0.698333 0.401198 0.690833 0.392814 0.669167 0.390419 0.663333 0.387425 0.649167 0.385030 0.638333 0.370060 0.619167 0.356886
0 0.078333 0.491617 0.081667 0.501796 0.085000 0.504192 0.093333 0.504790 0.101667 0.502395 0.106667 0.502395 0.114167 0.505988 0.119167 0.505988 0.125000 0.502994 0.127500 0.498204 0.130000 0.496407 0.162500 0.496407 0.172500 0.495808 0.176667 0.494611 0.180000 0.491018 0.180000 0.483234 0.178333 0.480838 0.174167 0.479042 0.126667 0.479042 0.124167 0.476048 0.120833 0.474850 0.119167 0.473054 0.116667 0.473054 0.115833 0.471856 0.112500 0.471257 0.105833 0.473653 0.087500 0.472455 0.080833 0.475449 0.080833 0.479641 0.079167 0.483234 0.080000 0.488024
