3 0.473333 0.371257 0.386667 0.442515 0.367500 0.467665 0.363333 0.492814 0.401667 0.510778 0.428333 0.501796 0.441667 0.491617 0.460833 0.495808 0.479167 0.511377 0.539167 0.537126 0.664167 0.610180 0.741667 0.648503 0.771667 0.655689 0.800000 0.643713 0.815000 0.628144 0.820833 0.611377 0.818333 0.594611 0.801667 0.577246 0.672500 0.504192 0.524167 0.428743 0.520833 0.417964 0.539167 0.394611 0.535833 0.383832 0.505000 0.366467 0.494167 0.365868
3 0.185833 0.349102 0.130833 0.420958 0.121667 0.473653 0.134167 0.495210 0.169167 0.508383 0.196667 0.498802 0.224167 0.499401 0.244167 0.485030 0.257500 0.486228 0.439167 0.566467 0.507500 0.588623 0.531667 0.599401 0.555000 0.616766 0.592500 0.630539 0.645000 0.635928 0.662500 0.629940 0.681667 0.610180 0.689167 0.592814 0.685833 0.574251 0.665833 0.554491 0.607500 0.526347 0.505000 0.490419 0.486667 0.481437 0.476667 0.470060 0.453333 0.464671 0.337500 0.414970 0.308333 0.407186 0.297500 0.394611 0.303333 0.364072 0.299167 0.350299 0.267500 0.329341 0.255833 0.326347 0.235833 0.328743
2 0.278333 0.285030 0.195000 0.325749 0.125833 0.382635 0.124167 0.397006 0.145000 0.438922 0.166667 0.458084 0.207500 0.475449 0.273333 0.471856 0.374167 0.562874 0.435000 0.608982 0.461667 0.611976 0.491667 0.608383 0.538333 0.594611 0.565833 0.579042 0.580833 0.564072 0.586667 0.540719 0.578333 0.520958 0.544167 0.483832 0.435833 0.386826 0.456667 0.347305 0.456667 0.331737 0.443333 0.307784 0.410833 0.279042 0.378333 0.268862 0.350000 0.268263
2 0.323333 0.379641 0.289167 0.404790 0.266667 0.429940 0.251667 0.453892 0.235833 0.494012 0.236667 0.505988 0.247500 0.519162 0.284167 0.534731 0.308333 0.533533 0.338333 0.520958 0.344167 0.521557 0.470000 0.574850 0.490000 0.588623 0.518333 0.598204 0.529167 0.597006 0.555000 0.580838 0.575000 0.555090 0.584167 0.535329 0.579167 0.523353 0.484167 0.480838 0.453333 0.461677 0.423333 0.450898 0.408333 0.441916 0.407500 0.432934 0.413333 0.411976 0.400833 0.392216 0.384167 0.381437 0.364167 0.374850 0.346667 0.373054
2 0.467500 0.319162 0.455833 0.358683 0.455833 0.372455 0.458333 0.376048 0.475000 0.379042 0.483333 0.377844 0.487500 0.372455 0.487500 0.368263 0.490833 0.365868 0.497500 0.365868 0.507500 0.368263 0.516667 0.368263 0.526667 0.370060 0.532500 0.369461 0.542500 0.371257 0.550833 0.371257 0.565000 0.373653 0.570833 0.373054 0.574167 0.370659 0.579167 0.352096 0.579167 0.344910 0.577500 0.341317 0.554167 0.336527 0.552500 0.337126 0.548333 0.335928 0.545833 0.336527 0.529167 0.334132 0.526667 0.334731 0.519167 0.332934 0.517500 0.333533 0.499167 0.331737 0.496667 0.329940 0.496667 0.319760 0.489167 0.316168 0.476667 0.314970 0.470833 0.316766
0 0.750833 0.641317 0.734167 0.623952 0.721667 0.619162 0.674167 0.630539 0.644167 0.633533 0.629167 0.639521 0.615000 0.640120 0.598333 0.644910 0.587500 0.643114 0.574167 0.633533 0.568333 0.631737 0.545833 0.631737 0.529167 0.637725 0.514167 0.646108 0.480833 0.652096 0.470000 0.658683 0.470000 0.686826 0.497500 0.738922 0.510833 0.745509 0.525833 0.744910 0.543333 0.740120 0.550000 0.732335 0.560000 0.726946 0.571667 0.727545 0.588333 0.733533 0.607500 0.729940 0.612500 0.725748 0.615833 0.717964 0.616667 0.703593 0.625833 0.697605 0.681667 0.686228 0.703333 0.679042 0.716667 0.677844 0.724167 0.673653 0.734167 0.673653 0.748333 0.668862 0.758333 0.662874
0 0.555000 0.383832 0.550833 0.388024 0.550833 0.389820 0.554167 0.393413 0.559167 0.395808 0.560000 0.397605 0.561667 0.397605 0.564167 0.400000 0.566667 0.400599 0.570833 0.404192 0.573333 0.404790 0.586667 0.414371 0.587500 0.418563 0.585833 0.423353 0.589167 0.425748 0.595833 0.426946 0.599167 0.431138 0.604167 0.434132 0.609167 0.434731 0.615833 0.432335 0.623333 0.426347 0.625000 0.426347 0.632500 0.419162 0.632500 0.413772 0.628333 0.410778 0.620833 0.408383 0.618333 0.401796 0.615833 0.400000 0.610000 0.400000 0.604167 0.402395 0.599167 0.401198 0.565833 0.380240 0.561667 0.380838
2 0.406667 0.104790 0.392500 0.122754 0.375833 0.161078 0.345000 0.265269 0.342500 0.289222 0.327500 0.313772 0.313333 0.318563 0.283333 0.320359 0.247500 0.332335 0.230833 0.375449 0.244167 0.397006 0.303333 0.412575 0.359167 0.417964 0.399167 0.428743 0.536667 0.443114 0.550833 0.435928 0.569167 0.406587 0.575833 0.383234 0.573333 0.358084 0.567500 0.346707 0.551667 0.347904 0.540000 0.341317 0.527500 0.341916 0.515833 0.337126 0.514167 0.326347 0.533333 0.299401 0.531667 0.280240 0.552500 0.229940 0.556667 0.202994 0.572500 0.176647 0.569167 0.124551 0.531667 0.110180 0.441667 0.100599
0 0.504167 0.364072 0.464167 0.367066 0.440000 0.377246 0.435833 0.392814 0.473333 0.542515 0.466667 0.556287 0.444167 0.561078 0.429167 0.571856 0.433333 0.582036 0.449167 0.585629 0.455833 0.591617 0.456667 0.634731 0.462500 0.646108 0.477500 0.652096 0.501667 0.652096 0.548333 0.642515 0.574167 0.642515 0.610833 0.635329 0.617500 0.622156 0.603333 0.591617 0.603333 0.575449 0.614167 0.560479 0.613333 0.556287 0.604167 0.549701 0.590833 0.548503 0.584167 0.543114 0.579167 0.529940 0.582500 0.518563 0.576667 0.509581 0.577500 0.502395 0.565833 0.496407 0.567500 0.472455 0.555833 0.467066 0.556667 0.455090 0.546667 0.436527 0.546667 0.423353 0.524167 0.384431 0.522500 0.373653
2 0.285000 0.344910 0.293333 0.398802 0.292500 0.451497 0.302500 0.529940 0.310833 0.545509 0.334167 0.558084 0.372500 0.558683 0.397500 0.555090 0.409167 0.549102 0.417500 0.540120 0.424167 0.506587 0.435833 0.499401 0.491667 0.501198 0.590000 0.494012 0.614167 0.495210 0.707500 0.485629 0.726667 0.471856 0.729167 0.434132 0.725833 0.414371 0.711667 0.375449 0.701667 0.367665 0.660000 0.364072 0.626667 0.368263 0.497500 0.372455 0.412500 0.381437 0.403333 0.373653 0.393333 0.343114 0.384167 0.335329 0.355000 0.328144 0.319167 0.329940 0.291667 0.335928
0 0.675833 0.277844 0.646667 0.291018 0.642500 0.295808 0.642500 0.299401 0.645000 0.304192 0.647500 0.306587 0.649167 0.306587 0.654167 0.309581 0.655833 0.312575 0.655000 0.319162 0.658333 0.323353 0.665000 0.325749 0.675833 0.325150 0.680833 0.328144 0.687500 0.337725 0.689167 0.338323 0.690000 0.340719 0.691667 0.340719 0.700833 0.353293 0.707500 0.359281 0.708333 0.361677 0.715000 0.364072 0.726667 0.361677 0.734167 0.357485 0.734167 0.352096 0.729167 0.342515 0.726667 0.340719 0.717500 0.327545 0.715833 0.323353 0.713333 0.321557 0.707500 0.310778 0.707500 0.307186 0.710000 0.301796 0.708333 0.296407 0.704167 0.292814 0.699167 0.292216 0.696667 0.290419 0.695000 0.284431 0.690000 0.279042 0.685833 0.277246
0 0.725000 0.296407 0.708333 0.279042 0.689167 0.268862 0.640000 0.255689 0.593333 0.259281 0.549167 0.272455 0.515833 0.296407 0.506667 0.309581 0.505833 0.320359 0.498333 0.329341 0.480833 0.338323 0.470000 0.346707 0.465833 0.356886 0.465000 0.376048 0.474167 0.390419 0.485000 0.397006 0.503333 0.403593 0.550000 0.400000 0.560000 0.402395 0.567500 0.407186 0.593333 0.411976 0.616667 0.410180 0.663333 0.397006 0.692500 0.379042 0.730833 0.335329 0.735833 0.324551 0.733333 0.313174
1 0.250000 0.151497 0.217500 0.160479 0.206667 0.198802 0.266667 0.520958 0.289167 0.607784 0.296667 0.691617 0.311667 0.753892 0.306667 0.770060 0.264167 0.788623 0.260833 0.823952 0.282500 0.829940 0.335833 0.829341 0.459167 0.813174 0.482500 0.802994 0.485833 0.787425 0.471667 0.761677 0.426667 0.758683 0.417500 0.747305 0.382500 0.576647 0.384167 0.532934 0.373333 0.501198 0.371667 0.463473 0.342500 0.349701 0.314167 0.183234 0.295833 0.155689
