0 0.735000 0.553892 0.732500 0.552695 0.725000 0.553293 0.717500 0.556886 0.712500 0.562275 0.710000 0.562874 0.708333 0.561677 0.705000 0.561677 0.701667 0.565269 0.704167 0.570060 0.697500 0.574850 0.679167 0.583832 0.661667 0.595210 0.660833 0.598802 0.671667 0.608383 0.680000 0.606587 0.713333 0.589222 0.720000 0.586826 0.729167 0.591617 0.733333 0.591018 0.735000 0.589820 0.734167 0.586228 0.737500 0.582635 0.736667 0.580838 0.738333 0.579042 0.743333 0.581437 0.746667 0.581437 0.755000 0.577844 0.755000 0.572455
1 0.937500 0.580240 0.934167 0.541317 0.925833 0.526946 0.881667 0.525748 0.870000 0.552695 0.850833 0.558683 0.584167 0.553892 0.545833 0.548503 0.209167 0.539521 0.173333 0.544311 0.160833 0.555689 0.157500 0.568263 0.163333 0.594611 0.200000 0.604192 0.848333 0.622156 0.866667 0.629940 0.885000 0.653892 0.908333 0.660479 0.920000 0.658084 0.930833 0.645509
3 0.318333 0.307186 0.322500 0.326946 0.357500 0.347904 0.407500 0.368263 0.516667 0.403593 0.636667 0.450299 0.696667 0.484431 0.700000 0.494012 0.690000 0.509581 0.692500 0.520958 0.727500 0.533533 0.745833 0.532335 0.771667 0.519162 0.810000 0.480240 0.851667 0.422754 0.857500 0.407186 0.855833 0.388623 0.816667 0.373054 0.798333 0.373054 0.778333 0.394611 0.754167 0.407186 0.667500 0.372455 0.399167 0.276647 0.360000 0.277844 0.334167 0.299401
2 0.651667 0.460479 0.628333 0.466467 0.586667 0.489222 0.520000 0.537725 0.475000 0.578443 0.468333 0.590419 0.469167 0.611976 0.490000 0.635928 0.516667 0.647904 0.535833 0.649701 0.556667 0.641317 0.567500 0.642515 0.594167 0.662874 0.622500 0.674251 0.672500 0.714970 0.693333 0.727545 0.700000 0.737126 0.721667 0.750898 0.736667 0.767066 0.756667 0.776647 0.769167 0.777844 0.847500 0.723353 0.849167 0.700000 0.825000 0.672455 0.793333 0.648503 0.691667 0.556886 0.686667 0.540120 0.707500 0.528144 0.720833 0.505988 0.715000 0.495210 0.685833 0.469461
3 0.319167 0.647305 0.317500 0.694012 0.329167 0.718563 0.349167 0.740120 0.368333 0.747305 0.395000 0.744311 0.426667 0.731138 0.440000 0.722156 0.454167 0.718563 0.734167 0.735928 0.768333 0.730539 0.782500 0.722754 0.790833 0.709581 0.785000 0.688024 0.771667 0.674850 0.755000 0.668263 0.730833 0.663473 0.671667 0.662275 0.454167 0.644910 0.445000 0.640120 0.438333 0.626347 0.420000 0.607186 0.399167 0.601796 0.368333 0.603593 0.355000 0.610180 0.322500 0.638922
3 0.699167 0.407186 0.692500 0.404790 0.672500 0.408383 0.670833 0.409581 0.669167 0.408982 0.662500 0.410180 0.660833 0.411377 0.655833 0.411377 0.635833 0.414970 0.634167 0.414371 0.626667 0.416168 0.624167 0.415569 0.622500 0.416766 0.618333 0.416766 0.595000 0.420958 0.590000 0.422754 0.585833 0.420958 0.580000 0.413174 0.577500 0.412575 0.567500 0.414371 0.565000 0.415569 0.565000 0.423952 0.567500 0.426946 0.567500 0.430539 0.570833 0.440120 0.574167 0.444311 0.577500 0.452695 0.583333 0.456886 0.593333 0.455689 0.596667 0.453293 0.596667 0.448503 0.595000 0.445509 0.597500 0.443713 0.605833 0.442515 0.606667 0.441317 0.611667 0.441317 0.613333 0.440120 0.652500 0.433533 0.657500 0.431138 0.686667 0.426347 0.698333 0.423353 0.701667 0.421557 0.703333 0.419162
2 0.633333 0.405389 0.626667 0.406587 0.620833 0.405389 0.597500 0.410180 0.584167 0.414970 0.581667 0.420359 0.583333 0.436527 0.585833 0.440719 0.587500 0.452695 0.594167 0.470659 0.593333 0.472455 0.595833 0.476647 0.597500 0.486826 0.593333 0.490419 0.580833 0.494611 0.578333 0.497605 0.577500 0.509581 0.581667 0.518563 0.585833 0.522754 0.594167 0.526946 0.636667 0.523952 0.642500 0.522156 0.645000 0.522754 0.680833 0.514970 0.692500 0.508383 0.696667 0.500599 0.695833 0.494012 0.690000 0.483832 0.682500 0.480838 0.681667 0.479042 0.666667 0.479042 0.661667 0.474252 0.661667 0.470659 0.655000 0.455090 0.655833 0.453293 0.652500 0.447305 0.653333 0.443114 0.646667 0.428144 0.645833 0.420359 0.638333 0.406587
2 0.556667 0.292216 0.512500 0.326946 0.475000 0.376048 0.467500 0.390419 0.465833 0.408383 0.476667 0.425150 0.493333 0.439521 0.525000 0.453892 0.552500 0.455090 0.596667 0.447305 0.737500 0.522156 0.750000 0.523952 0.776667 0.518563 0.802500 0.502994 0.825000 0.476048 0.825833 0.454491 0.815000 0.440719 0.786667 0.421557 0.704167 0.377844 0.671667 0.355689 0.677500 0.331737 0.675833 0.323353 0.667500 0.310778 0.651667 0.297605 0.620000 0.285030 0.600000 0.286826 0.590833 0.285030
3 0.294167 0.123353 0.265833 0.127545 0.231667 0.144910 0.219167 0.165868 0.220833 0.205988 0.263333 0.299401 0.286667 0.334731 0.286667 0.353293 0.303333 0.385030 0.315000 0.425748 0.341667 0.477246 0.324167 0.489820 0.315833 0.502994 0.322500 0.525748 0.339167 0.540120 0.376667 0.543114 0.453333 0.528144 0.530833 0.504192 0.565000 0.489222 0.580000 0.470060 0.567500 0.447904 0.552500 0.438922 0.494167 0.440120 0.476667 0.414371 0.342500 0.152695 0.316667 0.126946
0 0.554167 0.212575 0.539167 0.220958 0.529167 0.232934 0.513333 0.239521 0.481667 0.268263 0.469167 0.286826 0.468333 0.300000 0.473333 0.309581 0.499167 0.324551 0.515833 0.326347 0.525000 0.323952 0.532500 0.326347 0.541667 0.341916 0.541667 0.359880 0.559167 0.371257 0.576667 0.367665 0.604167 0.355689 0.610833 0.356287 0.775833 0.454491 0.786667 0.455090 0.807500 0.446707 0.835833 0.420359 0.835000 0.405389 0.818333 0.391018 0.706667 0.323952 0.676667 0.301796 0.675000 0.290419 0.683333 0.282036 0.687500 0.270659 0.684167 0.259880 0.664167 0.251497 0.635833 0.255689 0.618333 0.226347 0.605000 0.215569 0.590000 0.208982 0.575833 0.205988
