3 0.499167 0.722156 0.478333 0.711377 0.469167 0.711976 0.450833 0.719162 0.443333 0.724551 0.441667 0.730539 0.450833 0.743114 0.454167 0.755090 0.436667 0.762275 0.420833 0.765269 0.390000 0.779042 0.327500 0.813772 0.229167 0.858683 0.219167 0.867665 0.215000 0.879641 0.218333 0.886826 0.228333 0.893413 0.235833 0.907186 0.241667 0.910778 0.255833 0.911377 0.286667 0.903593 0.406667 0.846707 0.455000 0.827545 0.478333 0.814371 0.492500 0.812575 0.500000 0.806587 0.531667 0.820958 0.553333 0.812575 0.562500 0.804790 0.556667 0.788024
1 0.920833 0.631138 0.897500 0.572455 0.890000 0.565269 0.874167 0.562874 0.840000 0.571257 0.835833 0.601198 0.823333 0.608982 0.525000 0.641317 0.422500 0.646707 0.105833 0.681437 0.078333 0.692814 0.073333 0.723353 0.085000 0.744910 0.134167 0.750299 0.839167 0.676647 0.880000 0.709581 0.906667 0.710180 0.920000 0.703593 0.925000 0.689820
4 0.297500 0.072455 0.275000 0.105988 0.266667 0.130539 0.269167 0.144311 0.276667 0.151497 0.288333 0.156886 0.338333 0.166467 0.350833 0.174251 0.395833 0.182635 0.430000 0.194012 0.442500 0.194012 0.453333 0.204790 0.451667 0.225150 0.463333 0.247904 0.473333 0.253892 0.504167 0.262874 0.521667 0.255090 0.539167 0.241317 0.554167 0.223353 0.587500 0.161677 0.593333 0.135329 0.591667 0.117964 0.585833 0.109581 0.551667 0.095210 0.531667 0.094012 0.500000 0.126946 0.492500 0.128743 0.452500 0.107784 0.411667 0.100000 0.401667 0.094012 0.325000 0.071257 0.304167 0.069461
3 0.270833 0.413772 0.240000 0.455689 0.218333 0.503593 0.213333 0.540120 0.234167 0.556886 0.264167 0.561677 0.295833 0.550299 0.305833 0.537725 0.320833 0.535928 0.470000 0.579641 0.482500 0.586228 0.650833 0.631737 0.698333 0.639521 0.715833 0.634132 0.730000 0.613772 0.737500 0.584431 0.722500 0.567066 0.685000 0.551497 0.565833 0.519162 0.417500 0.472455 0.348333 0.459281 0.346667 0.449701 0.356667 0.414371 0.344167 0.405988 0.310000 0.397006 0.291667 0.400599
3 0.571667 0.111377 0.540000 0.100000 0.521667 0.096407 0.490833 0.097006 0.481667 0.102994 0.473333 0.118563 0.490000 0.138323 0.490833 0.147305 0.444167 0.201198 0.437500 0.213174 0.373333 0.286228 0.365000 0.300599 0.363333 0.313174 0.368333 0.317365 0.378333 0.318563 0.385833 0.326347 0.395833 0.329940 0.405833 0.330539 0.416667 0.328144 0.429167 0.320958 0.465833 0.284431 0.564167 0.170659 0.577500 0.171856 0.600000 0.169461 0.617500 0.158084 0.619167 0.152096 0.616667 0.145509 0.606667 0.132335
1 0.341667 0.144311 0.320000 0.156886 0.324167 0.184431 0.590833 0.594012 0.563333 0.626347 0.568333 0.641916 0.580000 0.649102 0.595000 0.649102 0.660000 0.632934 0.727500 0.602395 0.734167 0.596407 0.732500 0.585629 0.714167 0.567665 0.680833 0.572455 0.666667 0.567665 0.554167 0.398204 0.517500 0.331138 0.415000 0.173054 0.396667 0.151497 0.377500 0.138922
2 0.708333 0.252096 0.646667 0.276647 0.601667 0.305389 0.561667 0.320958 0.503333 0.359880 0.448333 0.389222 0.443333 0.406587 0.475833 0.450299 0.515833 0.475449 0.535000 0.480240 0.543333 0.470659 0.561667 0.467665 0.573333 0.458683 0.583333 0.456886 0.603333 0.471257 0.610000 0.491018 0.634167 0.504790 0.677500 0.553892 0.707500 0.577844 0.725000 0.604790 0.764167 0.630539 0.790833 0.641317 0.846667 0.622755 0.910000 0.582036 0.929167 0.559281 0.918333 0.537725 0.879167 0.492216 0.762500 0.387425 0.744167 0.359281 0.769167 0.331138 0.781667 0.300000 0.750000 0.261677
3 0.713333 0.049701 0.641667 0.067665 0.631667 0.084431 0.645000 0.145509 0.677500 0.221557 0.696667 0.292216 0.735833 0.392814 0.730833 0.404790 0.675000 0.424551 0.685833 0.461677 0.703333 0.469461 0.735833 0.468263 0.876667 0.444910 0.927500 0.428144 0.938333 0.411976 0.924167 0.382036 0.909167 0.379042 0.867500 0.382036 0.855000 0.370060 0.835833 0.309581 0.820000 0.280240 0.807500 0.221557 0.775833 0.130539 0.736667 0.060479 0.727500 0.052695
3 0.275833 0.034731 0.258333 0.044311 0.250833 0.068862 0.264167 0.262874 0.254167 0.307784 0.247500 0.312575 0.218333 0.316766 0.215000 0.320359 0.216667 0.341916 0.223333 0.350898 0.252500 0.358084 0.325833 0.360479 0.403333 0.354491 0.414167 0.349102 0.417500 0.343713 0.415000 0.319760 0.403333 0.313174 0.381667 0.313174 0.366667 0.308383 0.358333 0.297006 0.352500 0.232335 0.347500 0.217964 0.348333 0.164671 0.343333 0.100599 0.335000 0.058683 0.320833 0.041317
2 0.195833 0.530539 0.158333 0.529940 0.098333 0.543114 0.068333 0.564671 0.061667 0.585030 0.066667 0.634731 0.096667 0.738323 0.100833 0.778443 0.054167 0.808383 0.043333 0.829940 0.042500 0.856886 0.060833 0.892814 0.084167 0.904192 0.090833 0.911976 0.135833 0.927545 0.200833 0.925749 0.246667 0.919162 0.365833 0.885030 0.392500 0.866467 0.404167 0.836527 0.404167 0.808982 0.390000 0.776647 0.364167 0.756886 0.304167 0.733533 0.256667 0.558084 0.238333 0.541317
4 0.291667 0.202994 0.249167 0.217365 0.210833 0.236527 0.200833 0.247904 0.200000 0.260479 0.204167 0.269461 0.236667 0.303593 0.239167 0.316168 0.270000 0.348503 0.285833 0.373054 0.297500 0.382036 0.293333 0.396407 0.273333 0.410778 0.260000 0.439521 0.280000 0.470060 0.301667 0.472455 0.328333 0.470060 0.359167 0.462874 0.449167 0.428743 0.481667 0.408982 0.497500 0.393413 0.500833 0.380240 0.486667 0.352695 0.470833 0.341916 0.411667 0.353293 0.403333 0.350299 0.392500 0.314970 0.365000 0.285629 0.362500 0.274850 0.332500 0.236527 0.325833 0.222754 0.306667 0.204790
1 0.140833 0.371257 0.130833 0.391018 0.156667 0.419760 0.493333 0.623353 0.763333 0.777844 0.770000 0.790419 0.757500 0.824551 0.780000 0.848503 0.797500 0.849102 0.825833 0.837126 0.883333 0.793413 0.933333 0.729940 0.908333 0.708982 0.886667 0.702994 0.845000 0.723952 0.819167 0.713772 0.224167 0.358084 0.179167 0.347904
3 0.652500 0.650898 0.647500 0.617365 0.637500 0.591018 0.626667 0.575449 0.610833 0.568263 0.588333 0.568862 0.578333 0.572455 0.560000 0.587425 0.555833 0.598802 0.545833 0.602994 0.384167 0.604192 0.271667 0.608383 0.244167 0.616168 0.235833 0.632934 0.244167 0.657485 0.255000 0.665269 0.271667 0.670060 0.296667 0.671856 0.385000 0.667665 0.507500 0.668263 0.560833 0.664072 0.585000 0.695210 0.613333 0.698802 0.625000 0.695808 0.640833 0.683234 0.649167 0.672455
2 0.541667 0.098802 0.519167 0.099401 0.491667 0.111377 0.445000 0.122754 0.423333 0.131737 0.402500 0.149102 0.407500 0.176647 0.456667 0.258683 0.480000 0.307784 0.507500 0.344910 0.503333 0.352096 0.471667 0.373054 0.465833 0.388623 0.472500 0.410778 0.495000 0.436527 0.519167 0.444910 0.583333 0.436527 0.750833 0.385629 0.780833 0.370659 0.792500 0.347305 0.785833 0.325749 0.760833 0.296407 0.742500 0.290419 0.681667 0.294611 0.672500 0.289820 0.660000 0.261078 0.650833 0.254491 0.635833 0.230539 0.624167 0.200599 0.580833 0.142515 0.564167 0.112575
3 0.832500 0.253892 0.817500 0.241916 0.774167 0.243114 0.762500 0.253892 0.762500 0.272455 0.754167 0.286228 0.735000 0.293413 0.704167 0.292814 0.600000 0.302395 0.400000 0.305988 0.329167 0.313174 0.299167 0.325749 0.288333 0.365269 0.305000 0.380838 0.349167 0.387425 0.677500 0.376048 0.750833 0.384431 0.760833 0.391018 0.763333 0.411377 0.772500 0.419162 0.810000 0.417964 0.826667 0.411377 0.838333 0.386228 0.842500 0.320958
