3 0.667500 0.401198 0.644167 0.391018 0.596667 0.394611 0.489167 0.425150 0.455833 0.441916 0.442500 0.442515 0.424167 0.451497 0.352500 0.467665 0.299167 0.484431 0.268333 0.489222 0.255833 0.497605 0.229167 0.505389 0.212500 0.502395 0.191667 0.482036 0.170000 0.477844 0.128333 0.488623 0.116667 0.502994 0.120833 0.544311 0.161667 0.608982 0.165833 0.623353 0.188333 0.648503 0.215000 0.661677 0.257500 0.655689 0.276667 0.643713 0.270833 0.601198 0.282500 0.591617 0.309167 0.586228 0.367500 0.562275 0.484167 0.535329 0.665833 0.477844 0.686667 0.462275 0.690000 0.449701 0.687500 0.433533
2 0.249167 0.529341 0.216667 0.544311 0.185833 0.570060 0.174167 0.590419 0.190833 0.619162 0.230000 0.656287 0.251667 0.683832 0.302500 0.729940 0.279167 0.768263 0.279167 0.777246 0.287500 0.793413 0.312500 0.819162 0.325833 0.827545 0.350000 0.834132 0.366667 0.832934 0.403333 0.822755 0.444167 0.805389 0.471667 0.786826 0.510000 0.768862 0.549167 0.731138 0.555000 0.698204 0.535833 0.671257 0.504167 0.652096 0.433333 0.652096 0.399167 0.625150 0.356667 0.565868 0.335833 0.547305 0.310000 0.529940 0.286667 0.523353
0 0.490000 0.629940 0.480833 0.625749 0.470833 0.625150 0.459167 0.627545 0.449167 0.632934 0.436667 0.635928 0.428333 0.635329 0.417500 0.631737 0.406667 0.632335 0.400833 0.637725 0.396667 0.655090 0.394167 0.656886 0.378333 0.661677 0.321667 0.668862 0.262500 0.679641 0.255000 0.683234 0.252500 0.690419 0.244167 0.698204 0.245833 0.704192 0.259167 0.716766 0.273333 0.719162 0.404167 0.700599 0.409167 0.701796 0.421667 0.717964 0.430000 0.720359 0.436667 0.719162 0.443333 0.711976 0.462500 0.704790 0.477500 0.708383 0.496667 0.705988 0.506667 0.700000 0.507500 0.694012 0.502500 0.683234 0.503333 0.676647 0.498333 0.655090
4 0.669167 0.422156 0.651667 0.422754 0.641667 0.426946 0.632500 0.435329 0.625000 0.449102 0.620833 0.466467 0.613333 0.479042 0.609167 0.496407 0.594167 0.523353 0.581667 0.527545 0.566667 0.540120 0.556667 0.544311 0.542500 0.555090 0.535000 0.564072 0.530833 0.574850 0.530833 0.585629 0.534167 0.594012 0.540833 0.602395 0.562500 0.617365 0.579167 0.625150 0.604167 0.632335 0.652500 0.638922 0.678333 0.633533 0.704167 0.620359 0.714167 0.611377 0.720833 0.589820 0.716667 0.579641 0.686667 0.549701 0.714167 0.481437 0.720000 0.461078 0.720000 0.447305 0.716667 0.440120 0.688333 0.426347
3 0.537500 0.533533 0.508333 0.532934 0.467500 0.536527 0.441667 0.544311 0.430000 0.551497 0.422500 0.560479 0.425833 0.581437 0.470000 0.597006 0.473333 0.807784 0.480000 0.824551 0.487500 0.831138 0.496667 0.833533 0.538333 0.831737 0.552500 0.822755 0.557500 0.814970 0.560833 0.777844 0.558333 0.601796 0.565833 0.592814 0.599167 0.582635 0.605833 0.576647 0.608333 0.568862 0.604167 0.551497 0.582500 0.541317
2 0.790833 0.422754 0.776667 0.407186 0.749167 0.386228 0.718333 0.372455 0.695833 0.367665 0.674167 0.367665 0.655000 0.372455 0.628333 0.385030 0.613333 0.396407 0.605000 0.408383 0.598333 0.436527 0.589167 0.446108 0.567500 0.449701 0.552500 0.457485 0.513333 0.470659 0.478333 0.486826 0.465000 0.495808 0.454167 0.511377 0.454167 0.523952 0.466667 0.550299 0.500833 0.565868 0.530000 0.574850 0.562500 0.564671 0.654167 0.526946 0.663333 0.526946 0.670833 0.531737 0.679167 0.531138 0.693333 0.535329 0.706667 0.535329 0.731667 0.530539 0.746667 0.531138 0.759167 0.527545 0.786667 0.504790 0.796667 0.485030 0.800000 0.455689
3 0.530000 0.580838 0.534167 0.555090 0.530000 0.511976 0.515000 0.482635 0.504167 0.477844 0.479167 0.477246 0.467500 0.480240 0.451667 0.491018 0.441667 0.505389 0.435000 0.507784 0.173333 0.492216 0.143333 0.493413 0.127500 0.497605 0.116667 0.511377 0.116667 0.529341 0.121667 0.540719 0.130833 0.549102 0.149167 0.555090 0.219167 0.560479 0.263333 0.560479 0.403333 0.571856 0.437500 0.570060 0.460833 0.604192 0.467500 0.607784 0.485000 0.608982 0.496667 0.607784 0.503333 0.599401 0.525000 0.586826
0 0.465833 0.335928 0.464167 0.334731 0.459167 0.334731 0.433333 0.339521 0.421667 0.340719 0.415000 0.335329 0.409167 0.335928 0.409167 0.337126 0.405000 0.339521 0.396667 0.339521 0.391667 0.340719 0.390833 0.346108 0.396667 0.362874 0.399167 0.364072 0.404167 0.364072 0.411667 0.361078 0.420833 0.362275 0.424167 0.359880 0.425000 0.355689 0.428333 0.353892 0.466667 0.346707 0.469167 0.344910 0.469167 0.342515
3 0.512500 0.291018 0.490833 0.281437 0.468333 0.278443 0.433333 0.299401 0.425833 0.313772 0.450833 0.338323 0.457500 0.355689 0.349167 0.422754 0.110833 0.582635 0.098333 0.601796 0.098333 0.611976 0.118333 0.634731 0.152500 0.660479 0.179167 0.658683 0.201667 0.649701 0.461667 0.477246 0.549167 0.428743 0.565000 0.429341 0.575833 0.438922 0.616667 0.453293 0.632500 0.447904 0.665000 0.425150 0.665833 0.413772 0.640833 0.386228 0.579167 0.336527
1 0.765000 0.179641 0.622500 0.158683 0.595833 0.161078 0.582500 0.177246 0.582500 0.205988 0.628333 0.225749 0.628333 0.245509 0.562500 0.420958 0.527500 0.474850 0.466667 0.665269 0.391667 0.853892 0.397500 0.883832 0.443333 0.901198 0.480833 0.902994 0.514167 0.868263 0.740833 0.264671 0.751667 0.252096 0.817500 0.234132 0.828333 0.219162 0.814167 0.197006
1 0.840000 0.488623 0.828333 0.447305 0.813333 0.432934 0.780833 0.435329 0.774167 0.465269 0.231667 0.511976 0.212500 0.518563 0.207500 0.530539 0.215000 0.553293 0.224167 0.560479 0.241667 0.564671 0.785000 0.520359 0.795000 0.542515 0.808333 0.544910 0.834167 0.540719 0.840000 0.531138
0 0.448333 0.155689 0.419167 0.168862 0.411667 0.182635 0.430833 0.331737 0.428333 0.335329 0.391667 0.346707 0.385000 0.356287 0.387500 0.364072 0.400833 0.371856 0.412500 0.391018 0.412500 0.397605 0.403333 0.410180 0.405000 0.429341 0.415833 0.442515 0.425000 0.444311 0.567500 0.435329 0.579167 0.425150 0.581667 0.417365 0.578333 0.402395 0.566667 0.387425 0.563333 0.374251 0.575833 0.355090 0.575833 0.343114 0.564167 0.335928 0.525833 0.326347 0.518333 0.311377 0.510833 0.242515 0.497500 0.178443 0.484167 0.166467 0.475833 0.165868 0.459167 0.155090
4 0.209167 0.537725 0.186667 0.549102 0.176667 0.558084 0.155833 0.588623 0.152500 0.602994 0.165000 0.634132 0.177500 0.642515 0.230833 0.658683 0.243333 0.666467 0.270000 0.757485 0.283333 0.789222 0.296667 0.805988 0.307500 0.811976 0.327500 0.814371 0.361667 0.814371 0.384167 0.810180 0.400000 0.802994 0.406667 0.795808 0.412500 0.777844 0.395000 0.713772 0.385000 0.692216 0.378333 0.652695 0.390000 0.641317 0.395833 0.620958 0.405000 0.609581 0.411667 0.591617 0.412500 0.574251 0.407500 0.559880 0.396667 0.545509 0.370833 0.531737 0.331667 0.523952 0.297500 0.522754 0.263333 0.525748
