0 0.680000 0.547305 0.666667 0.536527 0.647500 0.532934 0.619167 0.535329 0.603333 0.546707 0.590833 0.549102 0.578333 0.546707 0.555833 0.533533 0.530833 0.534132 0.520000 0.538922 0.510833 0.550299 0.504167 0.567665 0.492500 0.573653 0.471667 0.573054 0.441667 0.577246 0.405833 0.576647 0.377500 0.580838 0.356667 0.579641 0.348333 0.583234 0.332500 0.581437 0.316667 0.583234 0.296667 0.589820 0.294167 0.611976 0.300833 0.631737 0.312500 0.649102 0.328333 0.658084 0.366667 0.653892 0.413333 0.653293 0.437500 0.656287 0.462500 0.650898 0.479167 0.653892 0.505000 0.651497 0.520833 0.659281 0.534167 0.673653 0.555000 0.679641 0.588333 0.677245 0.616667 0.668862 0.670000 0.666467 0.684167 0.659281 0.694167 0.628144 0.689167 0.600599 0.690833 0.589820
0 0.169167 0.426347 0.151667 0.434132 0.127500 0.451497 0.115833 0.468263 0.125833 0.500000 0.149167 0.524551 0.145833 0.552695 0.152500 0.566467 0.167500 0.579641 0.185000 0.588024 0.213333 0.591617 0.232500 0.597605 0.245833 0.612575 0.254167 0.629940 0.265833 0.642515 0.293333 0.686228 0.315000 0.705988 0.338333 0.712575 0.360833 0.708982 0.376667 0.701198 0.390000 0.689820 0.392500 0.673054 0.383333 0.651497 0.353333 0.611976 0.324167 0.562275 0.347500 0.530539 0.344167 0.509581 0.335833 0.498802 0.300000 0.476048 0.295000 0.464072 0.285833 0.455090 0.280833 0.437126 0.261667 0.422156 0.244167 0.417365 0.211667 0.417964
1 0.251667 0.202395 0.213333 0.223952 0.188333 0.246707 0.180833 0.270659 0.187500 0.278443 0.213333 0.293413 0.231667 0.289820 0.262500 0.293413 0.280000 0.305988 0.682500 0.698802 0.710000 0.704192 0.739167 0.697006 0.757500 0.680239 0.739167 0.646108 0.348333 0.260479 0.344167 0.246108 0.364167 0.220359 0.359167 0.208982 0.343333 0.195210 0.324167 0.189820 0.299167 0.189222
0 0.756667 0.702395 0.745000 0.708982 0.745833 0.709581 0.742500 0.711377 0.741667 0.714371 0.748333 0.722156 0.765000 0.737725 0.765833 0.740120 0.766667 0.739521 0.775833 0.749701 0.768333 0.756886 0.770000 0.761078 0.777500 0.760479 0.780833 0.762874 0.786667 0.762874 0.787500 0.764671 0.784167 0.768263 0.785000 0.771856 0.790000 0.776647 0.792500 0.777844 0.796667 0.777844 0.822500 0.763473 0.828333 0.758683 0.829167 0.755090 0.821667 0.746707 0.813333 0.743114 0.812500 0.740719 0.814167 0.737126 0.810833 0.734731 0.805000 0.735928 0.799167 0.735329 0.793333 0.731138 0.773333 0.711976 0.760833 0.702994
4 0.146667 0.446108 0.113333 0.470060 0.082500 0.510180 0.061667 0.548503 0.059167 0.564671 0.062500 0.577246 0.072500 0.585030 0.110833 0.599401 0.120833 0.595210 0.143333 0.579042 0.151667 0.580240 0.160833 0.577246 0.295833 0.627545 0.314167 0.631138 0.325833 0.629940 0.346667 0.608383 0.360000 0.586826 0.363333 0.568263 0.359167 0.562275 0.341667 0.551497 0.325833 0.548503 0.309167 0.541916 0.300833 0.535928 0.222500 0.514371 0.206667 0.507784 0.200000 0.501796 0.204167 0.477844 0.197500 0.466467 0.164167 0.447904 0.155833 0.445509
1 0.055833 0.623952 0.055000 0.649102 0.094167 0.666467 0.686667 0.740120 0.780000 0.747305 0.790833 0.755689 0.800000 0.787425 0.817500 0.794611 0.838333 0.794012 0.848333 0.788623 0.866667 0.758084 0.880000 0.669461 0.875833 0.655689 0.855833 0.649102 0.826667 0.649102 0.810000 0.677245 0.795000 0.681437 0.135833 0.597605 0.095833 0.596407 0.069167 0.601796
0 0.278333 0.691617 0.272500 0.691617 0.269167 0.693413 0.268333 0.692814 0.257500 0.704192 0.255000 0.704790 0.253333 0.708383 0.233333 0.727545 0.234167 0.728743 0.224167 0.737725 0.210833 0.737725 0.206667 0.738323 0.202500 0.740719 0.199167 0.745509 0.199167 0.749102 0.200833 0.751497 0.197500 0.755090 0.193333 0.757485 0.193333 0.759281 0.186667 0.766467 0.187500 0.768862 0.189167 0.769461 0.188333 0.770060 0.193333 0.773653 0.205000 0.779641 0.207500 0.779641 0.215833 0.784431 0.218333 0.784431 0.230833 0.790419 0.235833 0.789222 0.239167 0.786228 0.240000 0.786826 0.249167 0.777844 0.248333 0.777246 0.250833 0.774850 0.250000 0.774252 0.254167 0.771257 0.262500 0.768263 0.264167 0.766467 0.263333 0.765868 0.265000 0.764671 0.265000 0.760479 0.256667 0.751497 0.256667 0.749701 0.269167 0.737725 0.268333 0.737126 0.275833 0.729940 0.275833 0.728144 0.285000 0.719760 0.285000 0.717964 0.296667 0.705389 0.296667 0.702994 0.293333 0.700599 0.291667 0.697605
2 0.479167 0.435329 0.466667 0.474850 0.466667 0.486826 0.471667 0.504790 0.486667 0.523952 0.520833 0.538922 0.535000 0.541317 0.556667 0.540719 0.571667 0.537126 0.600000 0.520958 0.607500 0.519760 0.696667 0.535329 0.749167 0.540120 0.771667 0.532335 0.791667 0.513174 0.795833 0.486228 0.791667 0.476647 0.781667 0.467066 0.753333 0.456886 0.634167 0.435928 0.625833 0.426347 0.615000 0.421557 0.615000 0.411377 0.608333 0.404192 0.586667 0.394012 0.559167 0.389820 0.537500 0.391617 0.520000 0.397006
2 0.276667 0.137725 0.249167 0.149701 0.222500 0.171856 0.215000 0.191617 0.221667 0.208383 0.246667 0.231737 0.322500 0.286826 0.345833 0.308383 0.334167 0.338323 0.339167 0.353293 0.352500 0.368862 0.384167 0.385030 0.412500 0.387425 0.443333 0.384431 0.479167 0.366467 0.502500 0.349701 0.552500 0.298802 0.558333 0.281437 0.553333 0.265269 0.535833 0.244311 0.508333 0.228743 0.488333 0.225150 0.460000 0.225150 0.441667 0.228144 0.436667 0.226347 0.320000 0.140120 0.305833 0.135329
0 0.413333 0.699401 0.422500 0.746707 0.434167 0.774850 0.448333 0.786228 0.468333 0.791018 0.500833 0.784431 0.518333 0.768862 0.530833 0.777844 0.555833 0.788024 0.574167 0.788024 0.585833 0.782635 0.595833 0.759880 0.605000 0.750898 0.657500 0.742515 0.675833 0.742515 0.694167 0.738922 0.730833 0.738922 0.744167 0.735329 0.798333 0.731138 0.819167 0.723952 0.826667 0.713174 0.825000 0.686228 0.813333 0.667665 0.795000 0.660479 0.705000 0.665269 0.675000 0.663473 0.663333 0.665269 0.651667 0.671257 0.610000 0.672455 0.591667 0.668263 0.575833 0.653293 0.547500 0.643713 0.529167 0.647305 0.510833 0.662874 0.498333 0.662874 0.469167 0.655090 0.450000 0.655689 0.435833 0.659880 0.418333 0.674251
3 0.513333 0.082036 0.490833 0.078443 0.466667 0.080240 0.456667 0.083234 0.441667 0.098204 0.423333 0.138323 0.412500 0.176048 0.363333 0.285629 0.356667 0.311377 0.345833 0.317964 0.305000 0.320958 0.296667 0.326946 0.290000 0.338922 0.289167 0.350898 0.316667 0.375449 0.365833 0.389222 0.425000 0.395210 0.464167 0.392216 0.471667 0.389820 0.478333 0.382036 0.483333 0.368862 0.482500 0.358084 0.450833 0.334132 0.449167 0.326946 0.495833 0.218563 0.532500 0.119760 0.532500 0.093413 0.525833 0.086826
2 0.290833 0.358683 0.254167 0.371257 0.245833 0.376647 0.242500 0.381437 0.254167 0.403593 0.256667 0.404790 0.264167 0.416766 0.269167 0.420359 0.278333 0.434731 0.294167 0.452695 0.292500 0.456287 0.283333 0.459880 0.276667 0.465269 0.277500 0.473054 0.285000 0.483832 0.293333 0.488024 0.297500 0.487425 0.300833 0.488623 0.373333 0.464072 0.385000 0.456886 0.394167 0.453293 0.397500 0.449102 0.397500 0.444910 0.391667 0.434731 0.390000 0.434731 0.385833 0.428743 0.380833 0.426347 0.369167 0.426347 0.359167 0.430539 0.354167 0.429341 0.350833 0.424551 0.349167 0.424551 0.342500 0.412575 0.335000 0.403593 0.333333 0.403593 0.326667 0.393413 0.325000 0.393413 0.314167 0.377844 0.311667 0.376647 0.303333 0.363473 0.297500 0.359281
0 0.401667 0.768862 0.396667 0.766467 0.372500 0.763473 0.355833 0.764072 0.331667 0.769461 0.325000 0.769461 0.316667 0.766467 0.316667 0.769461 0.312500 0.772455 0.297500 0.771856 0.292500 0.769461 0.287500 0.769461 0.281667 0.774252 0.263333 0.779641 0.258333 0.779042 0.243333 0.765868 0.230000 0.766467 0.220833 0.774850 0.210833 0.778443 0.204167 0.783234 0.191667 0.779641 0.169167 0.781437 0.160833 0.784431 0.157500 0.788623 0.163333 0.817365 0.171667 0.833533 0.174167 0.846707 0.179167 0.853293 0.190000 0.855689 0.202500 0.853293 0.217500 0.846108 0.225000 0.844910 0.238333 0.844910 0.250833 0.850299 0.257500 0.850898 0.265833 0.847305 0.270000 0.840719 0.272500 0.828743 0.280000 0.825150 0.294167 0.823353 0.318333 0.816766 0.344167 0.813772 0.360000 0.808383 0.378333 0.808383 0.403333 0.801198 0.408333 0.795210 0.407500 0.783832
0 0.825833 0.259281 0.825000 0.260479 0.820833 0.261677 0.819167 0.273653 0.820833 0.274251 0.821667 0.277844 0.820000 0.282036 0.816667 0.283832 0.815000 0.286228 0.815000 0.288623 0.816667 0.292216 0.824167 0.294611 0.829167 0.297605 0.830000 0.301198 0.830000 0.315569 0.828333 0.325150 0.829167 0.332934 0.827500 0.342515 0.829167 0.352096 0.835000 0.353892 0.853333 0.353293 0.856667 0.352096 0.859167 0.347904 0.858333 0.343114 0.860000 0.342515 0.860000 0.325150 0.863333 0.300000 0.866667 0.297605 0.878333 0.294012 0.880833 0.291617 0.880000 0.287425 0.876667 0.285030 0.875000 0.280240 0.878333 0.272455 0.878333 0.265868 0.877500 0.263473 0.874167 0.262874 0.872500 0.261078 0.868333 0.261677 0.867500 0.260479 0.862500 0.261078 0.849167 0.259281
