0 0.439167 0.341916 0.420833 0.341916 0.402500 0.354491 0.388333 0.377246 0.365833 0.400000 0.359167 0.412575 0.304167 0.475449 0.298333 0.479641 0.292500 0.480240 0.278333 0.474850 0.260000 0.471856 0.255833 0.505389 0.228333 0.516766 0.220833 0.524551 0.215833 0.537725 0.220000 0.550898 0.252500 0.569461 0.295833 0.580240 0.315833 0.588024 0.335833 0.589820 0.347500 0.586228 0.359167 0.576647 0.370833 0.553293 0.393333 0.545509 0.396667 0.541916 0.394167 0.519760 0.385000 0.511976 0.388333 0.504192 0.401667 0.495808 0.405000 0.486826 0.425000 0.476647 0.441667 0.460479 0.467500 0.422156 0.476667 0.414371 0.478333 0.407784 0.486667 0.398204 0.489167 0.379042 0.481667 0.366467 0.471667 0.358683
2 0.307500 0.214970 0.281667 0.217365 0.225000 0.238323 0.192500 0.255689 0.180833 0.270659 0.180833 0.286826 0.192500 0.313772 0.217500 0.339521 0.256667 0.402994 0.280833 0.423952 0.325833 0.495808 0.328333 0.513772 0.321667 0.522156 0.275000 0.548503 0.275000 0.564671 0.285833 0.591018 0.318333 0.616168 0.356667 0.625150 0.441667 0.605389 0.497500 0.582036 0.575833 0.540120 0.613333 0.513772 0.628333 0.471856 0.615000 0.443713 0.580000 0.419162 0.566667 0.414371 0.535000 0.414970 0.520833 0.419760 0.500833 0.416168 0.471667 0.388623 0.438333 0.341317 0.418333 0.327545 0.401667 0.301198 0.386667 0.291018 0.377500 0.267066 0.351667 0.247305 0.342500 0.228144 0.327500 0.218563
3 0.191667 0.256287 0.172500 0.274850 0.170000 0.280838 0.171667 0.283234 0.181667 0.287425 0.186667 0.286228 0.192500 0.282635 0.196667 0.282036 0.202500 0.286826 0.219167 0.295808 0.222500 0.296407 0.226667 0.300000 0.232500 0.302395 0.242500 0.309581 0.245000 0.310180 0.282500 0.334132 0.290833 0.336527 0.297500 0.335928 0.305000 0.329341 0.305000 0.322156 0.303333 0.319162 0.272500 0.297605 0.265000 0.294012 0.255833 0.287425 0.251667 0.286228 0.249167 0.283234 0.246667 0.283234 0.241667 0.278443 0.235833 0.276048 0.226667 0.268862 0.223333 0.268263 0.219167 0.265269 0.218333 0.262275 0.224167 0.255090 0.224167 0.252096 0.220833 0.248503 0.219167 0.248503 0.215833 0.246108 0.210833 0.246108 0.200000 0.252096 0.197500 0.254491
3 0.535833 0.270060 0.490000 0.286228 0.479167 0.298204 0.474167 0.313772 0.479167 0.340719 0.519167 0.437126 0.559167 0.562275 0.580000 0.600599 0.529167 0.633533 0.526667 0.646707 0.530833 0.664072 0.540833 0.674850 0.585833 0.689820 0.616667 0.689222 0.690000 0.673653 0.740000 0.655090 0.770833 0.636527 0.779167 0.617964 0.770833 0.598204 0.761667 0.589222 0.730833 0.576647 0.700833 0.574251 0.690833 0.565269 0.637500 0.408383 0.595000 0.302395 0.581667 0.282635 0.568333 0.272455
1 0.874167 0.488024 0.800000 0.436527 0.766667 0.430539 0.745000 0.441317 0.735000 0.456287 0.757500 0.480838 0.758333 0.490419 0.365000 0.745509 0.211667 0.851497 0.190833 0.873054 0.190000 0.885629 0.213333 0.907784 0.242500 0.919760 0.274167 0.910778 0.830833 0.540719 0.875833 0.564072 0.894167 0.557485 0.913333 0.544311 0.915833 0.534731 0.910000 0.520958
2 0.665833 0.122156 0.650000 0.126347 0.555000 0.172455 0.465833 0.224551 0.459167 0.237725 0.478333 0.267665 0.508333 0.288623 0.530000 0.288024 0.556667 0.280838 0.565833 0.283234 0.572500 0.291018 0.585000 0.295808 0.624167 0.337126 0.648333 0.351497 0.706667 0.410180 0.725833 0.422156 0.745833 0.421557 0.788333 0.402994 0.820833 0.380240 0.827500 0.369461 0.825833 0.352695 0.795833 0.314970 0.769167 0.288024 0.752500 0.277844 0.740833 0.263473 0.730000 0.256886 0.717500 0.237725 0.706667 0.231138 0.705833 0.223952 0.696667 0.216766 0.700833 0.203593 0.728333 0.183832 0.733333 0.172455 0.730000 0.160479 0.704167 0.131138 0.686667 0.123353
1 0.745000 0.119760 0.706667 0.112575 0.689167 0.116168 0.160833 0.408383 0.105833 0.397006 0.080000 0.408982 0.071667 0.420958 0.080000 0.453892 0.118333 0.498204 0.143333 0.516766 0.162500 0.523353 0.184167 0.525748 0.202500 0.518563 0.221667 0.504192 0.213333 0.474252 0.218333 0.462275 0.300000 0.420359 0.354167 0.383832 0.369167 0.379641 0.375833 0.368862 0.396667 0.364072 0.405000 0.355689 0.465000 0.328743 0.679167 0.208982 0.705000 0.188623 0.740000 0.173653 0.758333 0.146707
0 0.250000 0.337725 0.237500 0.348503 0.235833 0.359281 0.241667 0.381437 0.226667 0.401198 0.242500 0.420958 0.244167 0.428743 0.252500 0.440120 0.242500 0.459880 0.245000 0.471257 0.241667 0.476048 0.242500 0.495210 0.238333 0.503593 0.240000 0.528144 0.244167 0.541317 0.241667 0.561078 0.250000 0.568862 0.256667 0.571257 0.290833 0.574251 0.306667 0.567066 0.311667 0.558683 0.312500 0.545509 0.318333 0.529341 0.316667 0.515569 0.324167 0.502395 0.321667 0.490419 0.327500 0.477246 0.326667 0.462874 0.332500 0.451497 0.334167 0.436527 0.342500 0.427545 0.361667 0.425150 0.375000 0.415569 0.375000 0.409581 0.364167 0.392814 0.377500 0.362874 0.375833 0.354491 0.366667 0.347305 0.351667 0.343114 0.308333 0.338922 0.286667 0.340120 0.268333 0.337126
0 0.832500 0.756287 0.781667 0.749102 0.760833 0.749701 0.750833 0.754491 0.744167 0.770060 0.745000 0.780240 0.742500 0.783234 0.725000 0.791617 0.736667 0.805988 0.737500 0.820958 0.722500 0.841317 0.721667 0.848503 0.716667 0.855090 0.710833 0.885629 0.705833 0.892814 0.705000 0.917964 0.715833 0.928144 0.743333 0.937725 0.753333 0.938922 0.762500 0.936527 0.772500 0.923952 0.776667 0.906587 0.786667 0.886826 0.790833 0.871257 0.801667 0.850898 0.809167 0.825749 0.818333 0.822156 0.827500 0.824551 0.844167 0.823952 0.844167 0.816168 0.835000 0.800599 0.850833 0.789222 0.855833 0.779042 0.855833 0.771856 0.850833 0.763473
1 0.933333 0.595808 0.914167 0.573653 0.862500 0.574850 0.149167 0.761078 0.126667 0.758084 0.093333 0.735329 0.057500 0.738323 0.045833 0.755689 0.050833 0.787425 0.104167 0.876647 0.118333 0.886826 0.139167 0.886826 0.171667 0.873054 0.167500 0.841317 0.182500 0.830539 0.392500 0.775449 0.461667 0.765269 0.494167 0.752096 0.905833 0.644910 0.933333 0.628743
4 0.710000 0.131138 0.698333 0.120359 0.680000 0.109581 0.649167 0.098204 0.630833 0.094611 0.603333 0.096407 0.581667 0.101198 0.569167 0.110778 0.560000 0.131138 0.551667 0.136527 0.543333 0.150898 0.536667 0.155689 0.512500 0.158084 0.480000 0.167066 0.413333 0.177844 0.368333 0.191617 0.355833 0.202994 0.352500 0.217964 0.358333 0.247904 0.374167 0.264072 0.403333 0.270659 0.426667 0.268862 0.538333 0.247305 0.566667 0.244910 0.587500 0.247904 0.640000 0.265269 0.655833 0.267066 0.677500 0.262874 0.709167 0.247904 0.725833 0.227545 0.732500 0.211377 0.733333 0.193413 0.725833 0.161078
4 0.861667 0.076048 0.840000 0.071257 0.811667 0.075449 0.594167 0.153892 0.525833 0.122156 0.504167 0.123952 0.457500 0.141317 0.448333 0.149701 0.440833 0.170060 0.445000 0.213174 0.470833 0.271257 0.494167 0.295808 0.531667 0.320958 0.585000 0.340120 0.610000 0.337725 0.650000 0.323952 0.658333 0.313174 0.654167 0.274850 0.670833 0.255090 0.873333 0.179641 0.906667 0.159880 0.907500 0.140120 0.900000 0.117964
3 0.206667 0.262275 0.210000 0.304790 0.223333 0.351497 0.249167 0.393413 0.277500 0.405389 0.325833 0.398802 0.335833 0.389222 0.344167 0.362275 0.359167 0.351497 0.408333 0.341317 0.437500 0.341317 0.470833 0.333533 0.547500 0.326946 0.610000 0.313772 0.725833 0.305988 0.813333 0.293413 0.849167 0.283832 0.857500 0.272455 0.844167 0.214970 0.834167 0.207784 0.804167 0.204192 0.720833 0.207186 0.614167 0.222754 0.343333 0.250898 0.325000 0.245509 0.300000 0.206587 0.270833 0.203593 0.245000 0.206587 0.225833 0.215569
3 0.765000 0.653293 0.735833 0.630539 0.712500 0.620359 0.692500 0.617964 0.658333 0.629341 0.647500 0.644311 0.662500 0.683832 0.658333 0.691617 0.634167 0.698204 0.575000 0.727545 0.326667 0.834731 0.303333 0.854491 0.293333 0.874850 0.307500 0.908982 0.328333 0.921557 0.341667 0.923952 0.375000 0.918563 0.463333 0.886228 0.478333 0.876048 0.629167 0.809581 0.677500 0.791018 0.704167 0.786228 0.726667 0.774252 0.744167 0.775449 0.771667 0.791617 0.798333 0.788024 0.819167 0.779641 0.829167 0.766467 0.823333 0.732335 0.805000 0.701198
0 0.549167 0.539521 0.529167 0.541317 0.511667 0.553293 0.500833 0.574251 0.486667 0.589222 0.482500 0.605389 0.464167 0.623353 0.461667 0.637725 0.446667 0.653293 0.440000 0.671257 0.427500 0.683234 0.415833 0.703593 0.402500 0.713174 0.375000 0.710180 0.351667 0.719162 0.348333 0.723353 0.352500 0.752096 0.326667 0.776048 0.317500 0.792216 0.325000 0.808982 0.341667 0.818563 0.456667 0.852695 0.470833 0.853892 0.490000 0.845509 0.499167 0.831737 0.503333 0.802395 0.536667 0.776647 0.525833 0.755090 0.523333 0.722156 0.539167 0.710180 0.548333 0.697006 0.548333 0.686228 0.556667 0.677844 0.565833 0.654491 0.575833 0.644910 0.590000 0.592814 0.602500 0.571257 0.598333 0.559880 0.590000 0.552695
1 0.903333 0.207784 0.888333 0.194012 0.870833 0.189222 0.844167 0.197605 0.842500 0.218563 0.829167 0.226347 0.753333 0.241916 0.288333 0.319162 0.262500 0.332335 0.262500 0.354491 0.273333 0.369461 0.294167 0.373054 0.317500 0.371257 0.847500 0.280240 0.860000 0.283832 0.876667 0.303593 0.897500 0.303593 0.915833 0.296407 0.922500 0.274850
1 0.913333 0.483234 0.903333 0.467066 0.875833 0.461677 0.846667 0.468263 0.835000 0.492216 0.645000 0.492814 0.615833 0.497006 0.521667 0.491018 0.400833 0.491018 0.369167 0.497006 0.309167 0.491617 0.160000 0.492216 0.107500 0.502395 0.095833 0.500599 0.067500 0.508982 0.060833 0.519162 0.060833 0.553892 0.067500 0.566467 0.092500 0.574850 0.305833 0.576048 0.359167 0.571257 0.372500 0.576048 0.839167 0.575449 0.848333 0.583234 0.855833 0.613174 0.895833 0.616168 0.912500 0.605988 0.918333 0.586228
4 0.383333 0.302395 0.370833 0.294012 0.355000 0.292216 0.313333 0.298802 0.310000 0.304790 0.306667 0.328144 0.299167 0.330539 0.290833 0.338323 0.270833 0.339521 0.233333 0.347305 0.148333 0.358084 0.127500 0.364671 0.121667 0.369461 0.123333 0.395808 0.136667 0.426946 0.145000 0.434132 0.153333 0.437126 0.175000 0.437725 0.192500 0.432934 0.210833 0.430539 0.220833 0.431737 0.230000 0.428144 0.302500 0.413174 0.320833 0.411976 0.330000 0.414371 0.345833 0.433533 0.357500 0.438922 0.400833 0.439521 0.411667 0.437126 0.417500 0.432934 0.422500 0.412575 0.418333 0.373054 0.401667 0.326946 0.395000 0.314970
2 0.259167 0.283832 0.204167 0.329341 0.137500 0.411377 0.118333 0.444910 0.125000 0.475449 0.152500 0.495808 0.184167 0.505988 0.213333 0.502395 0.232500 0.487425 0.250000 0.488024 0.297500 0.508383 0.319167 0.512575 0.385833 0.549102 0.408333 0.554491 0.427500 0.567066 0.454167 0.577246 0.471667 0.589222 0.499167 0.596407 0.511667 0.594611 0.570000 0.526946 0.571667 0.510778 0.565833 0.495210 0.548333 0.480838 0.510000 0.465868 0.470000 0.440719 0.395000 0.406587 0.335000 0.368263 0.333333 0.353293 0.354167 0.335928 0.357500 0.328144 0.355833 0.313174 0.344167 0.302395 0.308333 0.283832 0.272500 0.280240
1 0.168333 0.333533 0.163333 0.354491 0.193333 0.373054 0.684167 0.492814 0.760000 0.507186 0.769167 0.516766 0.771667 0.545509 0.784167 0.551497 0.800833 0.553293 0.810833 0.549701 0.833333 0.524551 0.860000 0.454491 0.859167 0.438922 0.844167 0.431737 0.819167 0.428743 0.800000 0.450898 0.786667 0.453293 0.610000 0.408982 0.551667 0.398204 0.241667 0.318563 0.212500 0.313772 0.184167 0.315569
3 0.500833 0.214371 0.490833 0.218563 0.467500 0.219760 0.445000 0.228144 0.435833 0.253293 0.436667 0.269461 0.467500 0.373054 0.491667 0.429341 0.510833 0.508982 0.520833 0.521557 0.513333 0.529341 0.478333 0.542515 0.470000 0.553293 0.477500 0.578443 0.484167 0.585030 0.528333 0.592814 0.584167 0.589820 0.662500 0.573653 0.705000 0.550299 0.705833 0.541317 0.696667 0.516766 0.678333 0.510180 0.641667 0.508383 0.627500 0.498204 0.548333 0.246707 0.539167 0.231737 0.520000 0.216766
