3 0.574167 0.292216 0.537500 0.304192 0.502500 0.323952 0.482500 0.341916 0.481667 0.352096 0.497500 0.369461 0.514167 0.373054 0.534167 0.373653 0.545000 0.379641 0.595833 0.455689 0.653333 0.532934 0.674167 0.548503 0.688333 0.549102 0.702500 0.544311 0.714167 0.535928 0.723333 0.523353 0.723333 0.511976 0.695000 0.467665 0.680000 0.450898 0.630000 0.371257 0.610000 0.345509 0.619167 0.333533 0.635000 0.320359 0.629167 0.304790 0.618333 0.295808 0.593333 0.292216
1 0.690000 0.219162 0.660000 0.210778 0.645000 0.217365 0.623333 0.236527 0.554167 0.324551 0.539167 0.329940 0.515000 0.370060 0.489167 0.389820 0.466667 0.430539 0.453333 0.427545 0.431667 0.465269 0.421667 0.470060 0.310000 0.604790 0.296667 0.612575 0.260833 0.604192 0.243333 0.619162 0.242500 0.634132 0.267500 0.650299 0.350000 0.683234 0.388333 0.686228 0.398333 0.679042 0.407500 0.655689 0.391667 0.641317 0.389167 0.631138 0.420000 0.601796 0.484167 0.514970 0.513333 0.485629 0.514167 0.477246 0.527500 0.468263 0.533333 0.455689 0.602500 0.381437 0.633333 0.337126 0.710000 0.264072 0.715833 0.253293 0.715000 0.234731
0 0.331667 0.491617 0.314167 0.479641 0.285000 0.469461 0.251667 0.468862 0.221667 0.474850 0.210833 0.479042 0.195000 0.488623 0.187500 0.495210 0.185000 0.498802 0.184167 0.504790 0.178333 0.510778 0.170833 0.515569 0.160833 0.518563 0.153333 0.524551 0.148333 0.541317 0.152500 0.553293 0.168333 0.563473 0.172500 0.564671 0.204167 0.564671 0.209167 0.565868 0.215000 0.570659 0.235833 0.576048 0.250833 0.576048 0.283333 0.570060 0.294167 0.565868 0.310000 0.556886 0.320833 0.545509 0.327500 0.541916 0.331667 0.535928 0.338333 0.531737 0.342500 0.526347 0.343333 0.514970 0.340833 0.505389
0 0.716667 0.200599 0.699167 0.216766 0.697500 0.223952 0.700000 0.231138 0.716667 0.243114 0.737500 0.254491 0.743333 0.259880 0.757500 0.266467 0.766667 0.274251 0.770833 0.282635 0.782500 0.294611 0.781667 0.304192 0.785833 0.313174 0.797500 0.317365 0.825833 0.317365 0.827500 0.318563 0.825833 0.323353 0.827500 0.331138 0.839167 0.341317 0.852500 0.344910 0.865833 0.341317 0.885000 0.328144 0.913333 0.300000 0.917500 0.290419 0.913333 0.281437 0.899167 0.273653 0.880833 0.269461 0.875833 0.264671 0.873333 0.254491 0.866667 0.249701 0.858333 0.247904 0.845833 0.249701 0.835000 0.254491 0.828333 0.253892 0.786667 0.231138 0.743333 0.202994 0.731667 0.198802
2 0.582500 0.296407 0.540000 0.327545 0.495000 0.376048 0.480000 0.396407 0.482500 0.416168 0.497500 0.428743 0.520000 0.436527 0.531667 0.435329 0.544167 0.424551 0.562500 0.429341 0.600833 0.446108 0.649167 0.472455 0.656667 0.474252 0.690833 0.498204 0.707500 0.505389 0.715833 0.505389 0.728333 0.497605 0.748333 0.477844 0.766667 0.452096 0.764167 0.443114 0.720833 0.411976 0.700833 0.400599 0.690000 0.397605 0.671667 0.384431 0.653333 0.375449 0.645000 0.367066 0.625833 0.357485 0.622500 0.346707 0.635833 0.337126 0.639167 0.319162 0.607500 0.298802
3 0.431667 0.406587 0.404167 0.425150 0.400833 0.453293 0.436667 0.592216 0.436667 0.639521 0.445000 0.670659 0.439167 0.691617 0.425833 0.709581 0.426667 0.741317 0.405000 0.750299 0.397500 0.761078 0.398333 0.789820 0.408333 0.802395 0.425000 0.808383 0.459167 0.813772 0.533333 0.813174 0.557500 0.818563 0.568333 0.813174 0.639167 0.801198 0.649167 0.793413 0.653333 0.782036 0.651667 0.761078 0.629167 0.738922 0.590000 0.734731 0.577500 0.722156 0.578333 0.694611 0.564167 0.666467 0.559167 0.628743 0.549167 0.610778 0.547500 0.565269 0.536667 0.534132 0.538333 0.514371 0.528333 0.496407 0.525000 0.456886 0.515833 0.429341 0.494167 0.409581 0.451667 0.404790
0 0.292500 0.734132 0.286667 0.732934 0.282500 0.729940 0.280000 0.729940 0.275833 0.727545 0.270833 0.727545 0.265000 0.730539 0.260833 0.734132 0.259167 0.739521 0.251667 0.741317 0.246667 0.744910 0.246667 0.759281 0.238333 0.765269 0.236667 0.768263 0.232500 0.770060 0.222500 0.777844 0.210000 0.789820 0.210000 0.793413 0.215000 0.797006 0.218333 0.801198 0.222500 0.802994 0.229167 0.802994 0.265833 0.775449 0.271667 0.773054 0.276667 0.773653 0.279167 0.772455 0.284167 0.772455 0.291667 0.768263 0.291667 0.764072 0.293333 0.761078 0.296667 0.759281 0.302500 0.758683 0.308333 0.755090 0.307500 0.754491 0.309167 0.748503 0.307500 0.744910
0 0.367500 0.095808 0.363333 0.096407 0.360000 0.099401 0.355000 0.110180 0.349167 0.128743 0.345833 0.130539 0.340000 0.131138 0.335833 0.132934 0.334167 0.136527 0.335000 0.140120 0.330000 0.149701 0.330000 0.153293 0.335000 0.158084 0.355000 0.162874 0.365833 0.162874 0.371667 0.159880 0.373333 0.155689 0.372500 0.147904 0.380833 0.141916 0.379167 0.139521 0.372500 0.135329 0.371667 0.131138 0.373333 0.128743 0.373333 0.125150 0.375833 0.120958 0.377500 0.113174 0.380000 0.110180 0.381667 0.101198 0.375000 0.097006
0 0.765000 0.144311 0.759167 0.146108 0.755000 0.149102 0.755000 0.154491 0.760000 0.161078 0.758333 0.164671 0.755833 0.165868 0.755833 0.168862 0.764167 0.172455 0.765000 0.171856 0.768333 0.174251 0.770833 0.186826 0.772500 0.189820 0.772500 0.197605 0.775000 0.203593 0.776667 0.204790 0.786667 0.205988 0.791667 0.204790 0.795000 0.201198 0.790000 0.171257 0.799167 0.164671 0.798333 0.161078 0.795833 0.158084 0.795833 0.148503 0.794167 0.146108 0.788333 0.143114 0.775833 0.143114
3 0.227500 0.570060 0.206667 0.571856 0.183333 0.577246 0.178333 0.581437 0.176667 0.595808 0.234167 0.732934 0.247500 0.777844 0.244167 0.782635 0.234167 0.785030 0.213333 0.796407 0.213333 0.803593 0.220833 0.820359 0.232500 0.823952 0.294167 0.813772 0.350833 0.799401 0.365833 0.792216 0.371667 0.784431 0.366667 0.768862 0.360000 0.762275 0.335833 0.764671 0.320000 0.762275 0.254167 0.595808 0.246667 0.582036 0.235833 0.572455
1 0.804167 0.353293 0.777500 0.333533 0.755000 0.324551 0.722500 0.332335 0.700000 0.350299 0.711667 0.373054 0.699167 0.386826 0.320833 0.581437 0.302500 0.585030 0.284167 0.598204 0.172500 0.650898 0.108333 0.689222 0.097500 0.708383 0.122500 0.738323 0.137500 0.747904 0.157500 0.746707 0.215000 0.722156 0.757500 0.449102 0.767500 0.448503 0.809167 0.465269 0.845000 0.450898 0.853333 0.437725 0.849167 0.417365
2 0.190833 0.777246 0.186667 0.779042 0.180833 0.788623 0.180833 0.792216 0.183333 0.794012 0.188333 0.795210 0.190833 0.797605 0.190000 0.800000 0.175833 0.819761 0.175833 0.821557 0.172500 0.825150 0.163333 0.841916 0.165000 0.844311 0.170000 0.845509 0.172500 0.847305 0.184167 0.849701 0.195833 0.853892 0.199167 0.852695 0.201667 0.848503 0.204167 0.846707 0.211667 0.835928 0.211667 0.834132 0.216667 0.829341 0.220833 0.822156 0.222500 0.821557 0.222500 0.819761 0.227500 0.813772 0.227500 0.811976 0.230833 0.809581 0.235833 0.809581 0.242500 0.811377 0.248333 0.810180 0.254167 0.803593 0.255833 0.797006 0.251667 0.792814 0.233333 0.786228 0.217500 0.782635 0.210000 0.779641 0.200833 0.777844
0 0.379167 0.343114 0.340000 0.357485 0.331667 0.363473 0.325000 0.374251 0.326667 0.389820 0.345833 0.417365 0.343333 0.423952 0.333333 0.431138 0.332500 0.439521 0.339167 0.452096 0.353333 0.460479 0.370000 0.464671 0.382500 0.473054 0.382500 0.479641 0.397500 0.519162 0.400833 0.542515 0.408333 0.562874 0.415000 0.571856 0.422500 0.577844 0.430000 0.579641 0.458333 0.580240 0.478333 0.572455 0.485833 0.559281 0.485833 0.549701 0.479167 0.536527 0.461667 0.459880 0.465000 0.454491 0.475833 0.449701 0.490000 0.436527 0.492500 0.426946 0.486667 0.417964 0.465833 0.407186 0.449167 0.393413 0.450833 0.386826 0.458333 0.377844 0.457500 0.367665 0.460000 0.365269 0.452500 0.352096 0.433333 0.343114 0.415833 0.340120
1 0.249167 0.092814 0.229167 0.115569 0.244167 0.141916 0.430833 0.298204 0.543333 0.384431 0.693333 0.513174 0.695833 0.528742 0.683333 0.558084 0.713333 0.583832 0.748333 0.584431 0.792500 0.570659 0.834167 0.549701 0.859167 0.518563 0.861667 0.505389 0.855833 0.489820 0.840000 0.474850 0.827500 0.470060 0.776667 0.474850 0.310000 0.096407 0.285000 0.086826
3 0.619167 0.238323 0.601667 0.238323 0.578333 0.247305 0.560833 0.263473 0.516667 0.338922 0.414167 0.558084 0.348333 0.574251 0.325000 0.598204 0.328333 0.613174 0.355833 0.638922 0.434167 0.667066 0.487500 0.676647 0.525000 0.677844 0.566667 0.671856 0.589167 0.659880 0.597500 0.627545 0.557500 0.596407 0.551667 0.577246 0.678333 0.305389 0.683333 0.280240 0.678333 0.256886 0.670833 0.252695 0.647500 0.252096 0.633333 0.241916
3 0.545000 0.557485 0.489167 0.560479 0.478333 0.573054 0.478333 0.593413 0.516667 0.783832 0.515000 0.798802 0.497500 0.805988 0.479167 0.808982 0.471667 0.816168 0.475833 0.836527 0.491667 0.844910 0.524167 0.844910 0.607500 0.835329 0.644167 0.826347 0.655833 0.817365 0.647500 0.793413 0.625000 0.788024 0.608333 0.772455 0.610000 0.763473 0.605000 0.734731 0.599167 0.728743 0.602500 0.720958 0.589167 0.666467 0.578333 0.599401 0.564167 0.574850
3 0.426667 0.219162 0.387500 0.205389 0.374167 0.207784 0.353333 0.222156 0.344167 0.240120 0.365833 0.277246 0.342500 0.289820 0.333333 0.301796 0.313333 0.309581 0.294167 0.327545 0.274167 0.332335 0.270833 0.341317 0.245833 0.353892 0.215833 0.376647 0.193333 0.401796 0.115833 0.451497 0.089167 0.474252 0.075833 0.495210 0.065833 0.526347 0.093333 0.555090 0.114167 0.567665 0.140000 0.568862 0.174167 0.552096 0.460833 0.340120 0.480000 0.337126 0.506667 0.351497 0.532500 0.358084 0.563333 0.337725 0.569167 0.325749 0.564167 0.313772 0.531667 0.282036
2 0.365833 0.068862 0.296667 0.067665 0.284167 0.071856 0.275000 0.081437 0.267500 0.099401 0.265833 0.141916 0.258333 0.165269 0.260833 0.188024 0.250000 0.240120 0.242500 0.250898 0.235833 0.253892 0.194167 0.256886 0.185000 0.267665 0.178333 0.285030 0.185833 0.310180 0.203333 0.322755 0.260000 0.333533 0.308333 0.334731 0.371667 0.331737 0.405833 0.326347 0.435000 0.306587 0.441667 0.288024 0.435000 0.263473 0.426667 0.255689 0.400833 0.248503 0.390833 0.241317 0.388333 0.217964 0.393333 0.179042 0.389167 0.165868 0.393333 0.149102 0.390000 0.137725 0.396667 0.123952 0.392500 0.107186 0.396667 0.091617 0.392500 0.081437 0.383333 0.074850
0 0.325000 0.562275 0.311667 0.576647 0.307500 0.591617 0.318333 0.605389 0.359167 0.639521 0.362500 0.647305 0.384167 0.656287 0.404167 0.671856 0.404167 0.678443 0.395000 0.691617 0.397500 0.707186 0.401667 0.713174 0.413333 0.719760 0.430833 0.722754 0.446667 0.743114 0.463333 0.753293 0.472500 0.755090 0.488333 0.753892 0.507500 0.746707 0.559167 0.709581 0.565000 0.698802 0.560833 0.681437 0.552500 0.674850 0.534167 0.667066 0.527500 0.659281 0.522500 0.647305 0.512500 0.637725 0.502500 0.634731 0.471667 0.638323 0.465833 0.637725 0.454167 0.631737 0.391667 0.581437 0.386667 0.574850 0.369167 0.564072 0.355833 0.559281 0.333333 0.562874
2 0.125833 0.410778 0.113333 0.413772 0.104167 0.420958 0.091667 0.442515 0.090833 0.447904 0.088333 0.450299 0.089167 0.452096 0.078333 0.470060 0.078333 0.473054 0.075000 0.474850 0.069167 0.475449 0.068333 0.476647 0.062500 0.476647 0.057500 0.479641 0.050833 0.488623 0.049167 0.498204 0.050833 0.503593 0.055000 0.507784 0.066667 0.512575 0.070833 0.512575 0.091667 0.518563 0.095000 0.517964 0.098333 0.519760 0.104167 0.519760 0.124167 0.524551 0.133333 0.524551 0.135000 0.525748 0.138333 0.524551 0.144167 0.525150 0.150833 0.521557 0.151667 0.522156 0.159167 0.512575 0.161667 0.502395 0.160000 0.501198 0.160833 0.498204 0.155833 0.493413 0.145833 0.488024 0.143333 0.480240 0.148333 0.471257 0.146667 0.468862 0.150000 0.464671 0.150833 0.458084 0.158333 0.446707 0.157500 0.444311 0.160833 0.440120 0.160000 0.437725 0.165833 0.426946 0.164167 0.424551 0.165000 0.421557 0.155000 0.416168 0.153333 0.416766 0.147500 0.413772 0.140000 0.413772 0.138333 0.412575
3 0.215833 0.366467 0.195000 0.408383 0.190000 0.432335 0.193333 0.448503 0.200833 0.458084 0.226667 0.467665 0.246667 0.465269 0.271667 0.440120 0.283333 0.436527 0.299167 0.443713 0.573333 0.511377 0.604167 0.511976 0.625000 0.505988 0.645833 0.485030 0.647500 0.466467 0.643333 0.459880 0.625000 0.449102 0.551667 0.425748 0.400000 0.390419 0.358333 0.377844 0.340833 0.368263 0.320000 0.364671 0.310833 0.356886 0.310833 0.335329 0.294167 0.325150 0.276667 0.320359 0.260000 0.322755 0.235000 0.341317
