3 0.766667 0.664072 0.734167 0.638922 0.682500 0.638922 0.653333 0.650898 0.652500 0.691617 0.639167 0.705389 0.576667 0.717365 0.566667 0.715569 0.381667 0.758084 0.266667 0.777844 0.195000 0.782635 0.140000 0.811377 0.156667 0.858683 0.173333 0.882036 0.225000 0.889820 0.280000 0.885629 0.526667 0.835329 0.604167 0.825749 0.669167 0.810180 0.685833 0.809581 0.713333 0.833533 0.730000 0.838922 0.775833 0.831737 0.794167 0.814371 0.800000 0.785030 0.793333 0.728743
1 0.637500 0.168263 0.531667 0.155090 0.516667 0.156886 0.506667 0.168862 0.507500 0.189820 0.540833 0.202994 0.541667 0.217365 0.524167 0.256287 0.497500 0.347305 0.474167 0.384431 0.435000 0.522754 0.385833 0.658084 0.391667 0.682635 0.423333 0.693413 0.450833 0.694012 0.474167 0.668862 0.622500 0.230539 0.630833 0.220359 0.677500 0.207186 0.685000 0.196407 0.674167 0.180240
1 0.250833 0.153293 0.235833 0.176647 0.250833 0.207186 0.648333 0.619162 0.650000 0.630539 0.630833 0.655090 0.631667 0.668263 0.664167 0.692216 0.680833 0.694611 0.720833 0.691617 0.774167 0.669461 0.809167 0.643713 0.818333 0.628144 0.820000 0.610180 0.807500 0.595808 0.778333 0.583832 0.746667 0.588024 0.717500 0.570060 0.619167 0.463473 0.315000 0.157485 0.284167 0.149102
0 0.455833 0.419162 0.425000 0.402994 0.402500 0.405389 0.378333 0.414371 0.278333 0.471257 0.265833 0.474252 0.224167 0.464072 0.196667 0.470659 0.184167 0.478443 0.162500 0.505988 0.133333 0.522754 0.115833 0.526946 0.097500 0.544311 0.095833 0.558084 0.101667 0.577246 0.124167 0.608383 0.169167 0.632335 0.191667 0.634132 0.230000 0.619760 0.255833 0.600599 0.295833 0.596407 0.307500 0.591018 0.321667 0.580240 0.331667 0.564072 0.334167 0.529940 0.352500 0.516766 0.369167 0.510180 0.388333 0.497006 0.436667 0.471856 0.460000 0.453293 0.465833 0.436527
3 0.292500 0.626946 0.269167 0.677844 0.272500 0.686826 0.304167 0.704192 0.732500 0.791617 0.752500 0.803593 0.747500 0.816766 0.756667 0.849701 0.810833 0.861677 0.820833 0.861078 0.837500 0.848503 0.867500 0.790419 0.885000 0.740120 0.892500 0.689820 0.887500 0.670060 0.825833 0.656886 0.813333 0.665269 0.794167 0.696407 0.772500 0.701198 0.717500 0.686228 0.381667 0.617365 0.320833 0.611976 0.302500 0.617365
1 0.271667 0.379641 0.249167 0.408982 0.260833 0.426946 0.754167 0.697006 0.767500 0.712575 0.751667 0.735928 0.770000 0.750898 0.783333 0.754491 0.796667 0.750299 0.812500 0.732335 0.860833 0.697006 0.885833 0.665868 0.885833 0.655090 0.877500 0.647904 0.850000 0.641317 0.825833 0.655689 0.812500 0.654491 0.322500 0.385030 0.297500 0.375449 0.285000 0.374251
0 0.327500 0.450299 0.320833 0.456886 0.321667 0.459880 0.341667 0.472455 0.357500 0.480838 0.357500 0.486826 0.363333 0.492216 0.368333 0.491617 0.378333 0.497605 0.382500 0.497605 0.385000 0.496407 0.397500 0.485629 0.400833 0.480240 0.400000 0.478443 0.387500 0.470659 0.384167 0.465868 0.377500 0.464671 0.372500 0.467066 0.368333 0.467066 0.338333 0.450898 0.330833 0.449102
4 0.570833 0.561677 0.533333 0.571856 0.498333 0.587425 0.420000 0.634731 0.382500 0.665868 0.360000 0.698802 0.355833 0.710778 0.360000 0.726946 0.385000 0.752695 0.416667 0.772455 0.439167 0.773054 0.485000 0.753293 0.499167 0.752096 0.510833 0.756886 0.645833 0.871856 0.675000 0.892216 0.709167 0.906587 0.726667 0.908383 0.785000 0.892216 0.818333 0.868862 0.830000 0.853892 0.833333 0.843114 0.823333 0.819162 0.792500 0.786228 0.726667 0.740719 0.697500 0.711976 0.648333 0.674251 0.646667 0.665269 0.667500 0.634132 0.663333 0.602395 0.643333 0.580240 0.609167 0.557485
1 0.663333 0.135329 0.617500 0.144311 0.605000 0.156287 0.600000 0.180240 0.606667 0.191018 0.645000 0.203593 0.651667 0.220958 0.490833 0.823952 0.490000 0.844910 0.499167 0.861078 0.514167 0.870659 0.548333 0.876647 0.580000 0.874251 0.601667 0.853892 0.769167 0.237725 0.780000 0.227545 0.831667 0.223353 0.843333 0.213772 0.848333 0.188024 0.837500 0.173653 0.805000 0.158084
0 0.885833 0.083832 0.870000 0.079641 0.862500 0.080838 0.850833 0.086826 0.805833 0.123952 0.766667 0.150898 0.759167 0.159281 0.731667 0.154491 0.720833 0.157485 0.714167 0.164671 0.715000 0.176647 0.706667 0.188024 0.687500 0.193413 0.682500 0.200599 0.675833 0.204790 0.675000 0.213772 0.690833 0.229341 0.702500 0.236527 0.712500 0.246707 0.745000 0.264671 0.762500 0.268263 0.769167 0.267066 0.794167 0.252695 0.804167 0.237126 0.820000 0.234132 0.826667 0.228743 0.829167 0.219162 0.825833 0.209581 0.817500 0.197605 0.820000 0.191617 0.844167 0.174251 0.854167 0.162874 0.880000 0.142515 0.909167 0.112575 0.907500 0.100000 0.897500 0.090419
3 0.453333 0.620958 0.443333 0.618563 0.429167 0.620958 0.381667 0.643114 0.312500 0.684431 0.262500 0.708383 0.180000 0.755689 0.170833 0.755689 0.147500 0.738922 0.136667 0.734731 0.105000 0.750898 0.104167 0.760479 0.115833 0.776647 0.174167 0.834132 0.198333 0.850898 0.215000 0.855689 0.231667 0.849102 0.244167 0.840120 0.242500 0.829940 0.229167 0.813772 0.230833 0.808383 0.240000 0.801198 0.285833 0.777844 0.308333 0.762275 0.357500 0.740120 0.422500 0.705389 0.485000 0.661677 0.488333 0.656886 0.487500 0.648503
0 0.753333 0.544311 0.743333 0.541317 0.730833 0.544910 0.721667 0.554491 0.716667 0.567066 0.706667 0.567665 0.700000 0.570060 0.693333 0.575449 0.692500 0.579641 0.702500 0.596407 0.701667 0.602395 0.694167 0.607784 0.681667 0.622755 0.663333 0.637126 0.658333 0.643713 0.638333 0.658683 0.626667 0.671856 0.625833 0.679641 0.631667 0.686228 0.639167 0.688623 0.650833 0.697605 0.660833 0.698204 0.669167 0.695808 0.713333 0.656287 0.745000 0.635329 0.752500 0.632934 0.759167 0.627545 0.764167 0.626347 0.775833 0.626946 0.782500 0.625150 0.783333 0.618563 0.790000 0.607186 0.795833 0.603593 0.804167 0.601198 0.814167 0.593413 0.815833 0.585629 0.813333 0.580240 0.777500 0.555689 0.770833 0.553892
3 0.487500 0.176048 0.467500 0.173054 0.451667 0.175449 0.440000 0.182036 0.425000 0.200599 0.424167 0.211976 0.456667 0.238323 0.459167 0.248503 0.416667 0.293413 0.412500 0.304192 0.311667 0.426347 0.290000 0.448503 0.269167 0.462874 0.270833 0.474850 0.264167 0.481437 0.267500 0.494012 0.260000 0.500599 0.310000 0.522754 0.332500 0.527545 0.355833 0.520359 0.392500 0.487425 0.405833 0.467665 0.434167 0.438922 0.471667 0.386228 0.518333 0.334132 0.530833 0.325150 0.536667 0.310778 0.555000 0.289820 0.570000 0.284431 0.605833 0.289820 0.632500 0.261677 0.630000 0.247904 0.590000 0.218563 0.554167 0.198204
4 0.356667 0.397605 0.340000 0.426946 0.330000 0.474850 0.346667 0.505988 0.379167 0.531138 0.430000 0.538922 0.476667 0.517365 0.487500 0.508982 0.502500 0.504790 0.537500 0.514371 0.566667 0.517964 0.625833 0.531737 0.669167 0.538323 0.696667 0.538323 0.708333 0.535329 0.720000 0.525150 0.741667 0.495808 0.743333 0.471856 0.735000 0.461677 0.720000 0.452695 0.688333 0.443713 0.600000 0.428144 0.550000 0.413174 0.542500 0.401198 0.519167 0.386826 0.510833 0.376647 0.491667 0.363473 0.471667 0.355090 0.448333 0.350898 0.430000 0.350898 0.395833 0.362874 0.375833 0.377246
3 0.575833 0.092814 0.498333 0.102994 0.445000 0.115569 0.420833 0.124551 0.411667 0.134132 0.423333 0.165868 0.440000 0.168862 0.465000 0.165269 0.481667 0.169461 0.495833 0.236527 0.520000 0.307186 0.540833 0.391018 0.553333 0.420359 0.570000 0.432335 0.583333 0.434132 0.644167 0.425748 0.653333 0.402395 0.593333 0.192216 0.575833 0.152695 0.581667 0.147305 0.611667 0.139521 0.620833 0.131737 0.612500 0.099401 0.600000 0.094012
1 0.699167 0.052695 0.678333 0.032934 0.650000 0.027545 0.627500 0.036527 0.620000 0.044311 0.629167 0.062874 0.622500 0.071856 0.530833 0.117365 0.229167 0.242515 0.097500 0.301796 0.077500 0.319760 0.083333 0.340120 0.106667 0.358084 0.126667 0.356886 0.158333 0.346707 0.665000 0.127545 0.675833 0.128743 0.703333 0.146707 0.730833 0.138922 0.740833 0.132335 0.740000 0.110778
2 0.441667 0.659880 0.410833 0.655090 0.390833 0.659281 0.368333 0.667066 0.244167 0.723952 0.232500 0.722754 0.207500 0.713174 0.180000 0.711377 0.147500 0.720359 0.122500 0.736527 0.110833 0.770060 0.120000 0.804192 0.146667 0.832335 0.204167 0.874850 0.226667 0.883234 0.247500 0.885629 0.271667 0.882036 0.295833 0.873054 0.315000 0.860479 0.328333 0.843713 0.331667 0.813772 0.337500 0.805389 0.390000 0.783234 0.483333 0.734731 0.487500 0.709581 0.474167 0.685030
1 0.349167 0.116168 0.343333 0.110778 0.335833 0.108982 0.318333 0.111976 0.302500 0.117964 0.254167 0.129940 0.213333 0.143114 0.101667 0.172455 0.090833 0.162275 0.080000 0.164671 0.076667 0.167066 0.076667 0.174850 0.083333 0.183234 0.095000 0.209581 0.101667 0.212575 0.110833 0.210180 0.114167 0.206587 0.111667 0.197605 0.116667 0.194611 0.131667 0.192814 0.154167 0.184431 0.175000 0.179641 0.195833 0.171257 0.210000 0.169461 0.272500 0.152096 0.278333 0.149102 0.285833 0.148503 0.321667 0.137126 0.343333 0.132335 0.350833 0.128144
3 0.510000 0.358683 0.461667 0.356287 0.441667 0.370659 0.416667 0.416766 0.412500 0.434132 0.397500 0.452096 0.390000 0.470659 0.379167 0.477844 0.384167 0.485629 0.356667 0.526946 0.351667 0.549102 0.319167 0.574850 0.325833 0.594611 0.313333 0.613772 0.299167 0.622156 0.262500 0.616766 0.245833 0.623952 0.234167 0.655689 0.245000 0.670060 0.283333 0.686228 0.330000 0.700000 0.360833 0.699401 0.391667 0.705988 0.420000 0.704192 0.440833 0.694012 0.446667 0.680239 0.445833 0.666467 0.425833 0.654491 0.420833 0.640719 0.430833 0.618563 0.429167 0.595210 0.470833 0.518563 0.482500 0.488623 0.495000 0.473054 0.496667 0.458084 0.528333 0.398204 0.530833 0.377246 0.521667 0.364671
