1 0.185000 0.208383 0.163333 0.229341 0.180833 0.264072 0.704167 0.697006 0.711667 0.711976 0.690000 0.746108 0.708333 0.772455 0.737500 0.772455 0.777500 0.753293 0.875000 0.687425 0.886667 0.669461 0.877500 0.655090 0.846667 0.638922 0.803333 0.654491 0.790000 0.649102 0.623333 0.514371 0.591667 0.477844 0.413333 0.337725 0.267500 0.213174 0.228333 0.194012
2 0.434167 0.755689 0.429167 0.789222 0.416667 0.826347 0.406667 0.877245 0.408333 0.889820 0.416667 0.899401 0.433333 0.905389 0.464167 0.906587 0.479167 0.900000 0.490833 0.878443 0.500000 0.874251 0.512500 0.874850 0.538333 0.881437 0.653333 0.893413 0.685000 0.895210 0.699167 0.888623 0.708333 0.868862 0.711667 0.850299 0.711667 0.831138 0.706667 0.817365 0.682500 0.809581 0.655000 0.808383 0.635000 0.804192 0.570833 0.797006 0.514167 0.794012 0.506667 0.786826 0.505833 0.764072 0.491667 0.753892 0.478333 0.750299 0.441667 0.749701
1 0.933333 0.603593 0.911667 0.571856 0.886667 0.572455 0.222500 0.747904 0.196667 0.750898 0.164167 0.726347 0.149167 0.725748 0.111667 0.741317 0.109167 0.777246 0.151667 0.847305 0.185833 0.871257 0.201667 0.870659 0.239167 0.856287 0.240000 0.829940 0.257500 0.815569 0.908333 0.638323 0.932500 0.626347
4 0.838333 0.509581 0.819167 0.498802 0.781667 0.498802 0.711667 0.525748 0.685833 0.526946 0.629167 0.549701 0.574167 0.563473 0.555833 0.573054 0.534167 0.568263 0.508333 0.546108 0.469167 0.530539 0.445000 0.529940 0.395000 0.544311 0.389167 0.576647 0.399167 0.622755 0.445833 0.706587 0.477500 0.743114 0.505833 0.762275 0.529167 0.768862 0.583333 0.759281 0.600833 0.752096 0.609167 0.741317 0.595000 0.689222 0.601667 0.679042 0.670833 0.673653 0.729167 0.650898 0.747500 0.650299 0.825000 0.626347 0.849167 0.622755 0.885833 0.606587 0.890833 0.593413 0.876667 0.562275
3 0.575000 0.215569 0.546667 0.202395 0.508333 0.191018 0.473333 0.187425 0.457500 0.191018 0.445833 0.204192 0.444167 0.211976 0.450000 0.229341 0.460833 0.238323 0.460000 0.244311 0.449167 0.253293 0.385833 0.325749 0.343333 0.379042 0.332500 0.399401 0.334167 0.408383 0.340833 0.414371 0.355000 0.420359 0.371667 0.423952 0.388333 0.421557 0.400833 0.414970 0.430833 0.383234 0.454167 0.352096 0.529167 0.265269 0.541667 0.263473 0.570833 0.266467 0.585000 0.257485 0.590833 0.249102 0.588333 0.231138
3 0.631667 0.628144 0.625833 0.627545 0.617500 0.631138 0.594167 0.659281 0.580000 0.674251 0.578333 0.674251 0.565833 0.689222 0.560833 0.691617 0.548333 0.705988 0.546667 0.705988 0.541667 0.713174 0.532500 0.719162 0.525833 0.718563 0.515833 0.714970 0.510833 0.715569 0.501667 0.726946 0.505833 0.732934 0.518333 0.738323 0.518333 0.739521 0.530833 0.746707 0.564167 0.760479 0.572500 0.761078 0.576667 0.759880 0.581667 0.755689 0.585833 0.747305 0.574167 0.738323 0.574167 0.733533 0.596667 0.709581 0.600833 0.702994 0.620833 0.683234 0.625833 0.676048 0.630833 0.672455 0.633333 0.668263 0.635000 0.668263 0.654167 0.643713 0.651667 0.637126
1 0.397500 0.442515 0.313333 0.458084 0.289167 0.471257 0.289167 0.482635 0.296667 0.501198 0.330000 0.507186 0.340833 0.519760 0.422500 0.929940 0.438333 0.955090 0.467500 0.958084 0.495833 0.950299 0.505000 0.929940 0.486667 0.817964 0.420833 0.504192 0.426667 0.493413 0.457500 0.481437 0.457500 0.464072 0.452500 0.453293
1 0.961667 0.316766 0.952500 0.307784 0.939167 0.304192 0.907500 0.304790 0.561667 0.357485 0.462500 0.376647 0.376667 0.385030 0.295000 0.398802 0.269167 0.385629 0.260833 0.373653 0.227500 0.371856 0.220833 0.374251 0.216667 0.393413 0.232500 0.458683 0.255833 0.497006 0.285000 0.498204 0.302500 0.491018 0.304167 0.464072 0.316667 0.458084 0.505833 0.427545 0.551667 0.426347 0.581667 0.418563 0.630833 0.414371 0.745833 0.392216 0.845000 0.380240 0.949167 0.361078 0.961667 0.355090 0.966667 0.344910
0 0.883333 0.080838 0.871667 0.078443 0.861667 0.080240 0.850833 0.085629 0.841667 0.095210 0.831667 0.100599 0.822500 0.102395 0.810000 0.101198 0.800000 0.104790 0.796667 0.111377 0.800833 0.131737 0.789167 0.140120 0.733333 0.163473 0.679167 0.189820 0.672500 0.198802 0.674167 0.206587 0.670833 0.214371 0.674167 0.218563 0.695833 0.228144 0.711667 0.226347 0.760000 0.204192 0.777500 0.198204 0.810000 0.182036 0.820833 0.179641 0.831667 0.174251 0.837500 0.173653 0.858333 0.186826 0.869167 0.186826 0.875000 0.183234 0.878333 0.174251 0.890833 0.164072 0.895833 0.162275 0.910833 0.162275 0.926667 0.155689 0.935000 0.146707 0.933333 0.141317 0.923333 0.131737 0.903333 0.102994 0.892500 0.093413
1 0.784167 0.148503 0.744167 0.143713 0.714167 0.162275 0.566667 0.310778 0.557500 0.328743 0.500833 0.373653 0.474167 0.423952 0.450833 0.426347 0.408333 0.491617 0.389167 0.498802 0.214167 0.684431 0.198333 0.688024 0.155833 0.680239 0.123333 0.698204 0.115833 0.720359 0.131667 0.735928 0.214167 0.779042 0.270000 0.797605 0.320000 0.802994 0.345833 0.786826 0.354167 0.760479 0.333333 0.745509 0.335000 0.726347 0.381667 0.682635 0.480000 0.558084 0.545833 0.501198 0.552500 0.483832 0.661667 0.380240 0.676667 0.354491 0.697500 0.340719 0.707500 0.317964 0.816667 0.229341 0.833333 0.202994 0.830833 0.177246
0 0.799167 0.564671 0.781667 0.564072 0.771667 0.567665 0.764167 0.576647 0.758333 0.610778 0.750833 0.614970 0.745000 0.626347 0.714167 0.636527 0.715000 0.650898 0.739167 0.668263 0.743333 0.676048 0.727500 0.700000 0.716667 0.724551 0.695833 0.754491 0.689167 0.774252 0.672500 0.790419 0.663333 0.811976 0.664167 0.824551 0.672500 0.830539 0.701667 0.841916 0.722500 0.846707 0.740833 0.838922 0.762500 0.823952 0.772500 0.812575 0.785000 0.783234 0.800000 0.775449 0.796667 0.764671 0.814167 0.750898 0.826667 0.745509 0.829167 0.705988 0.837500 0.700599 0.854167 0.704192 0.876667 0.704192 0.890000 0.694012 0.889167 0.684431 0.882500 0.676048 0.886667 0.666467 0.884167 0.653293 0.890000 0.647904 0.906667 0.641317 0.923333 0.617365 0.922500 0.605389 0.876667 0.592216 0.852500 0.580838 0.822500 0.577246
3 0.325833 0.162275 0.309167 0.166467 0.300000 0.172455 0.301667 0.204192 0.310000 0.208383 0.339167 0.210180 0.353333 0.215569 0.346667 0.279641 0.346667 0.350299 0.340833 0.417964 0.342500 0.456886 0.359167 0.473653 0.389167 0.477844 0.426667 0.476647 0.433333 0.469461 0.441667 0.450299 0.449167 0.255689 0.445833 0.214371 0.477500 0.210180 0.493333 0.202994 0.495000 0.173054 0.486667 0.166467 0.465000 0.161078 0.381667 0.158084
3 0.626667 0.874251 0.642500 0.884431 0.651667 0.884431 0.655833 0.880240 0.656667 0.868862 0.660000 0.866467 0.667500 0.867665 0.679167 0.867665 0.680000 0.866467 0.682500 0.867665 0.777500 0.864671 0.780000 0.865868 0.793333 0.865269 0.805000 0.866467 0.805833 0.865269 0.815000 0.863473 0.820000 0.857485 0.818333 0.840719 0.812500 0.837725 0.802500 0.835329 0.785833 0.836527 0.783333 0.835329 0.761667 0.835329 0.759167 0.836527 0.749167 0.835329 0.743333 0.837126 0.732500 0.836527 0.730000 0.837725 0.715833 0.836527 0.709167 0.837725 0.675833 0.837126 0.673333 0.838323 0.665833 0.838323 0.659167 0.834731 0.657500 0.823353 0.651667 0.820958 0.645000 0.820958 0.635000 0.825150 0.631667 0.831737 0.631667 0.840120 0.629167 0.844910 0.630000 0.849701 0.628333 0.852695 0.629167 0.861078 0.626667 0.865269 0.626667 0.871257 0.628333 0.872455
0 0.450000 0.348503 0.449167 0.349701 0.443333 0.349701 0.441667 0.350898 0.436667 0.351497 0.435833 0.352695 0.433333 0.352695 0.429167 0.355090 0.430000 0.364671 0.431667 0.365269 0.432500 0.370060 0.430000 0.375449 0.430000 0.378443 0.432500 0.382036 0.446667 0.385629 0.447500 0.389222 0.449167 0.390419 0.449167 0.394012 0.450833 0.395210 0.450833 0.398802 0.452500 0.400000 0.452500 0.403593 0.454167 0.405389 0.454167 0.408383 0.459167 0.422156 0.463333 0.426347 0.472500 0.426946 0.474167 0.425748 0.482500 0.424551 0.485000 0.421557 0.482500 0.407186 0.480833 0.405988 0.477500 0.389222 0.475833 0.388024 0.475833 0.385030 0.474167 0.383832 0.473333 0.379641 0.478333 0.374251 0.480833 0.373054 0.480833 0.364671 0.478333 0.362874 0.476667 0.362874 0.474167 0.360479 0.474167 0.354491 0.472500 0.353293 0.472500 0.350299 0.470000 0.348503 0.465000 0.347305
2 0.255000 0.311377 0.245833 0.317964 0.236667 0.348503 0.235833 0.362874 0.243333 0.377246 0.243333 0.389222 0.250833 0.398204 0.264167 0.394012 0.276667 0.399401 0.285000 0.398204 0.294167 0.403593 0.293333 0.411976 0.284167 0.420359 0.271667 0.444311 0.279167 0.447904 0.290833 0.442515 0.279167 0.491018 0.280833 0.514970 0.272500 0.525748 0.272500 0.535928 0.282500 0.546707 0.280833 0.563473 0.290000 0.579042 0.331667 0.587425 0.390000 0.588024 0.423333 0.582036 0.435000 0.568862 0.440833 0.543713 0.447500 0.450898 0.445833 0.419760 0.453333 0.399401 0.459167 0.394611 0.498333 0.387425 0.516667 0.380240 0.526667 0.359880 0.528333 0.338922 0.511667 0.321557 0.457500 0.313772 0.414167 0.314970 0.379167 0.309581 0.330833 0.311976 0.263333 0.308982
2 0.598333 0.071856 0.594167 0.078443 0.594167 0.080838 0.618333 0.116168 0.617500 0.119162 0.615833 0.119760 0.610833 0.126347 0.610833 0.133533 0.616667 0.144311 0.623333 0.149102 0.638333 0.152695 0.646667 0.152695 0.650000 0.151497 0.652500 0.152096 0.656667 0.150299 0.660833 0.150299 0.665000 0.148503 0.665833 0.149102 0.673333 0.146108 0.674167 0.146707 0.680833 0.144311 0.691667 0.138323 0.697500 0.129940 0.696667 0.122156 0.692500 0.113174 0.690000 0.110180 0.681667 0.105389 0.679167 0.105389 0.675833 0.103593 0.666667 0.102994 0.662500 0.100000 0.655000 0.088623 0.648333 0.082036 0.641667 0.071856 0.635833 0.066467 0.625000 0.063473 0.620000 0.063473 0.610000 0.066467 0.609167 0.067665
3 0.148333 0.649701 0.126667 0.692814 0.132500 0.713772 0.160833 0.731138 0.202500 0.734132 0.240000 0.711377 0.257500 0.709581 0.303333 0.734132 0.387500 0.768263 0.403333 0.780838 0.430833 0.789222 0.651667 0.891617 0.685000 0.898204 0.708333 0.891617 0.755000 0.843114 0.749167 0.822156 0.681667 0.786826 0.631667 0.774850 0.538333 0.731737 0.500833 0.708982 0.427500 0.682635 0.365833 0.653293 0.342500 0.625150 0.346667 0.578443 0.320833 0.560479 0.284167 0.558683 0.250000 0.567066 0.224167 0.591018 0.187500 0.613174
0 0.281667 0.534731 0.268333 0.542515 0.265833 0.545509 0.266667 0.548503 0.269167 0.552096 0.270833 0.552695 0.270000 0.553293 0.273333 0.554491 0.272500 0.555090 0.285000 0.565269 0.284167 0.565868 0.288333 0.567665 0.287500 0.568263 0.289167 0.568862 0.291667 0.572455 0.295000 0.573653 0.295000 0.575449 0.300000 0.578443 0.300833 0.580240 0.303333 0.581437 0.302500 0.582036 0.306667 0.584431 0.306667 0.586228 0.308333 0.586826 0.307500 0.587425 0.309167 0.588024 0.306667 0.592814 0.305000 0.592814 0.301667 0.597605 0.303333 0.602395 0.308333 0.604192 0.312500 0.604192 0.314167 0.605988 0.319167 0.607784 0.321667 0.610778 0.320833 0.614371 0.324167 0.619162 0.331667 0.623353 0.335000 0.622755 0.345000 0.617365 0.360833 0.604192 0.361667 0.604790 0.363333 0.602994 0.370000 0.601198 0.372500 0.595808 0.370833 0.593413 0.361667 0.588024 0.357500 0.588623 0.356667 0.589820 0.355833 0.589222 0.352500 0.591018 0.349167 0.588623 0.350833 0.585629 0.350000 0.585030 0.351667 0.583832 0.351667 0.574850 0.350000 0.572455 0.347500 0.572455 0.345833 0.571257 0.342500 0.571257 0.335000 0.573653 0.330833 0.572455 0.325000 0.566467 0.322500 0.565868 0.322500 0.564671 0.315000 0.559880 0.314167 0.558084 0.305000 0.551497 0.292500 0.540120 0.286667 0.535928
4 0.467500 0.258683 0.456667 0.256287 0.449167 0.257485 0.435833 0.262874 0.427500 0.269461 0.415000 0.271856 0.404167 0.277246 0.372500 0.308982 0.325833 0.344910 0.313333 0.349102 0.307500 0.349102 0.297500 0.344910 0.264167 0.348503 0.255833 0.350898 0.229167 0.371856 0.226667 0.379042 0.243333 0.408383 0.265833 0.427545 0.299167 0.449701 0.334167 0.466467 0.353333 0.471856 0.375833 0.474252 0.387500 0.471856 0.406667 0.461677 0.423333 0.442515 0.420833 0.429341 0.403333 0.409581 0.404167 0.404790 0.420833 0.394012 0.436667 0.377246 0.465833 0.355090 0.501667 0.322755 0.510833 0.309581 0.513333 0.302395 0.511667 0.292814 0.496667 0.273653
3 0.385833 0.169461 0.359167 0.175449 0.286667 0.201796 0.255833 0.218563 0.250000 0.228743 0.267500 0.248503 0.289167 0.248503 0.309167 0.258084 0.327500 0.291018 0.335833 0.296407 0.336667 0.304790 0.386667 0.374850 0.406667 0.408982 0.435000 0.431737 0.454167 0.440120 0.503333 0.425150 0.507500 0.411377 0.500000 0.394611 0.473333 0.358084 0.443333 0.307784 0.387500 0.227545 0.384167 0.215569 0.394167 0.207186 0.412500 0.198802 0.415833 0.189820 0.402500 0.172455
4 0.752500 0.165868 0.734167 0.158084 0.717500 0.157485 0.703333 0.161078 0.653333 0.186826 0.633333 0.189222 0.588333 0.212575 0.546667 0.227545 0.534167 0.235928 0.512500 0.232335 0.490000 0.216766 0.461667 0.208383 0.440000 0.209581 0.401667 0.225150 0.403333 0.258683 0.416667 0.287425 0.465000 0.350299 0.498333 0.379042 0.521667 0.391018 0.538333 0.394012 0.581667 0.382635 0.595000 0.375449 0.600000 0.366467 0.580833 0.323952 0.586667 0.316766 0.595833 0.317365 0.620000 0.310180 0.638333 0.308383 0.683333 0.285629 0.696667 0.284431 0.756667 0.259281 0.772500 0.255689 0.800000 0.240719 0.804167 0.227545 0.778333 0.191018
2 0.368333 0.293413 0.347500 0.321557 0.347500 0.334731 0.341667 0.343713 0.340833 0.361078 0.357500 0.383234 0.375833 0.392814 0.406667 0.402395 0.569167 0.437725 0.576667 0.444311 0.585000 0.470060 0.594167 0.482036 0.621667 0.497006 0.665833 0.505389 0.695833 0.501198 0.730000 0.486228 0.761667 0.457485 0.777500 0.417365 0.785833 0.344910 0.775000 0.321557 0.745833 0.301198 0.715000 0.292216 0.683333 0.289222 0.650833 0.294012 0.615000 0.313174 0.597500 0.316766 0.535000 0.300599 0.405000 0.277844
3 0.413333 0.776647 0.412500 0.789820 0.418333 0.809581 0.424167 0.850898 0.435000 0.873054 0.444167 0.877844 0.460833 0.877245 0.472500 0.874251 0.475833 0.866467 0.475000 0.850898 0.480833 0.846707 0.528333 0.840120 0.536667 0.840719 0.563333 0.835329 0.605833 0.834132 0.619167 0.831138 0.679167 0.826347 0.742500 0.813174 0.750833 0.808383 0.753333 0.803593 0.742500 0.773054 0.734167 0.768263 0.724167 0.767066 0.679167 0.770060 0.598333 0.781437 0.550833 0.784431 0.478333 0.794611 0.465833 0.793413 0.457500 0.774850 0.450000 0.767066 0.420000 0.770060
0 0.720833 0.263473 0.705000 0.261677 0.690000 0.264671 0.492500 0.364671 0.483333 0.364072 0.442500 0.347904 0.430000 0.348503 0.419167 0.371856 0.408333 0.377246 0.382500 0.380838 0.355833 0.396407 0.350000 0.403593 0.350833 0.416168 0.392500 0.454491 0.453333 0.498204 0.473333 0.500000 0.507500 0.480240 0.532500 0.477844 0.543333 0.469461 0.560000 0.465269 0.565833 0.451497 0.558333 0.428144 0.573333 0.413174 0.587500 0.410778 0.621667 0.396407 0.635833 0.385030 0.650000 0.381437 0.686667 0.359880 0.733333 0.346707 0.744167 0.338922 0.760000 0.313174 0.757500 0.300599
