2 0.804167 0.589820 0.793333 0.553293 0.773333 0.531138 0.740000 0.515569 0.705000 0.508982 0.680833 0.509581 0.655833 0.515569 0.610833 0.541916 0.445000 0.521557 0.407500 0.521557 0.382500 0.530539 0.371667 0.538323 0.354167 0.558084 0.348333 0.578443 0.352500 0.605389 0.372500 0.624551 0.408333 0.635928 0.578333 0.659281 0.591667 0.673653 0.605833 0.678443 0.606667 0.694012 0.617500 0.702994 0.645833 0.714371 0.680000 0.719162 0.716667 0.714970 0.736667 0.708383 0.750000 0.697605 0.790000 0.653892 0.799167 0.629341
4 0.555833 0.377844 0.524167 0.401198 0.505833 0.425748 0.500833 0.439521 0.500000 0.467665 0.507500 0.478443 0.534167 0.493413 0.544167 0.493413 0.572500 0.480838 0.595000 0.481437 0.622500 0.497605 0.656667 0.512575 0.715833 0.544910 0.731667 0.550898 0.746667 0.553293 0.769167 0.543114 0.794167 0.519162 0.798333 0.510778 0.796667 0.499401 0.778333 0.484431 0.655833 0.419162 0.661667 0.380240 0.655000 0.373054 0.625833 0.357485 0.615000 0.356287 0.591667 0.361078
3 0.676667 0.341317 0.669167 0.330539 0.628333 0.328743 0.622500 0.332934 0.609167 0.362874 0.601667 0.367066 0.550833 0.361677 0.276667 0.347904 0.253333 0.353293 0.246667 0.360479 0.238333 0.384431 0.238333 0.401796 0.246667 0.413174 0.264167 0.419162 0.285000 0.418563 0.390833 0.427545 0.471667 0.428144 0.555000 0.434731 0.586667 0.432934 0.596667 0.437725 0.600000 0.465868 0.641667 0.472455 0.650000 0.470060 0.658333 0.461078 0.668333 0.436527 0.673333 0.410180
0 0.179167 0.702395 0.180833 0.723952 0.196667 0.777246 0.208333 0.791617 0.224167 0.798802 0.258333 0.796407 0.281667 0.789820 0.313333 0.804790 0.329167 0.788024 0.363333 0.774850 0.400000 0.774850 0.414167 0.777844 0.429167 0.774850 0.447500 0.776048 0.513333 0.764671 0.528333 0.765868 0.555000 0.761078 0.582500 0.751497 0.596667 0.735928 0.599167 0.723952 0.598333 0.690419 0.580833 0.679042 0.554167 0.677245 0.512500 0.683234 0.387500 0.689222 0.335000 0.695808 0.321667 0.688024 0.320000 0.673653 0.310833 0.660479 0.295833 0.664072 0.268333 0.682635 0.231667 0.672455 0.200833 0.676647 0.185833 0.684431
4 0.183333 0.450299 0.160000 0.491617 0.159167 0.498802 0.166667 0.512575 0.195000 0.529341 0.400000 0.600599 0.406667 0.658084 0.420833 0.668263 0.469167 0.684431 0.505000 0.677245 0.556667 0.644311 0.595833 0.603593 0.611667 0.572455 0.616667 0.538922 0.605833 0.496407 0.573333 0.477246 0.548333 0.469461 0.533333 0.471257 0.494167 0.496407 0.464167 0.498802 0.265833 0.431138 0.224167 0.423353 0.209167 0.429341
3 0.850000 0.471856 0.835000 0.466467 0.806667 0.467665 0.775833 0.479641 0.690833 0.535329 0.470000 0.700599 0.461667 0.702994 0.444167 0.697605 0.398333 0.695808 0.361667 0.710778 0.356667 0.718563 0.357500 0.736527 0.368333 0.760479 0.421667 0.807784 0.465000 0.833533 0.502500 0.847305 0.539167 0.853293 0.568333 0.848503 0.595000 0.822156 0.577500 0.781437 0.581667 0.763473 0.690833 0.682635 0.705000 0.667066 0.862500 0.552695 0.881667 0.532934 0.892500 0.513772 0.891667 0.505389 0.866667 0.492814 0.860833 0.479641
4 0.348333 0.141317 0.318333 0.165868 0.294167 0.200599 0.287500 0.223952 0.295833 0.234731 0.320000 0.241916 0.380833 0.273653 0.423333 0.285629 0.467500 0.304192 0.476667 0.311377 0.491667 0.313772 0.500000 0.322156 0.500833 0.333533 0.495000 0.371257 0.505000 0.383832 0.545000 0.401796 0.556667 0.402994 0.585000 0.391018 0.617500 0.362874 0.674167 0.288024 0.689167 0.247904 0.690000 0.231737 0.685000 0.223353 0.660833 0.209581 0.627500 0.198204 0.615000 0.204192 0.585000 0.231138 0.574167 0.233533 0.563333 0.225150 0.546667 0.221557 0.517500 0.205389 0.474167 0.191617 0.463333 0.183832 0.372500 0.145509
3 0.503333 0.404790 0.466667 0.412575 0.448333 0.422156 0.412500 0.433533 0.392500 0.446707 0.385000 0.458084 0.385833 0.468263 0.400000 0.486228 0.433333 0.491018 0.450000 0.497006 0.462500 0.540120 0.499167 0.605988 0.508333 0.627545 0.510000 0.648503 0.521667 0.665868 0.527500 0.689222 0.545000 0.724551 0.562500 0.734731 0.585833 0.732934 0.620000 0.715569 0.626667 0.705389 0.627500 0.695808 0.602500 0.632934 0.603333 0.622755 0.580833 0.585030 0.573333 0.554491 0.562500 0.540120 0.560000 0.520958 0.554167 0.511976 0.558333 0.505389 0.545833 0.498204 0.537500 0.482635 0.537500 0.465269 0.566667 0.450299 0.572500 0.436527 0.566667 0.418563 0.558333 0.411976 0.537500 0.404790
0 0.629167 0.491617 0.603333 0.488024 0.583333 0.494611 0.554167 0.512575 0.507500 0.513174 0.493333 0.534731 0.481667 0.541317 0.463333 0.559880 0.440000 0.560479 0.422500 0.564671 0.410000 0.573054 0.398333 0.574251 0.366667 0.587425 0.350833 0.589222 0.306667 0.608982 0.292500 0.618563 0.259167 0.629341 0.252500 0.638922 0.252500 0.649701 0.269167 0.679042 0.290000 0.687425 0.310833 0.686228 0.340833 0.676048 0.361667 0.673054 0.381667 0.662874 0.406667 0.661078 0.426667 0.650898 0.451667 0.647305 0.474167 0.637126 0.494167 0.635329 0.522500 0.626347 0.540000 0.626347 0.561667 0.643713 0.573333 0.647305 0.588333 0.646707 0.615000 0.623353 0.655833 0.619162 0.678333 0.611976 0.688333 0.598802 0.687500 0.584431 0.663333 0.538922 0.650833 0.526347 0.640833 0.504192
0 0.403333 0.582635 0.365833 0.620359 0.365000 0.631138 0.373333 0.648503 0.557500 0.745509 0.557500 0.755689 0.548333 0.773653 0.556667 0.785629 0.567500 0.790419 0.599167 0.793413 0.616667 0.790419 0.613333 0.812575 0.621667 0.821557 0.647500 0.833533 0.667500 0.832934 0.685833 0.819761 0.752500 0.744910 0.758333 0.734132 0.759167 0.726347 0.735000 0.702994 0.727500 0.686228 0.715833 0.679641 0.699167 0.679641 0.688333 0.674251 0.666667 0.670659 0.625000 0.671257 0.456667 0.582635 0.427500 0.579042
4 0.822500 0.632335 0.813333 0.628743 0.795000 0.626946 0.761667 0.637126 0.754167 0.641916 0.751667 0.675449 0.743333 0.686228 0.708333 0.702395 0.686667 0.708383 0.649167 0.723952 0.634167 0.726347 0.613333 0.735928 0.594167 0.740719 0.572500 0.752096 0.570000 0.762275 0.574167 0.776048 0.584167 0.795210 0.600000 0.811976 0.611667 0.816766 0.630000 0.816168 0.737500 0.780838 0.796667 0.758084 0.808333 0.759281 0.844167 0.782635 0.862500 0.780240 0.891667 0.768862 0.899167 0.744910 0.893333 0.719760 0.868333 0.679641 0.847500 0.653892
0 0.897500 0.281437 0.850000 0.232335 0.825000 0.219760 0.806667 0.221557 0.768333 0.241317 0.735000 0.236527 0.731667 0.256287 0.718333 0.270060 0.705833 0.276048 0.666667 0.285030 0.565833 0.334731 0.549167 0.349701 0.546667 0.368263 0.567500 0.401796 0.584167 0.407186 0.605000 0.403593 0.631667 0.389820 0.734167 0.350299 0.746667 0.341916 0.776667 0.329341 0.790833 0.329341 0.796667 0.337725 0.813333 0.349102 0.818333 0.347305 0.838333 0.323952 0.848333 0.320958 0.870833 0.321557 0.891667 0.311377 0.902500 0.298204
0 0.530000 0.225150 0.520000 0.229940 0.518333 0.231737 0.518333 0.234132 0.520833 0.237725 0.538333 0.252695 0.548333 0.262874 0.544167 0.267066 0.544167 0.271856 0.547500 0.273653 0.551667 0.273653 0.556667 0.277246 0.556667 0.279042 0.560000 0.282635 0.565000 0.285030 0.579167 0.276647 0.585000 0.274850 0.590833 0.270659 0.590833 0.268263 0.581667 0.260479 0.580833 0.254491 0.578333 0.252695 0.569167 0.252695 0.565833 0.253892 0.540833 0.231138 0.535833 0.227545
0 0.199167 0.388623 0.195833 0.391018 0.191667 0.401796 0.187500 0.404790 0.182500 0.406587 0.181667 0.411377 0.183333 0.413772 0.191667 0.419162 0.185833 0.426946 0.185000 0.431138 0.178333 0.440719 0.177500 0.444311 0.175833 0.444910 0.174167 0.450898 0.172500 0.451497 0.170000 0.458084 0.170833 0.463473 0.182500 0.468263 0.185000 0.467665 0.188333 0.468862 0.191667 0.467066 0.195000 0.462275 0.195833 0.458683 0.199167 0.455090 0.200000 0.452096 0.201667 0.451497 0.202500 0.447305 0.204167 0.446707 0.203333 0.444910 0.205000 0.444311 0.205833 0.440719 0.210000 0.435928 0.210000 0.434132 0.214167 0.427545 0.215833 0.426347 0.227500 0.426347 0.230833 0.423952 0.231667 0.420359 0.230000 0.419162 0.229167 0.416168 0.230833 0.411976 0.235000 0.408383 0.238333 0.402395 0.236667 0.398802 0.233333 0.397605 0.218333 0.395210 0.215000 0.392814 0.208333 0.390419
2 0.500000 0.594012 0.488333 0.588024 0.415833 0.592814 0.395000 0.598802 0.365000 0.616168 0.350833 0.631737 0.345833 0.643713 0.346667 0.669461 0.341667 0.676048 0.196667 0.726347 0.120000 0.759880 0.111667 0.776048 0.110000 0.792814 0.115000 0.826347 0.133333 0.856886 0.151667 0.871257 0.180000 0.880240 0.206667 0.879042 0.308333 0.849701 0.425833 0.807784 0.440000 0.819162 0.492500 0.834731 0.535833 0.828743 0.580833 0.810180 0.602500 0.780240 0.594167 0.715569 0.557500 0.651497
2 0.469167 0.405988 0.462500 0.407186 0.459167 0.410180 0.447500 0.429341 0.448333 0.430539 0.440833 0.444311 0.440833 0.449102 0.433333 0.462275 0.431667 0.470060 0.429167 0.473054 0.429167 0.477844 0.425833 0.483234 0.420000 0.485629 0.405833 0.482635 0.399167 0.483832 0.389167 0.496407 0.388333 0.505389 0.389167 0.508383 0.393333 0.511976 0.407500 0.515569 0.411667 0.517964 0.415833 0.517964 0.459167 0.531138 0.495000 0.536527 0.502500 0.534731 0.505000 0.532335 0.512500 0.518563 0.511667 0.516766 0.513333 0.514970 0.509167 0.507784 0.503333 0.504790 0.493333 0.502994 0.490833 0.499401 0.492500 0.492814 0.501667 0.476647 0.502500 0.470659 0.506667 0.464671 0.505833 0.462874 0.513333 0.447904 0.514167 0.441916 0.522500 0.426946 0.522500 0.420958 0.517500 0.416766 0.502500 0.411976 0.498333 0.411976 0.488333 0.408383
3 0.561667 0.538922 0.542500 0.540719 0.523333 0.553293 0.348333 0.731138 0.335000 0.735928 0.310833 0.726946 0.293333 0.724551 0.273333 0.742515 0.271667 0.750898 0.276667 0.759281 0.304167 0.779042 0.322500 0.785030 0.380833 0.813174 0.421667 0.823353 0.430000 0.820958 0.442500 0.810180 0.447500 0.794611 0.425833 0.769461 0.440833 0.758683 0.445000 0.749701 0.459167 0.741916 0.468333 0.728743 0.483333 0.722156 0.485000 0.714970 0.501667 0.703593 0.519167 0.685030 0.533333 0.663473 0.582500 0.620359 0.594167 0.605988 0.601667 0.588024 0.603333 0.564072 0.579167 0.546108
3 0.660000 0.049701 0.631667 0.055090 0.596667 0.067665 0.592500 0.076647 0.594167 0.091018 0.717500 0.278443 0.747500 0.335329 0.744167 0.346707 0.732500 0.350299 0.706667 0.368862 0.709167 0.379641 0.725000 0.402395 0.742500 0.404790 0.825833 0.380838 0.900000 0.352096 0.920000 0.338922 0.925833 0.329341 0.912500 0.305988 0.901667 0.298204 0.864167 0.306587 0.845833 0.304192 0.703333 0.081437 0.686667 0.061677 0.671667 0.052096
3 0.363333 0.438922 0.359167 0.458084 0.360000 0.563473 0.370833 0.600599 0.390000 0.611377 0.433333 0.608383 0.441667 0.596407 0.445000 0.570060 0.457500 0.564072 0.551667 0.562874 0.590833 0.558683 0.672500 0.562874 0.796667 0.561078 0.905833 0.549102 0.918333 0.544311 0.925833 0.532934 0.917500 0.483234 0.906667 0.474252 0.892500 0.470060 0.805833 0.467066 0.715000 0.472455 0.597500 0.470659 0.456667 0.475449 0.445000 0.469461 0.439167 0.440120 0.430833 0.426347 0.375833 0.426347
