2 0.279167 0.376647 0.268333 0.382635 0.256667 0.391018 0.254167 0.394012 0.250833 0.395808 0.250833 0.397006 0.244167 0.401198 0.238333 0.408383 0.238333 0.413174 0.243333 0.418563 0.254167 0.423952 0.260833 0.423353 0.266667 0.420958 0.275000 0.422156 0.276667 0.424551 0.278333 0.424551 0.287500 0.431138 0.290833 0.432335 0.294167 0.435928 0.310833 0.447904 0.319167 0.449102 0.326667 0.445509 0.336667 0.437126 0.339167 0.431138 0.337500 0.426347 0.331667 0.419760 0.300833 0.397006 0.302500 0.387425 0.299167 0.382635 0.290833 0.377246 0.284167 0.376048
3 0.095833 0.288024 0.093333 0.297006 0.098333 0.313174 0.117500 0.319760 0.160833 0.347305 0.227500 0.365269 0.271667 0.387425 0.288333 0.391617 0.320000 0.411377 0.370833 0.426347 0.404167 0.446707 0.440833 0.461078 0.465833 0.486228 0.462500 0.532934 0.485000 0.545509 0.515000 0.545509 0.547500 0.537126 0.580833 0.507784 0.610000 0.489820 0.652500 0.437126 0.658333 0.422156 0.655833 0.404192 0.639167 0.391018 0.605833 0.380240 0.589167 0.383234 0.555000 0.404192 0.538333 0.405389 0.496667 0.383234 0.451667 0.369461 0.416667 0.353293 0.408333 0.344311 0.390000 0.340120 0.345000 0.317964 0.297500 0.301198 0.240000 0.270060 0.181667 0.246707 0.161667 0.241916 0.141667 0.244910
0 0.602500 0.229341 0.553333 0.180838 0.532500 0.170659 0.512500 0.170659 0.472500 0.192216 0.435833 0.188623 0.434167 0.208982 0.423333 0.220958 0.410000 0.228144 0.369167 0.238323 0.361667 0.243713 0.347500 0.247904 0.302500 0.274251 0.267500 0.290419 0.252500 0.304192 0.248333 0.323353 0.265000 0.351497 0.272500 0.359281 0.288333 0.364072 0.308333 0.360479 0.343333 0.342515 0.370833 0.333533 0.390000 0.322755 0.438333 0.304192 0.450000 0.296407 0.485833 0.281437 0.496667 0.282036 0.500833 0.288623 0.519167 0.301198 0.525000 0.300000 0.545000 0.275449 0.555000 0.272455 0.578333 0.273054 0.598333 0.262874 0.608333 0.252695 0.610000 0.246707
1 0.824167 0.475449 0.805000 0.473054 0.785833 0.482036 0.771667 0.495210 0.470833 0.855689 0.459167 0.861078 0.425000 0.854491 0.412500 0.860479 0.402500 0.874850 0.402500 0.883234 0.420000 0.901796 0.505833 0.941317 0.520833 0.944311 0.549167 0.938922 0.561667 0.919760 0.560833 0.914371 0.540000 0.899401 0.544167 0.883832 0.850000 0.517365 0.855000 0.495210 0.846667 0.485629
0 0.317500 0.431138 0.276667 0.473054 0.247500 0.514371 0.250000 0.531737 0.264167 0.543114 0.295000 0.553892 0.310833 0.550898 0.325000 0.553892 0.335833 0.563473 0.342500 0.583832 0.355833 0.592216 0.377500 0.595808 0.396667 0.589820 0.418333 0.577844 0.427500 0.577246 0.471667 0.595210 0.512500 0.616766 0.537500 0.625150 0.555000 0.635928 0.566667 0.637126 0.579167 0.646108 0.615833 0.654491 0.640000 0.634132 0.649167 0.616766 0.655000 0.597605 0.650833 0.582635 0.587500 0.555090 0.554167 0.532934 0.530833 0.526946 0.515833 0.515569 0.493333 0.507186 0.484167 0.494012 0.487500 0.477844 0.485000 0.470060 0.463333 0.451497 0.435833 0.443114 0.410833 0.439521 0.362500 0.416766 0.347500 0.414970
0 0.836667 0.383832 0.833333 0.400000 0.835000 0.403593 0.842500 0.406587 0.850833 0.405389 0.853333 0.405988 0.856667 0.408982 0.862500 0.409581 0.865833 0.408383 0.871667 0.403593 0.877500 0.403593 0.886667 0.405389 0.894167 0.405389 0.910000 0.407784 0.915833 0.405389 0.918333 0.400000 0.918333 0.397605 0.915000 0.394611 0.872500 0.386228 0.867500 0.380838 0.860000 0.379641 0.856667 0.381437 0.853333 0.381437 0.849167 0.379641 0.843333 0.379042 0.840000 0.380240
3 0.189167 0.314970 0.187500 0.327545 0.197500 0.342515 0.259167 0.374251 0.307500 0.382635 0.405000 0.422156 0.427500 0.437725 0.478333 0.452096 0.526667 0.476048 0.560833 0.487425 0.588333 0.512575 0.578333 0.538323 0.579167 0.554491 0.609167 0.571257 0.635000 0.571856 0.668333 0.558683 0.690833 0.535329 0.729167 0.507784 0.771667 0.457485 0.780000 0.429940 0.763333 0.410180 0.730000 0.400000 0.713333 0.400599 0.672500 0.425150 0.651667 0.425150 0.612500 0.404192 0.529167 0.377246 0.516667 0.367665 0.499167 0.363473 0.444167 0.337725 0.396667 0.323353 0.342500 0.295808 0.261667 0.267665 0.232500 0.270659
4 0.613333 0.592216 0.585833 0.591617 0.570000 0.594611 0.560833 0.600000 0.557500 0.608383 0.542500 0.626347 0.543333 0.632934 0.560000 0.644311 0.573333 0.649701 0.580833 0.656886 0.574167 0.662275 0.571667 0.673054 0.558333 0.686826 0.546667 0.708982 0.497500 0.776647 0.494167 0.788623 0.496667 0.797006 0.507500 0.800000 0.519167 0.807186 0.535000 0.813772 0.576667 0.823952 0.592500 0.822156 0.607500 0.808383 0.610833 0.799401 0.639167 0.766467 0.653333 0.734731 0.681667 0.698802 0.695833 0.694611 0.720833 0.698802 0.739167 0.697006 0.757500 0.686228 0.772500 0.661677 0.751667 0.640719 0.720000 0.625150 0.676667 0.609581
3 0.262500 0.175449 0.246667 0.178443 0.239167 0.184431 0.212500 0.222156 0.184167 0.277246 0.150833 0.325749 0.109167 0.400599 0.098333 0.403593 0.070833 0.397605 0.055000 0.397605 0.038333 0.422754 0.042500 0.431737 0.061667 0.441916 0.159167 0.473653 0.193333 0.480240 0.213333 0.479042 0.226667 0.463473 0.229167 0.452695 0.225833 0.449102 0.195000 0.433533 0.196667 0.420359 0.222500 0.381437 0.232500 0.356886 0.260833 0.319760 0.295000 0.264072 0.320000 0.200599 0.319167 0.193413 0.312500 0.187425
0 0.516667 0.471856 0.511667 0.495210 0.525000 0.511377 0.680833 0.575449 0.689167 0.615569 0.699167 0.624551 0.723333 0.628144 0.750833 0.622156 0.783333 0.622156 0.791667 0.629341 0.795833 0.640719 0.815833 0.655090 0.839167 0.659281 0.862500 0.654491 0.885000 0.642515 0.913333 0.611377 0.924167 0.574850 0.923333 0.564671 0.915833 0.552096 0.892500 0.537725 0.837500 0.528144 0.829167 0.520958 0.826667 0.506587 0.814167 0.498802 0.796667 0.494611 0.770000 0.497605 0.752500 0.505389 0.730833 0.507784 0.653333 0.479641 0.606667 0.458683 0.584167 0.450898 0.551667 0.447904 0.534167 0.455689
4 0.773333 0.195808 0.750833 0.176647 0.737500 0.172455 0.710000 0.172455 0.678333 0.180240 0.666667 0.195808 0.664167 0.221557 0.657500 0.225749 0.635000 0.226946 0.607500 0.234132 0.557500 0.241317 0.499167 0.252695 0.477500 0.260479 0.460833 0.275449 0.457500 0.300000 0.467500 0.323952 0.475000 0.331737 0.485000 0.336527 0.515833 0.335928 0.528333 0.339521 0.546667 0.339521 0.605833 0.325150 0.641667 0.322156 0.677500 0.315569 0.694167 0.319162 0.701667 0.328743 0.728333 0.340120 0.748333 0.342515 0.787500 0.336527 0.795833 0.331138 0.800833 0.322755 0.807500 0.297605 0.805833 0.276048 0.795000 0.233533
1 0.551667 0.237725 0.544167 0.246108 0.545833 0.252096 0.707500 0.356886 0.715000 0.363473 0.708333 0.372455 0.708333 0.374251 0.714167 0.378443 0.720000 0.379641 0.727500 0.376647 0.730833 0.372455 0.760000 0.350898 0.760833 0.347305 0.757500 0.343114 0.747500 0.341317 0.740000 0.345509 0.735000 0.346108 0.722500 0.334731 0.706667 0.326946 0.688333 0.314371 0.674167 0.307784 0.671667 0.304192 0.652500 0.291018 0.615833 0.268862 0.595833 0.254491 0.585833 0.249701 0.569167 0.237126 0.560000 0.234731
0 0.806667 0.452096 0.788333 0.416168 0.779167 0.407784 0.767500 0.404192 0.748333 0.407186 0.729167 0.413772 0.707500 0.405988 0.695833 0.420958 0.678333 0.429341 0.662500 0.429341 0.655000 0.431737 0.643333 0.430539 0.633333 0.433533 0.619167 0.434731 0.583333 0.444910 0.570000 0.446108 0.551667 0.451497 0.535833 0.458683 0.528333 0.470060 0.532500 0.499401 0.545000 0.506587 0.565833 0.505988 0.588333 0.500000 0.613333 0.495808 0.618333 0.496407 0.640833 0.491018 0.673333 0.487425 0.685833 0.483234 0.708333 0.479641 0.717500 0.484431 0.720000 0.493413 0.728333 0.501796 0.738333 0.497605 0.753333 0.483832 0.779167 0.488024 0.791667 0.486228 0.802500 0.481437 0.810000 0.472455
4 0.738333 0.655689 0.730833 0.655689 0.714167 0.662874 0.670833 0.697006 0.565833 0.802395 0.514167 0.787425 0.493333 0.800000 0.469167 0.824551 0.477500 0.845509 0.488333 0.856886 0.556667 0.899401 0.631667 0.933533 0.678333 0.941317 0.692500 0.937126 0.718333 0.914970 0.723333 0.904790 0.687500 0.856287 0.755000 0.791617 0.760833 0.781437 0.770833 0.776048 0.774167 0.768263 0.818333 0.728144 0.827500 0.711377 0.821667 0.701198 0.802500 0.685629 0.778333 0.670659
4 0.693333 0.103593 0.667500 0.104192 0.645000 0.111377 0.605000 0.138922 0.565833 0.154491 0.505000 0.189222 0.480833 0.207784 0.464167 0.212575 0.454167 0.222754 0.424167 0.220958 0.396667 0.206587 0.363333 0.197605 0.337500 0.200000 0.286667 0.226946 0.295833 0.264072 0.320833 0.299401 0.390000 0.367066 0.445833 0.405389 0.485000 0.419162 0.505833 0.418563 0.561667 0.391617 0.567500 0.378443 0.537500 0.335928 0.531667 0.317365 0.559167 0.316766 0.610833 0.294611 0.653333 0.266467 0.768333 0.210778 0.783333 0.196407 0.785833 0.183832 0.748333 0.139521
