0 0.632500 0.393413 0.619167 0.391617 0.601667 0.396407 0.470000 0.471856 0.435000 0.464072 0.410833 0.465269 0.399167 0.474850 0.387500 0.498802 0.378333 0.506587 0.354167 0.510180 0.335000 0.517964 0.324167 0.534731 0.322500 0.549701 0.345000 0.579042 0.372500 0.601198 0.390000 0.611976 0.415000 0.617964 0.435833 0.616168 0.457500 0.604790 0.466667 0.586826 0.467500 0.577246 0.477500 0.574251 0.492500 0.574850 0.510833 0.564671 0.523333 0.550898 0.527500 0.533533 0.536667 0.523353 0.585833 0.491018 0.638333 0.461078 0.664167 0.441916 0.668333 0.431737 0.666667 0.421557 0.654167 0.405988
2 0.817500 0.345509 0.760000 0.334132 0.716667 0.331138 0.622500 0.334731 0.599167 0.337725 0.570000 0.347904 0.546667 0.373054 0.535833 0.400599 0.536667 0.427545 0.551667 0.450299 0.595000 0.482635 0.570000 0.645509 0.575833 0.660479 0.603333 0.679042 0.645000 0.689820 0.700833 0.690419 0.737500 0.677245 0.751667 0.661078 0.765833 0.616168 0.778333 0.523353 0.790000 0.484431 0.843333 0.466467 0.860833 0.449701 0.871667 0.426946 0.873333 0.406587 0.868333 0.389222 0.855833 0.379042 0.850833 0.368263
3 0.270000 0.564671 0.258333 0.568862 0.248333 0.584431 0.225833 0.665868 0.189167 0.834731 0.175000 0.842515 0.131667 0.846108 0.125000 0.854491 0.121667 0.872455 0.124167 0.883832 0.172500 0.904192 0.220833 0.910778 0.286667 0.913772 0.311667 0.910180 0.321667 0.905389 0.331667 0.882635 0.330833 0.870060 0.294167 0.855090 0.289167 0.844910 0.300000 0.799401 0.300833 0.765868 0.337500 0.594611 0.330833 0.572455 0.312500 0.567665
0 0.447500 0.324551 0.444167 0.326946 0.437500 0.335928 0.435000 0.337126 0.424167 0.352096 0.422500 0.352096 0.420000 0.354491 0.415000 0.353892 0.413333 0.355090 0.407500 0.355090 0.403333 0.358683 0.402500 0.358084 0.398333 0.365269 0.398333 0.370659 0.395000 0.373054 0.388333 0.382036 0.388333 0.387425 0.394167 0.392814 0.417500 0.400599 0.423333 0.400599 0.426667 0.399401 0.432500 0.392216 0.434167 0.391617 0.437500 0.386228 0.442500 0.385030 0.450000 0.379641 0.452500 0.373653 0.446667 0.362874 0.452500 0.354491 0.454167 0.354491 0.470000 0.332934
0 0.594167 0.092216 0.592500 0.094611 0.594167 0.098802 0.605000 0.107784 0.605000 0.108982 0.607500 0.110180 0.620000 0.122754 0.620000 0.125749 0.618333 0.126946 0.617500 0.130539 0.626667 0.135329 0.627500 0.137725 0.631667 0.141916 0.635833 0.143114 0.643333 0.141317 0.658333 0.132934 0.661667 0.129341 0.661667 0.126347 0.655000 0.120958 0.654167 0.121557 0.651667 0.120359 0.651667 0.115569 0.649167 0.111976 0.648333 0.112575 0.646667 0.111377 0.643333 0.111377 0.638333 0.113174 0.635833 0.112575 0.615833 0.096407 0.610833 0.091018 0.606667 0.088623 0.601667 0.089222
3 0.430833 0.682036 0.432500 0.709581 0.439167 0.719162 0.465000 0.729940 0.483333 0.729940 0.497500 0.725150 0.514167 0.705389 0.530833 0.696407 0.579167 0.705389 0.645833 0.712575 0.662500 0.718563 0.677500 0.717964 0.727500 0.728144 0.759167 0.729341 0.845000 0.743713 0.858333 0.748503 0.890833 0.748503 0.908333 0.743713 0.923333 0.720958 0.930000 0.696407 0.915000 0.681437 0.858333 0.668862 0.794167 0.666467 0.725833 0.655090 0.697500 0.646707 0.643333 0.644311 0.620000 0.637126 0.585833 0.634132 0.556667 0.618563 0.550000 0.586826 0.540000 0.580240 0.520000 0.576048 0.490833 0.583832 0.470833 0.597605 0.462500 0.622156 0.444167 0.642515
0 0.489167 0.144910 0.467500 0.155689 0.455833 0.166467 0.445000 0.181437 0.444167 0.193413 0.483333 0.223353 0.500833 0.244910 0.519167 0.255090 0.525000 0.264072 0.539167 0.273653 0.541667 0.284431 0.534167 0.297605 0.534167 0.302994 0.544167 0.319162 0.560000 0.329341 0.578333 0.335928 0.605000 0.359281 0.613333 0.362874 0.623333 0.364671 0.653333 0.355689 0.690000 0.332934 0.725833 0.304790 0.728333 0.294611 0.720833 0.282036 0.705833 0.271257 0.699167 0.268862 0.685833 0.268862 0.677500 0.263473 0.673333 0.256287 0.674167 0.238922 0.665833 0.230539 0.658333 0.226347 0.645000 0.225749 0.617500 0.232335 0.609167 0.231737 0.578333 0.208383 0.559167 0.189820 0.540000 0.177246 0.533333 0.169461 0.522500 0.164671 0.518333 0.158084 0.502500 0.147904
3 0.170833 0.372455 0.127500 0.398802 0.129167 0.416766 0.199167 0.490419 0.355000 0.640120 0.353333 0.652695 0.325833 0.674850 0.329167 0.689820 0.358333 0.710778 0.381667 0.709581 0.418333 0.698802 0.454167 0.680838 0.509167 0.645509 0.525833 0.626347 0.522500 0.608982 0.496667 0.588623 0.485000 0.588623 0.450833 0.597605 0.441667 0.594012 0.400833 0.554491 0.364167 0.527545 0.218333 0.386826 0.191667 0.371257 0.182500 0.369461
2 0.473333 0.341317 0.449167 0.351497 0.438333 0.365868 0.432500 0.389222 0.439167 0.400000 0.474167 0.417964 0.475833 0.425748 0.462500 0.445509 0.463333 0.452695 0.458333 0.458084 0.455833 0.470060 0.450000 0.474252 0.447500 0.483832 0.440833 0.491018 0.425833 0.534132 0.412500 0.559880 0.414167 0.575449 0.428333 0.584431 0.451667 0.587425 0.489167 0.598802 0.515000 0.601198 0.526667 0.598802 0.542500 0.582635 0.572500 0.520359 0.594167 0.484431 0.597500 0.468862 0.605833 0.453293 0.613333 0.450898 0.641667 0.452096 0.658333 0.444910 0.671667 0.427545 0.675833 0.405389 0.661667 0.390419 0.626667 0.376048 0.550000 0.355090 0.526667 0.352096 0.499167 0.343713
0 0.241667 0.558084 0.200000 0.576048 0.173333 0.580838 0.137500 0.595210 0.135833 0.610180 0.163333 0.643713 0.166667 0.654491 0.161667 0.672455 0.164167 0.679042 0.175833 0.683234 0.190833 0.682036 0.197500 0.685030 0.208333 0.698204 0.209167 0.711377 0.218333 0.719760 0.220833 0.727545 0.235833 0.731737 0.241667 0.756886 0.256667 0.761078 0.259167 0.771856 0.276667 0.790419 0.290000 0.813772 0.319167 0.840719 0.323333 0.850299 0.339167 0.857485 0.349167 0.857485 0.372500 0.852695 0.399167 0.841317 0.410000 0.831138 0.407500 0.813772 0.315000 0.665868 0.315000 0.652096 0.337500 0.641916 0.350000 0.626946 0.342500 0.617365 0.325000 0.616766 0.315833 0.612575 0.301667 0.571257 0.289167 0.556287 0.276667 0.552695
0 0.837500 0.331737 0.825833 0.329341 0.818333 0.331138 0.797500 0.353892 0.784167 0.359880 0.765000 0.360479 0.760000 0.362874 0.756667 0.366467 0.756667 0.371257 0.763333 0.386826 0.760833 0.394012 0.721667 0.420958 0.717500 0.425748 0.706667 0.431138 0.694167 0.442515 0.681667 0.447904 0.665833 0.460479 0.661667 0.466467 0.662500 0.473054 0.670000 0.480838 0.686667 0.492216 0.700000 0.492814 0.718333 0.486228 0.746667 0.465868 0.758333 0.462275 0.764167 0.453892 0.774167 0.452096 0.780833 0.447904 0.785833 0.447904 0.790000 0.441916 0.806667 0.428144 0.813333 0.426347 0.823333 0.431737 0.838333 0.435329 0.848333 0.428743 0.851667 0.416766 0.858333 0.411976 0.860833 0.405988 0.880833 0.400000 0.899167 0.388623 0.901667 0.381437 0.893333 0.373054 0.863333 0.349102 0.850833 0.343713
3 0.524167 0.340120 0.452500 0.364671 0.396667 0.389222 0.371667 0.404790 0.358333 0.417365 0.357500 0.424551 0.380000 0.455090 0.397500 0.455090 0.431667 0.445509 0.441667 0.445509 0.447500 0.449701 0.486667 0.512575 0.611667 0.690419 0.635833 0.714371 0.650833 0.720359 0.722500 0.700000 0.727500 0.694611 0.725000 0.668263 0.639167 0.536527 0.549167 0.409581 0.551667 0.401796 0.566667 0.397605 0.590833 0.378443 0.593333 0.371856 0.583333 0.352695 0.565000 0.337126
2 0.371667 0.640120 0.370833 0.671856 0.391667 0.762275 0.402500 0.780240 0.423333 0.789820 0.440000 0.790419 0.475833 0.780838 0.482500 0.772455 0.485833 0.747904 0.490833 0.740719 0.524167 0.737725 0.555833 0.731737 0.562500 0.732934 0.574167 0.729341 0.584167 0.730539 0.648333 0.718563 0.664167 0.717964 0.678333 0.714970 0.695000 0.707186 0.698333 0.694012 0.690000 0.677245 0.688333 0.656287 0.680000 0.639521 0.667500 0.629940 0.625833 0.629940 0.464167 0.650299 0.449167 0.629940 0.433333 0.623353 0.411667 0.623353 0.384167 0.629341
0 0.465833 0.246108 0.455000 0.246108 0.431667 0.265868 0.432500 0.271257 0.425000 0.279042 0.414167 0.286826 0.400000 0.289820 0.400000 0.298802 0.407500 0.311976 0.404167 0.319760 0.384167 0.337126 0.378333 0.344910 0.336667 0.379641 0.330833 0.386826 0.315833 0.397605 0.309167 0.405389 0.309167 0.410180 0.312500 0.414970 0.330000 0.427545 0.350833 0.437126 0.355833 0.436527 0.365000 0.431138 0.459167 0.346707 0.465833 0.346707 0.484167 0.353293 0.493333 0.352695 0.500833 0.349102 0.500833 0.335928 0.504167 0.330539 0.540833 0.300000 0.542500 0.294611 0.535000 0.287425 0.500000 0.266467 0.492500 0.264671
3 0.892500 0.229341 0.882500 0.200599 0.865833 0.179641 0.825833 0.174251 0.813333 0.177844 0.780000 0.212575 0.415000 0.177844 0.385833 0.181437 0.365833 0.191018 0.354167 0.215569 0.352500 0.235329 0.376667 0.251497 0.403333 0.258084 0.604167 0.280240 0.632500 0.280240 0.756667 0.295808 0.775833 0.308383 0.785000 0.332934 0.792500 0.340120 0.820000 0.347904 0.841667 0.341916 0.873333 0.304192 0.886667 0.270659
4 0.134167 0.642515 0.115833 0.665269 0.090833 0.717365 0.083333 0.743114 0.086667 0.767066 0.090833 0.773054 0.122500 0.782635 0.135000 0.782635 0.170833 0.753892 0.177500 0.752695 0.255000 0.772455 0.267500 0.773054 0.275833 0.777246 0.285000 0.777246 0.318333 0.787425 0.354167 0.791617 0.360833 0.788024 0.377500 0.767066 0.389167 0.739521 0.387500 0.728144 0.378333 0.722156 0.299167 0.698204 0.201667 0.677245 0.200000 0.666467 0.203333 0.646108 0.186667 0.638323 0.154167 0.631737
1 0.234167 0.616766 0.211667 0.613174 0.202500 0.620359 0.189167 0.661677 0.172500 0.695808 0.144167 0.772455 0.123333 0.817365 0.115000 0.844311 0.109167 0.850299 0.091667 0.850898 0.086667 0.862275 0.088333 0.870060 0.100000 0.878443 0.114167 0.882635 0.142500 0.886228 0.160833 0.885629 0.171667 0.883234 0.175833 0.876048 0.175833 0.868263 0.162500 0.853293 0.161667 0.847305 0.166667 0.834731 0.173333 0.828743 0.174167 0.811976 0.180000 0.803593 0.190000 0.770060 0.215833 0.709581 0.225833 0.672455 0.230000 0.668862 0.242500 0.639521 0.244167 0.621557
2 0.252500 0.721557 0.245000 0.729341 0.214167 0.787425 0.212500 0.797006 0.215833 0.802994 0.239167 0.813772 0.337500 0.838323 0.433333 0.869461 0.440833 0.879042 0.434167 0.911976 0.459167 0.924551 0.472500 0.928743 0.492500 0.929940 0.514167 0.924551 0.525000 0.903593 0.535833 0.896407 0.551667 0.876048 0.587500 0.809581 0.595000 0.786228 0.591667 0.767066 0.564167 0.752695 0.548333 0.748503 0.521667 0.748503 0.500000 0.776048 0.490833 0.779042 0.475833 0.777844 0.448333 0.766467 0.305833 0.728743 0.277500 0.718563 0.261667 0.717964
