1 0.508333 0.193413 0.476667 0.197006 0.451667 0.229341 0.353333 0.562874 0.286667 0.824551 0.274167 0.836527 0.215833 0.848503 0.200833 0.873054 0.209167 0.885629 0.238333 0.898802 0.330000 0.916766 0.434167 0.918563 0.450833 0.890419 0.447500 0.872455 0.398333 0.854491 0.398333 0.833533 0.568333 0.243713 0.560000 0.208982
2 0.551667 0.514970 0.500000 0.535928 0.471667 0.550898 0.465000 0.558683 0.463333 0.571257 0.468333 0.583234 0.492500 0.610778 0.508333 0.638323 0.544167 0.677844 0.547500 0.688623 0.565833 0.713772 0.565833 0.727545 0.540833 0.737725 0.528333 0.750898 0.529167 0.758683 0.549167 0.787425 0.570833 0.797605 0.587500 0.798204 0.620833 0.788623 0.725833 0.737725 0.760000 0.715569 0.769167 0.693413 0.755000 0.669461 0.735833 0.655689 0.720833 0.652695 0.699167 0.658683 0.689167 0.654491 0.666667 0.631138 0.647500 0.618563 0.631667 0.597006 0.602500 0.567066 0.575833 0.528742 0.562500 0.517964
3 0.782500 0.205988 0.754167 0.212575 0.702500 0.253293 0.664167 0.310778 0.580833 0.385629 0.548333 0.427545 0.522500 0.446108 0.495833 0.477844 0.459167 0.495808 0.394167 0.486228 0.365000 0.507784 0.363333 0.531737 0.375833 0.556886 0.415000 0.581437 0.441667 0.608383 0.505833 0.641916 0.544167 0.652695 0.577500 0.651497 0.600833 0.634132 0.610833 0.615569 0.610000 0.602994 0.583333 0.577246 0.579167 0.558084 0.661667 0.468862 0.682500 0.456287 0.688333 0.443114 0.716667 0.418563 0.759167 0.368263 0.839167 0.295808 0.855000 0.267665 0.855000 0.250299 0.820000 0.222754
3 0.192500 0.284431 0.154167 0.310778 0.085833 0.372455 0.073333 0.392216 0.074167 0.401796 0.098333 0.419162 0.111667 0.423353 0.142500 0.405988 0.161667 0.407186 0.316667 0.492216 0.451667 0.578443 0.483333 0.594012 0.505000 0.594611 0.534167 0.575449 0.554167 0.555090 0.545000 0.535928 0.235000 0.338323 0.235833 0.327545 0.262500 0.304192 0.251667 0.291018 0.220833 0.274251
2 0.511667 0.302994 0.500833 0.310180 0.495833 0.324551 0.479167 0.346707 0.473333 0.361677 0.475000 0.376048 0.491667 0.385629 0.517500 0.395210 0.656667 0.438922 0.655000 0.461677 0.662500 0.472455 0.680000 0.481437 0.707500 0.487425 0.726667 0.483234 0.750000 0.458683 0.801667 0.375449 0.805833 0.356287 0.795000 0.339521 0.781667 0.333533 0.745833 0.328144 0.735000 0.331737 0.705833 0.355090 0.628333 0.331737 0.619167 0.326347 0.561667 0.312575 0.532500 0.302994
3 0.655000 0.403593 0.651667 0.408383 0.653333 0.410180 0.653333 0.416168 0.659167 0.421557 0.661667 0.427545 0.674167 0.441317 0.676667 0.447305 0.681667 0.450299 0.681667 0.452096 0.687500 0.457485 0.692500 0.465868 0.697500 0.470060 0.705000 0.482635 0.715000 0.493413 0.714167 0.497605 0.705833 0.501198 0.701667 0.504790 0.701667 0.508383 0.705000 0.512575 0.713333 0.516168 0.722500 0.514371 0.724167 0.514970 0.755833 0.504192 0.763333 0.502994 0.769167 0.500000 0.770833 0.500599 0.775833 0.486826 0.773333 0.485030 0.773333 0.483234 0.771667 0.481437 0.765000 0.480838 0.751667 0.485030 0.747500 0.483234 0.746667 0.479641 0.741667 0.474850 0.741667 0.473054 0.739167 0.471856 0.740000 0.471257 0.734167 0.462874 0.697500 0.418563 0.687500 0.402395 0.679167 0.397006 0.672500 0.396407
0 0.313333 0.419162 0.312500 0.419760 0.305833 0.417365 0.303333 0.418563 0.302500 0.417964 0.283333 0.435928 0.282500 0.438323 0.274167 0.445509 0.273333 0.447904 0.262500 0.457485 0.255833 0.457485 0.251667 0.456287 0.245833 0.456886 0.245000 0.458084 0.244167 0.457485 0.242500 0.459281 0.243333 0.459880 0.240833 0.467066 0.241667 0.467665 0.228333 0.480838 0.230833 0.484431 0.241667 0.491617 0.242500 0.491018 0.255000 0.498204 0.258333 0.498802 0.262500 0.501198 0.268333 0.501796 0.269167 0.500599 0.270833 0.500599 0.279167 0.492814 0.280833 0.487425 0.285000 0.485030 0.289167 0.485030 0.293333 0.483234 0.296667 0.479641 0.295833 0.476647 0.294167 0.476048 0.295000 0.474850 0.290833 0.470659 0.290000 0.468263 0.298333 0.461078 0.299167 0.458683 0.309167 0.449701 0.308333 0.449102 0.319167 0.439521 0.318333 0.438922 0.322500 0.435329 0.325000 0.430539 0.323333 0.425748
2 0.547500 0.370659 0.505833 0.380838 0.450833 0.400599 0.377500 0.433533 0.325000 0.462874 0.312500 0.486826 0.313333 0.495808 0.325000 0.514371 0.345000 0.532335 0.367500 0.538922 0.400000 0.532934 0.415833 0.537725 0.440833 0.569461 0.455833 0.579641 0.493333 0.637725 0.507500 0.648503 0.511667 0.661078 0.530833 0.679042 0.539167 0.696407 0.555833 0.713174 0.567500 0.714371 0.664167 0.676048 0.675000 0.658683 0.675833 0.649102 0.670833 0.632934 0.634167 0.591018 0.612500 0.549701 0.590000 0.522754 0.558333 0.465868 0.575000 0.450898 0.602500 0.445509 0.611667 0.430539 0.611667 0.421557 0.592500 0.386826 0.565833 0.373653
3 0.690833 0.350898 0.656667 0.329341 0.615000 0.337126 0.595833 0.347904 0.593333 0.355689 0.604167 0.379042 0.605833 0.398204 0.545833 0.410778 0.491667 0.428144 0.381667 0.474252 0.230833 0.522156 0.200833 0.535329 0.180833 0.551497 0.175000 0.564072 0.176667 0.576647 0.191667 0.589820 0.200000 0.614371 0.210000 0.621557 0.228333 0.624551 0.286667 0.616168 0.499167 0.542515 0.590833 0.516168 0.629167 0.499401 0.650833 0.499401 0.665000 0.490419 0.712500 0.518563 0.754167 0.508383 0.770000 0.496407 0.766667 0.471257
0 0.270833 0.314371 0.212500 0.373653 0.203333 0.395808 0.210833 0.412575 0.260833 0.437126 0.267500 0.466467 0.298333 0.461078 0.326667 0.465868 0.340000 0.472455 0.372500 0.501796 0.385000 0.506587 0.397500 0.516766 0.454167 0.541916 0.494167 0.564072 0.525833 0.571257 0.552500 0.566467 0.599167 0.535329 0.600833 0.518563 0.585000 0.501796 0.550833 0.485030 0.444167 0.417365 0.430833 0.413174 0.398333 0.394611 0.391667 0.381437 0.400000 0.376048 0.413333 0.355090 0.406667 0.351497 0.363333 0.345509 0.352500 0.336527 0.352500 0.328144 0.345000 0.318563 0.322500 0.307186 0.295000 0.303593
1 0.322500 0.247904 0.297500 0.261677 0.302500 0.297006 0.530000 0.749701 0.528333 0.762874 0.499167 0.784431 0.498333 0.795210 0.509167 0.813174 0.523333 0.821557 0.549167 0.827545 0.602500 0.823952 0.645833 0.811377 0.677500 0.795210 0.695000 0.773653 0.690833 0.761677 0.673333 0.744311 0.651667 0.743713 0.625833 0.734132 0.614167 0.719760 0.377500 0.257485 0.356667 0.247305
3 0.376667 0.506587 0.365833 0.508982 0.362500 0.516168 0.362500 0.520958 0.368333 0.523952 0.371667 0.523952 0.371667 0.525150 0.376667 0.525748 0.379167 0.529341 0.364167 0.581437 0.365833 0.584431 0.354167 0.625150 0.356667 0.628144 0.355833 0.629341 0.359167 0.631737 0.382500 0.635329 0.389167 0.628743 0.393333 0.609581 0.396667 0.602994 0.395833 0.600000 0.398333 0.597006 0.404167 0.577844 0.410000 0.566467 0.409167 0.564671 0.410833 0.563473 0.418333 0.537725 0.417500 0.535329 0.422500 0.531737 0.432500 0.532335 0.439167 0.531138 0.441667 0.529341 0.444167 0.517365 0.430000 0.512575 0.422500 0.512575 0.420833 0.511377 0.401667 0.508383 0.398333 0.508982
3 0.680833 0.531138 0.662500 0.526946 0.650000 0.528144 0.628333 0.549102 0.625833 0.555689 0.629167 0.561677 0.652500 0.574850 0.659167 0.584431 0.605000 0.633533 0.552500 0.690419 0.494167 0.744910 0.467500 0.776048 0.466667 0.795808 0.485833 0.810180 0.513333 0.824551 0.521667 0.825749 0.531667 0.822755 0.554167 0.808982 0.707500 0.653892 0.732500 0.622156 0.741667 0.619760 0.764167 0.628743 0.781667 0.629341 0.806667 0.605988 0.804167 0.595210 0.790000 0.582635 0.765000 0.570659 0.752500 0.561078
