0 0.505833 0.474850 0.490000 0.468862 0.462500 0.462874 0.442500 0.465269 0.422500 0.477844 0.401667 0.503593 0.377500 0.509581 0.365833 0.518563 0.358333 0.534132 0.358333 0.546108 0.365833 0.561078 0.366667 0.570060 0.302500 0.634731 0.294167 0.650299 0.297500 0.666467 0.314167 0.676647 0.340833 0.680838 0.354167 0.676048 0.370833 0.664072 0.395833 0.636527 0.432500 0.602994 0.441667 0.600000 0.458333 0.602395 0.471667 0.600599 0.485000 0.595808 0.495833 0.586826 0.500833 0.577844 0.503333 0.560479 0.518333 0.551497 0.525000 0.541317 0.534167 0.537725 0.544167 0.520359 0.544167 0.508982 0.538333 0.504790 0.530000 0.491617
3 0.339167 0.616766 0.322500 0.620958 0.308333 0.628743 0.294167 0.643713 0.292500 0.656287 0.319167 0.714371 0.330833 0.730539 0.376667 0.832934 0.391667 0.857485 0.379167 0.870659 0.359167 0.883832 0.363333 0.905389 0.373333 0.914371 0.421667 0.922754 0.464167 0.913174 0.512500 0.892216 0.538333 0.873054 0.540000 0.861677 0.524167 0.840719 0.503333 0.834731 0.482500 0.832335 0.472500 0.824551 0.428333 0.732934 0.376667 0.638922 0.355000 0.618563
0 0.515000 0.637725 0.468333 0.653293 0.455833 0.660479 0.439167 0.665269 0.431667 0.670060 0.430000 0.681437 0.439167 0.690419 0.454167 0.700599 0.459167 0.712575 0.454167 0.723353 0.455833 0.728743 0.462500 0.733533 0.476667 0.734731 0.491667 0.733533 0.497500 0.737126 0.501667 0.744311 0.518333 0.761677 0.532500 0.783234 0.545000 0.794611 0.548333 0.805988 0.565833 0.822755 0.576667 0.825150 0.611667 0.812575 0.613333 0.806587 0.610833 0.786228 0.590833 0.759880 0.590000 0.753892 0.592500 0.749701 0.586667 0.749701 0.581667 0.747305 0.579167 0.736527 0.580833 0.729341 0.571667 0.725748 0.559167 0.714970 0.558333 0.709581 0.573333 0.694611 0.567500 0.684431 0.551667 0.679641 0.538333 0.670659 0.539167 0.658683 0.530000 0.643713 0.525000 0.639521
3 0.757500 0.381437 0.740833 0.367066 0.706667 0.352096 0.663333 0.362275 0.654167 0.374251 0.660000 0.405988 0.645833 0.414970 0.579167 0.428743 0.319167 0.497006 0.288333 0.509581 0.273333 0.521557 0.267500 0.532934 0.274167 0.562275 0.288333 0.577844 0.298333 0.582635 0.331667 0.582635 0.403333 0.565868 0.561667 0.519162 0.675833 0.492814 0.687500 0.495808 0.707500 0.513174 0.729167 0.511976 0.750000 0.517365 0.765833 0.514970 0.782500 0.504790 0.786667 0.461677 0.780833 0.432934
1 0.474167 0.114970 0.464167 0.122754 0.463333 0.126946 0.465833 0.132934 0.610833 0.229940 0.615833 0.234731 0.641667 0.250299 0.644167 0.255689 0.637500 0.264072 0.640833 0.270060 0.650833 0.273054 0.659167 0.269461 0.688333 0.248503 0.695000 0.240719 0.694167 0.237126 0.683333 0.230539 0.666667 0.235928 0.490833 0.117964 0.483333 0.114371
2 0.324167 0.635928 0.293333 0.644311 0.257500 0.658683 0.231667 0.675449 0.194167 0.692814 0.158333 0.725748 0.153333 0.737126 0.152500 0.756886 0.170833 0.782635 0.197500 0.798802 0.261667 0.799401 0.292500 0.823952 0.327500 0.874850 0.347500 0.894012 0.372500 0.911377 0.393333 0.917365 0.428333 0.911976 0.455000 0.900000 0.485000 0.876048 0.495833 0.856886 0.481667 0.831138 0.446667 0.797006 0.420000 0.764671 0.393333 0.743114 0.382500 0.729940 0.403333 0.696407 0.403333 0.685629 0.396667 0.672455 0.371667 0.646108 0.361667 0.640719 0.342500 0.634731
4 0.284167 0.563473 0.288333 0.631138 0.316667 0.707186 0.346667 0.740120 0.377500 0.751497 0.421667 0.749102 0.455833 0.741317 0.469167 0.726946 0.469167 0.689820 0.475000 0.680838 0.486667 0.676048 0.524167 0.674251 0.725833 0.645509 0.760833 0.631737 0.770833 0.622156 0.781667 0.577246 0.763333 0.537126 0.748333 0.525748 0.732500 0.522156 0.679167 0.519760 0.570833 0.539521 0.528333 0.541317 0.459167 0.552096 0.447500 0.547904 0.426667 0.523353 0.384167 0.507186 0.315833 0.512575 0.301667 0.518563
0 0.530000 0.225749 0.501667 0.231138 0.460833 0.247305 0.447500 0.250299 0.427500 0.265269 0.428333 0.273054 0.433333 0.285030 0.446667 0.297605 0.442500 0.309581 0.445833 0.318563 0.460000 0.327545 0.476667 0.329341 0.484167 0.332934 0.495833 0.348503 0.505833 0.395808 0.520833 0.429341 0.530833 0.443713 0.545000 0.456287 0.565000 0.463473 0.580000 0.463473 0.590000 0.459880 0.615000 0.456287 0.624167 0.446707 0.620833 0.428743 0.610833 0.414371 0.596667 0.379641 0.578333 0.346108 0.575833 0.335329 0.563333 0.313772 0.568333 0.303593 0.582500 0.298802 0.594167 0.286826 0.570833 0.271856 0.558333 0.270659 0.555833 0.268263 0.565000 0.249701 0.560000 0.234731 0.550000 0.226946
0 0.615833 0.229341 0.597500 0.219760 0.574167 0.218563 0.548333 0.229940 0.537500 0.240120 0.534167 0.262874 0.516667 0.259281 0.475833 0.258084 0.459167 0.263473 0.453333 0.273653 0.458333 0.300599 0.450000 0.309581 0.398333 0.341317 0.350833 0.361677 0.292500 0.394012 0.275833 0.425748 0.280833 0.432934 0.310000 0.451497 0.320833 0.465868 0.343333 0.470060 0.365000 0.456287 0.384167 0.450898 0.394167 0.441916 0.420833 0.432335 0.430833 0.422754 0.465000 0.416766 0.480833 0.407784 0.509167 0.401198 0.532500 0.386826 0.571667 0.384431 0.590000 0.379042 0.602500 0.370060 0.633333 0.359880 0.655000 0.343713 0.676667 0.332934 0.685833 0.324551 0.688333 0.316168 0.678333 0.291018 0.640833 0.249701
0 0.070833 0.273653 0.075833 0.296407 0.078333 0.301796 0.082500 0.305389 0.089167 0.304192 0.090833 0.304790 0.101667 0.301198 0.106667 0.301198 0.110833 0.303593 0.114167 0.303593 0.120000 0.300000 0.120000 0.297006 0.124167 0.291617 0.143333 0.288024 0.145833 0.288623 0.154167 0.286228 0.156667 0.286826 0.162500 0.285030 0.167500 0.285030 0.176667 0.282635 0.181667 0.282635 0.185833 0.281437 0.189167 0.278443 0.184167 0.265269 0.182500 0.264671 0.182500 0.263473 0.181667 0.264072 0.176667 0.262874 0.170833 0.264671 0.162500 0.264671 0.156667 0.266467 0.154167 0.265868 0.134167 0.269461 0.132500 0.268862 0.129167 0.270060 0.126667 0.269461 0.123333 0.270659 0.117500 0.270659 0.108333 0.262874 0.103333 0.262275 0.100833 0.262874 0.096667 0.266467 0.093333 0.267066 0.092500 0.268263 0.081667 0.267665 0.071667 0.270060 0.072500 0.272455
1 0.279167 0.092814 0.268333 0.103593 0.283333 0.134731 0.616667 0.508982 0.591667 0.530539 0.603333 0.550299 0.615833 0.556886 0.635833 0.555689 0.739167 0.511377 0.760833 0.489222 0.749167 0.469461 0.732500 0.461677 0.701667 0.469461 0.691667 0.465868 0.354167 0.092216 0.340000 0.084431 0.317500 0.080240
3 0.569167 0.665269 0.553333 0.689820 0.551667 0.704790 0.528333 0.753293 0.527500 0.768862 0.531667 0.780838 0.567500 0.788024 0.579167 0.779042 0.590000 0.762874 0.600833 0.755689 0.627500 0.762874 0.835000 0.802395 0.879167 0.805988 0.893333 0.809581 0.910833 0.808383 0.922500 0.802994 0.930000 0.789222 0.932500 0.771257 0.920833 0.758683 0.905833 0.752695 0.840000 0.738922 0.825000 0.738323 0.795833 0.730539 0.710000 0.716766 0.677500 0.707784 0.663333 0.698204 0.622500 0.689820 0.618333 0.683234 0.620000 0.664671 0.611667 0.660479 0.580833 0.656886
3 0.202500 0.749701 0.197500 0.759880 0.195000 0.762275 0.191667 0.777844 0.190000 0.779641 0.191667 0.790419 0.195000 0.791617 0.207500 0.792814 0.215000 0.787425 0.219167 0.782635 0.222500 0.782635 0.228333 0.785030 0.240833 0.786826 0.244167 0.788623 0.259167 0.791018 0.260833 0.792216 0.268333 0.792814 0.271667 0.794611 0.275833 0.794611 0.290000 0.798204 0.300833 0.799401 0.308333 0.802395 0.325000 0.804790 0.326667 0.805988 0.336667 0.806587 0.343333 0.801198 0.345000 0.795808 0.345000 0.788024 0.337500 0.783234 0.327500 0.781437 0.323333 0.779641 0.319167 0.779641 0.314167 0.777844 0.292500 0.774252 0.266667 0.766467 0.252500 0.764671 0.235000 0.759880 0.230833 0.760479 0.226667 0.756886 0.227500 0.746108 0.222500 0.743713 0.211667 0.742515 0.205000 0.746707
0 0.411667 0.447904 0.390833 0.444311 0.370000 0.449701 0.348333 0.464072 0.313333 0.496407 0.255000 0.542515 0.237500 0.544311 0.226667 0.540719 0.196667 0.541916 0.181667 0.550898 0.176667 0.558084 0.175833 0.570060 0.171667 0.577246 0.153333 0.589820 0.141667 0.604192 0.137500 0.616766 0.138333 0.631737 0.150000 0.646108 0.196667 0.679641 0.222500 0.687425 0.233333 0.688024 0.248333 0.685030 0.265833 0.674251 0.282500 0.653293 0.310833 0.650299 0.324167 0.640719 0.327500 0.620359 0.315833 0.597605 0.320000 0.589820 0.415000 0.512575 0.441667 0.486228 0.442500 0.473054 0.427500 0.458084
2 0.540000 0.077844 0.532500 0.086228 0.526667 0.111976 0.528333 0.128144 0.532500 0.138323 0.544167 0.152096 0.555000 0.158084 0.581667 0.164671 0.586667 0.168862 0.590833 0.184431 0.590833 0.210180 0.595833 0.226946 0.595000 0.247305 0.608333 0.292216 0.620833 0.301198 0.665000 0.312575 0.713333 0.310180 0.734167 0.297605 0.741667 0.280240 0.736667 0.253293 0.737500 0.226347 0.725833 0.166467 0.730000 0.161078 0.767500 0.140120 0.774167 0.120359 0.769167 0.092216 0.760000 0.081437 0.745833 0.071856 0.692500 0.060479 0.653333 0.058683 0.610833 0.061677
2 0.421667 0.371257 0.386667 0.380240 0.367500 0.377844 0.337500 0.380838 0.215000 0.406587 0.165833 0.426347 0.158333 0.435928 0.162500 0.468263 0.185000 0.495210 0.200000 0.496407 0.236667 0.489820 0.253333 0.498802 0.325833 0.684431 0.335833 0.695808 0.349167 0.700000 0.463333 0.677245 0.476667 0.671856 0.482500 0.663473 0.478333 0.638323 0.445000 0.568263 0.410833 0.470060 0.420833 0.453293 0.452500 0.443713 0.466667 0.435329 0.462500 0.399401 0.444167 0.379042
