0 0.421667 0.393413 0.392500 0.394012 0.283333 0.451497 0.259167 0.459281 0.239167 0.471856 0.223333 0.477246 0.209167 0.486826 0.201667 0.487425 0.168333 0.473054 0.154167 0.474252 0.149167 0.476647 0.145000 0.493413 0.137500 0.500599 0.101667 0.507784 0.084167 0.518563 0.076667 0.527545 0.080000 0.538922 0.160000 0.609581 0.175000 0.617365 0.182500 0.617964 0.201667 0.609581 0.222500 0.595210 0.240833 0.594012 0.268333 0.583832 0.276667 0.577844 0.297500 0.547305 0.320833 0.539521 0.331667 0.528144 0.350833 0.520958 0.376667 0.503593 0.391667 0.499401 0.400000 0.491617 0.435000 0.473054 0.450000 0.454491 0.457500 0.435329 0.452500 0.424551
3 0.185833 0.553892 0.194167 0.577246 0.215833 0.596407 0.245833 0.598204 0.265833 0.594611 0.280000 0.586228 0.289167 0.561078 0.307500 0.546707 0.437500 0.540719 0.462500 0.544311 0.476667 0.540719 0.514167 0.541916 0.590833 0.535928 0.705000 0.537126 0.737500 0.530539 0.755000 0.522754 0.764167 0.489820 0.760833 0.462275 0.737500 0.449701 0.671667 0.446108 0.595833 0.456886 0.477500 0.455090 0.416667 0.461677 0.381667 0.458683 0.343333 0.462275 0.303333 0.452096 0.280833 0.416168 0.269167 0.411976 0.241667 0.411976 0.217500 0.423952 0.199167 0.444910 0.196667 0.476048 0.184167 0.506587
3 0.329167 0.332335 0.316667 0.330539 0.300000 0.332335 0.293333 0.335928 0.281667 0.352096 0.282500 0.358683 0.306667 0.376048 0.310000 0.382036 0.280833 0.417365 0.279167 0.424551 0.215000 0.513174 0.201667 0.528742 0.186667 0.540120 0.188333 0.548503 0.184167 0.553892 0.187500 0.562275 0.183333 0.568263 0.191667 0.568862 0.223333 0.582036 0.235000 0.583832 0.250000 0.578443 0.272500 0.556886 0.340000 0.461078 0.362500 0.437126 0.368333 0.423353 0.379167 0.409581 0.389167 0.405389 0.401667 0.408383 0.415000 0.408383 0.432500 0.387425 0.429167 0.377844 0.400833 0.359281 0.370833 0.344311
4 0.515833 0.217365 0.497500 0.253293 0.490833 0.279641 0.492500 0.294611 0.501667 0.313174 0.518333 0.332335 0.532500 0.343114 0.558333 0.352096 0.580833 0.356287 0.595000 0.354491 0.623333 0.337725 0.632500 0.337126 0.652500 0.326946 0.660833 0.325749 0.684167 0.332934 0.721667 0.337725 0.782500 0.352695 0.831667 0.359281 0.853333 0.354491 0.879167 0.328743 0.886667 0.313772 0.886667 0.298802 0.870000 0.279641 0.845833 0.269461 0.764167 0.253293 0.700833 0.235329 0.684167 0.224551 0.654167 0.191617 0.636667 0.181437 0.615000 0.177246 0.580000 0.177844 0.543333 0.192216 0.525000 0.205988
0 0.510000 0.304192 0.460833 0.317365 0.445000 0.325749 0.410833 0.354491 0.391667 0.356287 0.395000 0.367665 0.370833 0.377844 0.355833 0.379641 0.351667 0.393413 0.331667 0.411976 0.326667 0.413174 0.290833 0.404790 0.272500 0.414371 0.270833 0.432335 0.259167 0.453293 0.227500 0.461677 0.205833 0.478443 0.201667 0.484431 0.203333 0.495210 0.257500 0.535329 0.275833 0.543713 0.301667 0.562275 0.312500 0.566467 0.335833 0.562275 0.364167 0.526946 0.385000 0.516168 0.408333 0.515569 0.418333 0.511976 0.425000 0.500000 0.410833 0.471856 0.414167 0.464072 0.455000 0.428144 0.490833 0.402395 0.504167 0.386826 0.525000 0.377246 0.550000 0.353892 0.555000 0.345509 0.553333 0.334731 0.536667 0.320359
1 0.715833 0.152096 0.687500 0.144311 0.655833 0.162874 0.317500 0.542515 0.263333 0.543713 0.248333 0.555689 0.246667 0.566467 0.255833 0.576048 0.310833 0.607186 0.383333 0.631138 0.402500 0.624551 0.414167 0.603593 0.389167 0.584431 0.388333 0.575449 0.530000 0.413772 0.589167 0.356287 0.719167 0.210778 0.734167 0.189222 0.739167 0.170060
4 0.357500 0.283234 0.311667 0.311976 0.294167 0.338323 0.291667 0.364072 0.310000 0.383832 0.346667 0.405389 0.435000 0.434132 0.474167 0.453892 0.535000 0.476647 0.540833 0.484431 0.535000 0.504192 0.537500 0.519162 0.554167 0.545509 0.610833 0.571856 0.626667 0.573653 0.661667 0.558084 0.710833 0.520958 0.760833 0.459281 0.780833 0.422754 0.785000 0.397605 0.784167 0.376048 0.773333 0.362275 0.739167 0.344311 0.700833 0.334132 0.680833 0.338922 0.650833 0.365868 0.628333 0.370659 0.415000 0.285030 0.373333 0.279641
1 0.077500 0.346108 0.074167 0.367066 0.100000 0.382036 0.551667 0.489820 0.620000 0.502395 0.630000 0.511377 0.632500 0.537725 0.644167 0.543114 0.669167 0.541317 0.690000 0.516168 0.713333 0.451497 0.711667 0.439521 0.699167 0.433533 0.675000 0.430539 0.657500 0.450898 0.645833 0.453293 0.425833 0.402994 0.389167 0.391018 0.142500 0.331737 0.115000 0.327545 0.090833 0.329940
1 0.730833 0.163473 0.723333 0.115569 0.714167 0.104790 0.713333 0.095210 0.700000 0.088024 0.672500 0.089820 0.661667 0.114371 0.653333 0.119162 0.155833 0.129341 0.080000 0.137725 0.069167 0.144311 0.065833 0.158084 0.069167 0.173653 0.078333 0.179641 0.119167 0.185629 0.650000 0.173653 0.662500 0.177844 0.674167 0.198802 0.695833 0.201796 0.713333 0.200000 0.722500 0.195210 0.722500 0.178443
1 0.093333 0.137126 0.065833 0.162874 0.075000 0.192814 0.220833 0.321557 0.641667 0.670060 0.645833 0.682036 0.619167 0.715569 0.642500 0.741317 0.658333 0.747904 0.720000 0.737725 0.739167 0.728144 0.821667 0.664072 0.836667 0.638323 0.823333 0.619760 0.795833 0.601796 0.750000 0.613174 0.728333 0.608982 0.181667 0.150898 0.131667 0.125749
1 0.580000 0.143713 0.479167 0.141317 0.421667 0.147904 0.376667 0.163473 0.370000 0.184431 0.382500 0.211377 0.410833 0.215569 0.424167 0.231138 0.417500 0.250898 0.424167 0.260479 0.419167 0.290419 0.431667 0.434731 0.420000 0.500599 0.427500 0.519760 0.415000 0.643713 0.423333 0.737725 0.399167 0.826946 0.406667 0.863473 0.426667 0.882635 0.451667 0.888623 0.513333 0.885030 0.527500 0.876048 0.536667 0.850898 0.546667 0.672455 0.540833 0.650299 0.554167 0.591018 0.537500 0.538323 0.555000 0.527545 0.541667 0.455689 0.551667 0.444311 0.556667 0.217365 0.607500 0.200599 0.621667 0.179641 0.612500 0.152096
4 0.229167 0.235928 0.215000 0.240719 0.196667 0.252096 0.165833 0.263473 0.151667 0.273054 0.151667 0.280240 0.167500 0.305389 0.214167 0.342515 0.262500 0.392814 0.279167 0.404192 0.285000 0.414970 0.280833 0.421557 0.265833 0.424551 0.250833 0.450299 0.280000 0.477246 0.295000 0.479042 0.349167 0.459880 0.377500 0.442515 0.426667 0.419760 0.455833 0.399401 0.466667 0.386228 0.467500 0.379042 0.434167 0.349102 0.415000 0.354491 0.391667 0.365868 0.381667 0.364671 0.366667 0.357485 0.265000 0.258683 0.254167 0.252096 0.244167 0.240719
3 0.575833 0.711377 0.559167 0.708982 0.539167 0.711976 0.477500 0.734731 0.292500 0.816766 0.250833 0.804790 0.223333 0.810180 0.218333 0.814371 0.215000 0.825749 0.215833 0.838323 0.220000 0.850299 0.237500 0.876048 0.274167 0.908383 0.303333 0.920359 0.321667 0.920958 0.345000 0.907186 0.342500 0.879641 0.350000 0.868263 0.571667 0.769461 0.590833 0.758084 0.603333 0.743713 0.601667 0.739521 0.590833 0.732934 0.589167 0.722754
2 0.300833 0.176048 0.285833 0.181437 0.235000 0.216168 0.213333 0.240120 0.210000 0.252096 0.226667 0.271257 0.375000 0.387425 0.375833 0.394012 0.360833 0.416168 0.360833 0.427545 0.378333 0.447904 0.396667 0.459880 0.427500 0.465868 0.477500 0.445509 0.552500 0.398204 0.608333 0.355090 0.617500 0.338922 0.615000 0.326946 0.590833 0.302994 0.565833 0.291617 0.544167 0.291018 0.511667 0.304790 0.495833 0.305389 0.489167 0.302395 0.454167 0.271257 0.423333 0.251497 0.414167 0.240719 0.332500 0.185030
0 0.271667 0.119162 0.251667 0.146707 0.251667 0.152695 0.259167 0.161078 0.385833 0.207784 0.406667 0.217964 0.413333 0.225150 0.408333 0.246108 0.411667 0.251497 0.430000 0.256287 0.450833 0.249102 0.475000 0.271257 0.497500 0.279641 0.507500 0.280838 0.524167 0.274251 0.550000 0.246108 0.568333 0.217964 0.573333 0.197605 0.565833 0.185030 0.546667 0.177844 0.523333 0.180838 0.512500 0.179641 0.500000 0.167066 0.494167 0.152695 0.476667 0.150898 0.447500 0.170659 0.441667 0.166467 0.288333 0.112575 0.280000 0.113772
2 0.799167 0.234132 0.793333 0.234132 0.787500 0.236527 0.774167 0.252096 0.775833 0.260479 0.780833 0.264072 0.789167 0.267066 0.791667 0.270659 0.787500 0.277844 0.777500 0.287425 0.764167 0.307784 0.758333 0.313174 0.759167 0.314371 0.750833 0.323353 0.751667 0.324551 0.738333 0.340120 0.738333 0.345509 0.742500 0.348503 0.767500 0.360479 0.785833 0.365868 0.793333 0.365269 0.812500 0.347305 0.850000 0.297006 0.856667 0.295210 0.869167 0.300000 0.875000 0.300000 0.882500 0.296407 0.887500 0.291617 0.893333 0.281437 0.890833 0.273653 0.875000 0.265269 0.870000 0.264072 0.831667 0.244910
2 0.594167 0.660479 0.590000 0.709581 0.579167 0.754491 0.571667 0.819761 0.574167 0.838922 0.586667 0.851497 0.609167 0.858084 0.650000 0.858084 0.668333 0.849701 0.683333 0.818563 0.695000 0.813174 0.741667 0.820359 0.832500 0.825150 0.853333 0.828743 0.938333 0.829940 0.957500 0.820359 0.967500 0.788024 0.968333 0.752096 0.963333 0.731138 0.956667 0.725748 0.922500 0.717964 0.890000 0.717964 0.777500 0.707784 0.727500 0.708982 0.699167 0.706587 0.692500 0.698802 0.690000 0.670659 0.682500 0.662275 0.662500 0.653892 0.638333 0.651497 0.602500 0.653293
1 0.521667 0.071856 0.476667 0.091018 0.463333 0.126347 0.414167 0.755689 0.402500 0.765868 0.357500 0.779641 0.345833 0.792814 0.351667 0.833533 0.371667 0.849701 0.410000 0.865269 0.485000 0.873054 0.545833 0.867066 0.570833 0.858084 0.594167 0.839521 0.597500 0.820359 0.584167 0.792814 0.545000 0.776048 0.535833 0.743713 0.580833 0.111976 0.560833 0.087425
3 0.280000 0.481437 0.280833 0.516766 0.275833 0.528144 0.289167 0.553892 0.290833 0.586228 0.304167 0.607186 0.326667 0.620958 0.355000 0.620958 0.377500 0.614970 0.390000 0.593413 0.408333 0.583832 0.451667 0.582635 0.489167 0.572455 0.687500 0.575449 0.720000 0.580240 0.745000 0.576048 0.863333 0.579042 0.894167 0.573054 0.911667 0.560479 0.916667 0.549102 0.903333 0.507186 0.879167 0.495210 0.800000 0.491018 0.747500 0.493413 0.719167 0.488024 0.676667 0.488024 0.665000 0.482036 0.655833 0.489820 0.581667 0.482635 0.534167 0.486826 0.480000 0.468862 0.450000 0.482635 0.416667 0.480240 0.394167 0.470659 0.387500 0.436527 0.370000 0.425150 0.312500 0.427545 0.292500 0.443114
3 0.630000 0.122754 0.605000 0.116766 0.585000 0.120359 0.555833 0.131737 0.425833 0.200000 0.319167 0.250898 0.284167 0.259281 0.250000 0.272455 0.239167 0.270659 0.221667 0.255689 0.210833 0.253293 0.176667 0.269461 0.171667 0.283234 0.177500 0.306587 0.212500 0.353892 0.249167 0.392216 0.267500 0.404790 0.285833 0.411377 0.307500 0.405988 0.325833 0.395808 0.334167 0.385629 0.316667 0.360479 0.314167 0.342515 0.390000 0.307784 0.483333 0.257485 0.509167 0.247904 0.626667 0.187425 0.645000 0.163473
2 0.670833 0.428144 0.656667 0.433533 0.649167 0.440120 0.639167 0.464671 0.639167 0.473054 0.645000 0.482036 0.654167 0.488623 0.677500 0.497605 0.684167 0.505389 0.674167 0.518563 0.668333 0.541317 0.663333 0.549102 0.663333 0.557485 0.656667 0.562874 0.645000 0.607186 0.636667 0.624551 0.637500 0.638323 0.646667 0.647305 0.654167 0.649701 0.674167 0.651497 0.705833 0.659880 0.735000 0.659880 0.745000 0.656287 0.763333 0.629940 0.765833 0.614371 0.793333 0.549102 0.798333 0.526347 0.807500 0.520958 0.818333 0.522754 0.835000 0.520359 0.850000 0.511976 0.860000 0.495808 0.860000 0.475449 0.851667 0.465269 0.815000 0.450898 0.790000 0.447305 0.737500 0.434731 0.721667 0.434132 0.691667 0.427545
2 0.112500 0.335928 0.091667 0.362874 0.090833 0.377246 0.084167 0.386826 0.084167 0.407186 0.100833 0.428743 0.150000 0.448503 0.317500 0.487425 0.325833 0.495210 0.331667 0.517964 0.341667 0.533533 0.368333 0.549102 0.418333 0.559281 0.447500 0.555689 0.481667 0.541317 0.516667 0.511976 0.535000 0.469461 0.545000 0.393413 0.533333 0.368263 0.506667 0.349102 0.472500 0.338323 0.440000 0.335329 0.408333 0.339521 0.369167 0.359281 0.351667 0.362874 0.286667 0.344910 0.163333 0.320359 0.139167 0.322156
0 0.244167 0.480838 0.251667 0.510778 0.266667 0.531138 0.277500 0.537126 0.307500 0.540719 0.354167 0.532335 0.375833 0.540719 0.393333 0.540719 0.417500 0.532934 0.429167 0.524551 0.448333 0.501796 0.563333 0.488024 0.585833 0.480838 0.599167 0.468862 0.599167 0.455090 0.595833 0.446108 0.585833 0.434731 0.567500 0.429341 0.540000 0.429940 0.497500 0.436527 0.431667 0.441916 0.424167 0.439521 0.413333 0.428144 0.402500 0.422754 0.375000 0.419162 0.356667 0.423952 0.335833 0.435928 0.316667 0.434132 0.300833 0.438323 0.288333 0.435928 0.265833 0.443114 0.253333 0.452096
1 0.106667 0.779641 0.099167 0.780838 0.093333 0.785030 0.090833 0.794611 0.089167 0.827545 0.085000 0.846108 0.084167 0.871856 0.081667 0.879042 0.078333 0.920359 0.075833 0.925150 0.076667 0.929940 0.073333 0.946707 0.057500 0.949701 0.055833 0.957485 0.057500 0.959880 0.067500 0.962874 0.080000 0.962275 0.087500 0.964072 0.114167 0.965269 0.117500 0.964072 0.120000 0.957485 0.116667 0.953293 0.107500 0.951497 0.104167 0.947305 0.108333 0.937725 0.109167 0.891018 0.111667 0.888024 0.114167 0.871257 0.113333 0.862275 0.115833 0.858084 0.116667 0.834731 0.119167 0.829940 0.118333 0.822156 0.120833 0.812575 0.120000 0.803593 0.121667 0.802395 0.123333 0.788623 0.120833 0.783234
