2 0.510833 0.197006 0.485000 0.207784 0.444167 0.237126 0.446667 0.265269 0.456667 0.304192 0.455833 0.316168 0.465000 0.349701 0.462500 0.356886 0.451667 0.361078 0.435000 0.380240 0.421667 0.426946 0.430833 0.446108 0.440000 0.455689 0.470000 0.476048 0.510833 0.490419 0.568333 0.496407 0.596667 0.491617 0.634167 0.480240 0.670000 0.460479 0.692500 0.432335 0.694167 0.414371 0.686667 0.388024 0.674167 0.370659 0.660000 0.359880 0.621667 0.343713 0.611667 0.334731 0.615000 0.314970 0.609167 0.300599 0.605833 0.265269 0.596667 0.233533 0.585000 0.214970 0.569167 0.203593 0.555833 0.199401
1 0.558333 0.432335 0.557500 0.437725 0.563333 0.441916 0.568333 0.442515 0.576667 0.438323 0.580833 0.438323 0.592500 0.449102 0.604167 0.455090 0.623333 0.468862 0.636667 0.475449 0.640000 0.479641 0.665833 0.496407 0.668333 0.500000 0.721667 0.534731 0.735000 0.545509 0.743333 0.547904 0.755833 0.541916 0.758333 0.538323 0.758333 0.533533 0.748333 0.523952 0.718333 0.504790 0.705000 0.494012 0.675833 0.476048 0.601667 0.422754 0.608333 0.413174 0.602500 0.407784 0.596667 0.406587 0.588333 0.410180 0.583333 0.415569
2 0.475000 0.323952 0.462500 0.313772 0.448333 0.310778 0.445000 0.311377 0.444167 0.310180 0.430000 0.309581 0.417500 0.311976 0.410000 0.315569 0.402500 0.320958 0.396667 0.328743 0.390000 0.331737 0.365000 0.332934 0.357500 0.334731 0.350000 0.334731 0.350000 0.335928 0.323333 0.337126 0.322500 0.338323 0.316667 0.338323 0.315833 0.339521 0.310833 0.340120 0.301667 0.347305 0.298333 0.352096 0.298333 0.365868 0.300000 0.366467 0.302500 0.379042 0.312500 0.386228 0.323333 0.388024 0.391667 0.382635 0.398333 0.384431 0.403333 0.390419 0.404167 0.389820 0.409167 0.395210 0.413333 0.397006 0.420833 0.397605 0.424167 0.399401 0.437500 0.400000 0.451667 0.398204 0.460000 0.395210 0.472500 0.385629 0.472500 0.383234 0.477500 0.377246 0.477500 0.372455 0.480000 0.370659 0.481667 0.342515 0.480833 0.336527 0.479167 0.335928
4 0.541667 0.284431 0.518333 0.255090 0.501667 0.249701 0.455833 0.249102 0.439167 0.253892 0.432500 0.283234 0.420833 0.296407 0.403333 0.292216 0.390000 0.294012 0.380000 0.301198 0.346667 0.295808 0.302500 0.297605 0.290833 0.301198 0.272500 0.297006 0.152500 0.295808 0.125833 0.301796 0.122500 0.370659 0.129167 0.395210 0.140833 0.403593 0.164167 0.407186 0.228333 0.404790 0.258333 0.412575 0.420000 0.416168 0.431667 0.420958 0.435000 0.448503 0.440833 0.460479 0.455000 0.471856 0.480833 0.476048 0.521667 0.474252 0.537500 0.464072 0.545833 0.446707 0.553333 0.361677 0.550000 0.317365
3 0.505833 0.261078 0.475000 0.267066 0.445000 0.278443 0.442500 0.299401 0.581667 0.546707 0.574167 0.556287 0.540000 0.567066 0.540833 0.580240 0.556667 0.603593 0.590833 0.602994 0.651667 0.587425 0.721667 0.563473 0.745000 0.549102 0.748333 0.543114 0.739167 0.523353 0.730000 0.514371 0.695000 0.519760 0.679167 0.512575 0.599167 0.394012 0.539167 0.285629 0.525000 0.267665 0.515000 0.261677
0 0.694167 0.600000 0.680000 0.604192 0.673333 0.612575 0.670000 0.625749 0.664167 0.635928 0.664167 0.647305 0.655833 0.659281 0.656667 0.668263 0.650000 0.679042 0.649167 0.691018 0.642500 0.700599 0.641667 0.708982 0.632500 0.719760 0.617500 0.720359 0.609167 0.722754 0.601667 0.729341 0.608333 0.748503 0.595833 0.766467 0.593333 0.774252 0.596667 0.782635 0.612500 0.790419 0.650833 0.797006 0.666667 0.797006 0.683333 0.801198 0.697500 0.801198 0.708333 0.794611 0.711667 0.786826 0.710000 0.765269 0.725833 0.748503 0.715000 0.734132 0.711667 0.719162 0.708333 0.715569 0.720000 0.698204 0.718333 0.689820 0.721667 0.685629 0.723333 0.669461 0.728333 0.659880 0.730000 0.641317 0.728333 0.629341 0.732500 0.614970 0.728333 0.608383 0.721667 0.604790
1 0.243333 0.040719 0.136667 0.067066 0.133333 0.093413 0.145833 0.116168 0.204167 0.120359 0.215000 0.140719 0.353333 0.770659 0.377500 0.799401 0.436667 0.801198 0.465833 0.789820 0.474167 0.750898 0.400000 0.398802 0.330000 0.120359 0.335000 0.105988 0.385000 0.081437 0.389167 0.049102 0.375000 0.039521 0.341667 0.034731
0 0.454167 0.398802 0.417500 0.375449 0.392500 0.364072 0.371667 0.364072 0.360833 0.368862 0.350000 0.383234 0.350000 0.397006 0.345000 0.395210 0.320833 0.397605 0.306667 0.404192 0.303333 0.411377 0.314167 0.434731 0.289167 0.458084 0.250000 0.485030 0.216667 0.512575 0.210000 0.525748 0.212500 0.532335 0.230833 0.546707 0.250000 0.553293 0.264167 0.551497 0.275833 0.545509 0.315000 0.516766 0.330000 0.509581 0.335833 0.504192 0.338333 0.497006 0.365000 0.480240 0.380833 0.477844 0.397500 0.480838 0.418333 0.476048 0.425000 0.465269 0.423333 0.455090 0.430833 0.449701 0.447500 0.446707 0.465000 0.435928 0.468333 0.430539 0.469167 0.416168
3 0.860833 0.297006 0.832500 0.276048 0.815833 0.272455 0.796667 0.273653 0.765833 0.283832 0.670000 0.329940 0.555833 0.376647 0.497500 0.407186 0.449167 0.385629 0.432500 0.387425 0.414167 0.394012 0.404167 0.402994 0.398333 0.435329 0.405833 0.449102 0.445000 0.491617 0.478333 0.515569 0.504167 0.527545 0.527500 0.528144 0.549167 0.517964 0.556667 0.510180 0.563333 0.487425 0.558333 0.470659 0.566667 0.462874 0.731667 0.392216 0.846667 0.337725 0.867500 0.319162
4 0.645833 0.188623 0.627500 0.176048 0.611667 0.173054 0.554167 0.185629 0.545000 0.195210 0.554167 0.234731 0.548333 0.243114 0.531667 0.243713 0.518333 0.250299 0.478333 0.256287 0.432500 0.271257 0.400000 0.274850 0.310000 0.296407 0.289167 0.306587 0.288333 0.319760 0.305000 0.362275 0.334167 0.398204 0.356667 0.402395 0.381667 0.393413 0.438333 0.382635 0.457500 0.382036 0.494167 0.367665 0.553333 0.353293 0.565833 0.353892 0.579167 0.346707 0.593333 0.347904 0.607500 0.355689 0.645000 0.385030 0.665833 0.388623 0.720833 0.374850 0.730000 0.349701 0.715833 0.294611 0.679167 0.225749
4 0.486667 0.446707 0.460833 0.488623 0.447500 0.529940 0.451667 0.547904 0.464167 0.559281 0.480000 0.565868 0.548333 0.577246 0.569167 0.588623 0.631667 0.598802 0.683333 0.614371 0.705833 0.616168 0.715833 0.626946 0.715833 0.658683 0.733333 0.689820 0.743333 0.696407 0.794167 0.710180 0.814167 0.700599 0.840000 0.679042 0.861667 0.651497 0.905000 0.564072 0.911667 0.526347 0.909167 0.504790 0.899167 0.489820 0.850833 0.470659 0.820833 0.469461 0.779167 0.516766 0.767500 0.519760 0.712500 0.491617 0.655833 0.482036 0.637500 0.473054 0.535000 0.444910 0.497500 0.441317
3 0.874167 0.207784 0.859167 0.201198 0.835000 0.205988 0.685000 0.265269 0.615833 0.297006 0.602500 0.298802 0.525833 0.326946 0.511667 0.326946 0.481667 0.307784 0.442500 0.321557 0.439167 0.329940 0.445000 0.349701 0.513333 0.441916 0.540833 0.457485 0.572500 0.444910 0.581667 0.430539 0.566667 0.409581 0.579167 0.394012 0.608333 0.384431 0.677500 0.352695 0.770833 0.319760 0.795833 0.306587 0.856667 0.283234 0.886667 0.267066 0.897500 0.252096 0.896667 0.241916
0 0.800000 0.371856 0.781667 0.381437 0.642500 0.507186 0.633333 0.507186 0.620000 0.500599 0.603333 0.497006 0.592500 0.497605 0.581667 0.502395 0.580833 0.523353 0.575833 0.531138 0.533333 0.564072 0.520833 0.577844 0.518333 0.584431 0.540833 0.602994 0.577500 0.624551 0.593333 0.629341 0.626667 0.653892 0.635833 0.657485 0.649167 0.656886 0.668333 0.643114 0.684167 0.625749 0.683333 0.617964 0.696667 0.604790 0.710000 0.595808 0.731667 0.591018 0.730833 0.579641 0.720000 0.559880 0.721667 0.550299 0.773333 0.500000 0.865000 0.420958 0.865833 0.412575 0.857500 0.402994 0.834167 0.386228
3 0.465000 0.342515 0.460000 0.343713 0.455833 0.346108 0.456667 0.346707 0.454167 0.349102 0.454167 0.353892 0.458333 0.356886 0.463333 0.357485 0.468333 0.362275 0.465000 0.367665 0.464167 0.375449 0.462500 0.376647 0.463333 0.377844 0.459167 0.389820 0.457500 0.391617 0.457500 0.395210 0.455833 0.396407 0.456667 0.397605 0.454167 0.405389 0.452500 0.407186 0.451667 0.413772 0.444167 0.431138 0.444167 0.436527 0.445833 0.439521 0.448333 0.441317 0.460000 0.444311 0.466667 0.444311 0.471667 0.439521 0.473333 0.436527 0.472500 0.435928 0.474167 0.435329 0.473333 0.434132 0.478333 0.423353 0.486667 0.395808 0.489167 0.392814 0.488333 0.391018 0.495833 0.374850 0.496667 0.368862 0.502500 0.365868 0.508333 0.366467 0.513333 0.365269 0.516667 0.362874 0.516667 0.359880 0.518333 0.359281 0.518333 0.356287 0.512500 0.352096 0.505833 0.349701 0.500833 0.349102 0.489167 0.345509 0.484167 0.346108 0.472500 0.343114
0 0.294167 0.482635 0.295000 0.513772 0.315833 0.568862 0.334167 0.589820 0.352500 0.594012 0.375833 0.592216 0.398333 0.583234 0.423333 0.590419 0.436667 0.588623 0.457500 0.577246 0.463333 0.563473 0.474167 0.555689 0.489167 0.555689 0.500833 0.550898 0.589167 0.552695 0.654167 0.546707 0.678333 0.541317 0.703333 0.531138 0.720833 0.514970 0.723333 0.504790 0.720000 0.468263 0.704167 0.456886 0.673333 0.455689 0.645000 0.461677 0.578333 0.466467 0.555833 0.471257 0.497500 0.474850 0.458333 0.480838 0.439167 0.473653 0.434167 0.459281 0.415833 0.446108 0.389167 0.459880 0.376667 0.476647 0.367500 0.476048 0.344167 0.464072 0.330833 0.462874 0.316667 0.464671 0.300833 0.471856
