4 0.369167 0.613174 0.344167 0.644311 0.335833 0.665269 0.339167 0.677245 0.348333 0.685629 0.477500 0.726347 0.549167 0.744311 0.557500 0.753293 0.556667 0.791018 0.571667 0.800599 0.610833 0.810180 0.648333 0.793413 0.678333 0.759880 0.713333 0.688623 0.716667 0.664072 0.713333 0.655090 0.700833 0.643114 0.666667 0.631737 0.652500 0.630539 0.612500 0.653892 0.590833 0.657485 0.548333 0.649102 0.520833 0.639521 0.477500 0.629940 0.463333 0.622156 0.437500 0.617365 0.415000 0.608982 0.385000 0.604790
0 0.370833 0.288024 0.320833 0.325749 0.317500 0.332335 0.296667 0.352695 0.290833 0.362874 0.299167 0.377246 0.315000 0.385629 0.343333 0.391617 0.346667 0.394611 0.345000 0.401198 0.347500 0.405988 0.362500 0.417365 0.371667 0.417365 0.405833 0.407186 0.415000 0.407186 0.427500 0.415569 0.459167 0.429341 0.494167 0.452096 0.508333 0.457485 0.525833 0.471257 0.560833 0.488623 0.578333 0.490419 0.590000 0.485629 0.618333 0.461078 0.619167 0.453892 0.613333 0.443713 0.530833 0.395210 0.487500 0.361677 0.482500 0.353293 0.470833 0.345509 0.470000 0.327545 0.465833 0.320958 0.433333 0.314970 0.421667 0.307186 0.416667 0.297605 0.398333 0.286228 0.387500 0.284431
4 0.541667 0.198802 0.500833 0.241916 0.447500 0.335329 0.438333 0.367066 0.444167 0.389222 0.476667 0.399401 0.510000 0.404790 0.539167 0.367066 0.573333 0.364072 0.779167 0.425150 0.815000 0.433533 0.835000 0.432335 0.853333 0.401198 0.878333 0.371257 0.883333 0.355090 0.879167 0.348503 0.839167 0.329341 0.785000 0.314371 0.749167 0.308383 0.625000 0.271257 0.610000 0.262275 0.607500 0.256886 0.624167 0.244910 0.616667 0.214371 0.604167 0.207186 0.558333 0.194012
3 0.605000 0.240719 0.579167 0.225749 0.537500 0.214970 0.488333 0.233533 0.480833 0.241916 0.480833 0.253293 0.498333 0.286228 0.484167 0.299401 0.414167 0.326347 0.128333 0.454491 0.100000 0.471856 0.084167 0.489222 0.080000 0.505988 0.097500 0.538922 0.121667 0.556287 0.134167 0.559281 0.172500 0.553293 0.250833 0.520958 0.414167 0.440719 0.544167 0.386826 0.565000 0.388623 0.589167 0.403593 0.616667 0.398802 0.643333 0.401198 0.660833 0.395808 0.675833 0.381437 0.667500 0.331138 0.649167 0.295210
2 0.642500 0.206587 0.612500 0.217964 0.599167 0.235928 0.589167 0.268862 0.574167 0.364671 0.567500 0.381437 0.531667 0.391617 0.515000 0.401796 0.498333 0.429341 0.498333 0.453293 0.515833 0.479042 0.545833 0.498802 0.590833 0.507784 0.629167 0.510778 0.712500 0.507784 0.730000 0.505389 0.757500 0.494611 0.773333 0.476048 0.782500 0.453293 0.782500 0.429341 0.770833 0.411976 0.733333 0.383234 0.755000 0.243114 0.746667 0.228743 0.726667 0.216168 0.692500 0.207186
3 0.760833 0.268862 0.735833 0.265269 0.724167 0.268263 0.712500 0.275449 0.675833 0.313174 0.658333 0.335928 0.645000 0.346707 0.573333 0.422156 0.563333 0.426347 0.538333 0.418563 0.528333 0.419162 0.514167 0.431737 0.511667 0.437725 0.514167 0.443713 0.526667 0.453892 0.585833 0.483832 0.595833 0.486826 0.615833 0.498802 0.631667 0.502395 0.641667 0.500599 0.650833 0.492814 0.655833 0.482635 0.645833 0.468862 0.635000 0.462874 0.637500 0.455090 0.660833 0.435329 0.680833 0.411377 0.691667 0.402994 0.700000 0.389222 0.726667 0.368263 0.732500 0.358683 0.750000 0.340120 0.759167 0.334731 0.780000 0.308383 0.787500 0.288024 0.779167 0.279042
0 0.427500 0.547904 0.400833 0.550299 0.387500 0.553892 0.381667 0.558683 0.374167 0.573054 0.362500 0.620359 0.355833 0.628144 0.360000 0.646108 0.356667 0.668263 0.350000 0.673653 0.335833 0.674850 0.324167 0.679641 0.309167 0.691018 0.306667 0.696407 0.306667 0.707784 0.315000 0.722156 0.302500 0.743713 0.301667 0.758683 0.307500 0.768263 0.318333 0.775449 0.349167 0.783832 0.415000 0.788024 0.435000 0.783832 0.451667 0.768862 0.453333 0.756287 0.450000 0.743713 0.463333 0.725748 0.469167 0.710180 0.464167 0.701796 0.440833 0.687425 0.435833 0.675449 0.450833 0.601796 0.455000 0.594012 0.455833 0.575449 0.452500 0.564072
0 0.517500 0.532934 0.509167 0.529940 0.485833 0.534731 0.466667 0.553892 0.460833 0.568263 0.420833 0.585030 0.420833 0.607784 0.414167 0.619760 0.410833 0.637126 0.378333 0.655090 0.374167 0.664671 0.364167 0.670060 0.347500 0.688623 0.334167 0.696407 0.302500 0.738323 0.281667 0.756886 0.281667 0.768862 0.287500 0.777246 0.319167 0.796407 0.338333 0.797605 0.355833 0.790419 0.374167 0.774252 0.392500 0.763473 0.403333 0.749102 0.425000 0.737725 0.433333 0.725150 0.453333 0.713174 0.465000 0.699401 0.482500 0.690419 0.498333 0.676048 0.514167 0.669461 0.541667 0.677844 0.562500 0.674251 0.567500 0.669461 0.574167 0.645509 0.605000 0.629341 0.620833 0.615569 0.621667 0.601198 0.612500 0.589820 0.565833 0.559281 0.545833 0.551497
0 0.678333 0.255090 0.675000 0.252695 0.671667 0.252096 0.657500 0.257485 0.655000 0.259281 0.655833 0.259880 0.650833 0.262874 0.646667 0.261677 0.638333 0.262874 0.635833 0.266467 0.635833 0.271257 0.637500 0.273653 0.636667 0.276048 0.610833 0.288024 0.609167 0.289820 0.598333 0.294012 0.596667 0.295808 0.591667 0.297605 0.589167 0.299401 0.590000 0.300000 0.587500 0.301198 0.587500 0.308383 0.592500 0.314371 0.593333 0.313772 0.598333 0.317365 0.602500 0.317365 0.627500 0.306587 0.630000 0.304192 0.640833 0.300000 0.642500 0.298204 0.655000 0.292814 0.664167 0.295210 0.666667 0.297006 0.674167 0.296407 0.680833 0.288024 0.697500 0.280240 0.697500 0.276647 0.693333 0.272455 0.694167 0.271856 0.692500 0.269461 0.688333 0.266467
2 0.508333 0.364072 0.485833 0.372455 0.442500 0.398204 0.330000 0.482036 0.302500 0.494012 0.269167 0.482635 0.232500 0.479042 0.193333 0.501796 0.187500 0.514371 0.187500 0.527545 0.225000 0.562874 0.259167 0.583234 0.283333 0.605988 0.375000 0.664072 0.390000 0.664072 0.413333 0.654491 0.446667 0.631737 0.460000 0.613772 0.463333 0.602395 0.452500 0.598802 0.446667 0.588623 0.433333 0.580838 0.431667 0.576647 0.437500 0.568862 0.470833 0.555090 0.473333 0.547305 0.530000 0.511377 0.555000 0.490419 0.582500 0.477844 0.616667 0.437126 0.600833 0.414970 0.586667 0.403593 0.535833 0.372455
1 0.389167 0.496407 0.378333 0.495210 0.370000 0.496407 0.365000 0.504790 0.365000 0.507784 0.378333 0.514970 0.378333 0.518563 0.275000 0.694611 0.274167 0.699401 0.276667 0.703593 0.292500 0.709581 0.304167 0.707186 0.309167 0.702994 0.392500 0.559281 0.398333 0.552695 0.407500 0.531737 0.415833 0.526946 0.430000 0.528742 0.436667 0.524551 0.438333 0.516168 0.431667 0.511377
3 0.697500 0.450299 0.663333 0.453293 0.644167 0.459880 0.637500 0.477246 0.637500 0.489820 0.655833 0.552695 0.660833 0.583832 0.672500 0.617964 0.676667 0.643713 0.684167 0.665269 0.690833 0.673653 0.690000 0.680239 0.683333 0.686228 0.654167 0.694611 0.647500 0.700000 0.653333 0.722754 0.666667 0.728743 0.686667 0.730539 0.733333 0.728743 0.780000 0.722754 0.815833 0.710180 0.825000 0.702395 0.817500 0.677844 0.775000 0.674850 0.770000 0.670659 0.725000 0.500599 0.720833 0.473054 0.709167 0.456886
2 0.569167 0.292814 0.550000 0.294012 0.529167 0.302994 0.508333 0.325150 0.505000 0.335928 0.506667 0.349701 0.513333 0.362874 0.525000 0.373653 0.524167 0.380838 0.438333 0.479641 0.417500 0.494611 0.400833 0.517964 0.402500 0.526347 0.428333 0.548503 0.465833 0.564671 0.496667 0.572455 0.515833 0.568862 0.534167 0.552096 0.552500 0.526946 0.585833 0.492216 0.615833 0.468263 0.646667 0.433533 0.661667 0.432934 0.681667 0.437725 0.710833 0.434731 0.730000 0.426347 0.753333 0.398802 0.756667 0.382036 0.750000 0.370659 0.710000 0.339521 0.670833 0.320359 0.638333 0.308982
2 0.590000 0.420958 0.577500 0.426347 0.547500 0.457485 0.537500 0.476647 0.534167 0.491617 0.537500 0.511377 0.546667 0.523353 0.573333 0.542515 0.575000 0.549701 0.567500 0.570060 0.549167 0.597006 0.540833 0.621557 0.523333 0.647305 0.505000 0.705389 0.512500 0.720359 0.558333 0.753293 0.617500 0.768862 0.650833 0.762275 0.674167 0.743713 0.689167 0.708982 0.704167 0.691617 0.743333 0.602994 0.751667 0.597605 0.785000 0.594611 0.814167 0.587425 0.839167 0.565269 0.854167 0.528742 0.850833 0.512575 0.837500 0.492814 0.777500 0.458084 0.740833 0.443713 0.692500 0.431138
