3 0.509167 0.339521 0.501667 0.342515 0.485833 0.342515 0.466667 0.349102 0.459167 0.367066 0.459167 0.380240 0.479167 0.457485 0.494167 0.494611 0.509167 0.564671 0.515833 0.571856 0.510000 0.579641 0.483333 0.589222 0.476667 0.595210 0.481667 0.616766 0.485833 0.621557 0.519167 0.628144 0.565833 0.626347 0.622500 0.615569 0.652500 0.600599 0.656667 0.591617 0.647500 0.571257 0.635000 0.567066 0.609167 0.565868 0.598333 0.558084 0.567500 0.443114 0.550000 0.392216 0.545000 0.364671 0.539167 0.354491 0.524167 0.341317
2 0.288333 0.428144 0.274167 0.450898 0.263333 0.483234 0.260000 0.524551 0.265833 0.531737 0.300833 0.544311 0.337500 0.548503 0.457500 0.573653 0.543333 0.585030 0.548333 0.594012 0.544167 0.625150 0.549167 0.634132 0.564167 0.644311 0.611667 0.655090 0.636667 0.655090 0.646667 0.648503 0.662500 0.597605 0.686667 0.547305 0.710833 0.476647 0.711667 0.455689 0.701667 0.440719 0.677500 0.429940 0.634167 0.425150 0.620000 0.428144 0.610000 0.434132 0.589167 0.462874 0.573333 0.468862 0.523333 0.454491 0.428333 0.438922 0.402500 0.431737 0.313333 0.419760
3 0.372500 0.465269 0.329167 0.462874 0.290000 0.465868 0.276667 0.478443 0.271667 0.494012 0.299167 0.741317 0.298333 0.817365 0.289167 0.825749 0.273333 0.826347 0.231667 0.841317 0.233333 0.883234 0.250000 0.891018 0.309167 0.892216 0.444167 0.882635 0.487500 0.873653 0.503333 0.863473 0.502500 0.832335 0.492500 0.819162 0.451667 0.818563 0.428333 0.811377 0.401667 0.516766 0.395833 0.489222 0.384167 0.472455
0 0.925000 0.314371 0.921667 0.310778 0.918333 0.310778 0.916667 0.309581 0.911667 0.309581 0.907500 0.310778 0.905000 0.308982 0.900000 0.307784 0.891667 0.310778 0.888333 0.313174 0.853333 0.308982 0.846667 0.308982 0.843333 0.311377 0.843333 0.313772 0.840833 0.316766 0.840833 0.320359 0.847500 0.323353 0.880000 0.326946 0.880833 0.328144 0.884167 0.328743 0.885000 0.330539 0.890000 0.334132 0.894167 0.334731 0.895833 0.335928 0.903333 0.333533 0.906667 0.335928 0.911667 0.337725 0.915000 0.337725 0.920833 0.335329 0.924167 0.329341
4 0.557500 0.195210 0.506667 0.207784 0.430000 0.234132 0.351667 0.272455 0.322500 0.304192 0.324167 0.316766 0.351667 0.351497 0.358333 0.352695 0.399167 0.342515 0.417500 0.344311 0.422500 0.359281 0.441667 0.367066 0.451667 0.391018 0.472500 0.414371 0.483333 0.420958 0.497500 0.450299 0.542500 0.508383 0.560833 0.520359 0.648333 0.488024 0.669167 0.474850 0.673333 0.464072 0.665000 0.445509 0.633333 0.408982 0.629167 0.389222 0.611667 0.367066 0.607500 0.353892 0.557500 0.286826 0.557500 0.279641 0.600000 0.255689 0.607500 0.239521 0.583333 0.203593 0.573333 0.197006
3 0.400833 0.032934 0.372500 0.062275 0.340833 0.104790 0.331667 0.123952 0.333333 0.133533 0.355833 0.143713 0.365833 0.144910 0.381667 0.130539 0.395000 0.123952 0.605833 0.214371 0.632500 0.223353 0.648333 0.224551 0.655000 0.222754 0.670000 0.210180 0.683333 0.192814 0.676667 0.182036 0.661667 0.173054 0.489167 0.102395 0.438333 0.077246 0.432500 0.072455 0.438333 0.062874 0.441667 0.043114 0.413333 0.029940 0.405833 0.029940
0 0.566667 0.300599 0.541667 0.311976 0.522500 0.327545 0.510833 0.349701 0.520000 0.370060 0.535833 0.384431 0.560000 0.397006 0.553333 0.419760 0.560000 0.438323 0.575833 0.447904 0.635833 0.456287 0.665000 0.488623 0.697500 0.532335 0.723333 0.558084 0.737500 0.565868 0.770000 0.568263 0.797500 0.553892 0.806667 0.544311 0.811667 0.532335 0.801667 0.511377 0.801667 0.500000 0.784167 0.475449 0.780000 0.459880 0.765000 0.448503 0.748333 0.422156 0.745833 0.407186 0.751667 0.388623 0.744167 0.368862 0.731667 0.360479 0.703333 0.350898 0.698333 0.328743 0.685833 0.311976 0.662500 0.295808 0.649167 0.290419 0.631667 0.287425 0.607500 0.288623
3 0.045000 0.105389 0.035833 0.114371 0.036667 0.121557 0.039167 0.124551 0.053333 0.132934 0.101667 0.156886 0.121667 0.168862 0.125833 0.170060 0.127500 0.171856 0.128333 0.171257 0.130833 0.173653 0.131667 0.173054 0.137500 0.177844 0.137500 0.180838 0.135833 0.181437 0.131667 0.189820 0.137500 0.194611 0.144167 0.197605 0.153333 0.195808 0.169167 0.184431 0.169167 0.183234 0.179167 0.175449 0.185000 0.168862 0.189167 0.160479 0.188333 0.159281 0.190000 0.158683 0.188333 0.153293 0.180833 0.148503 0.175833 0.147305 0.158333 0.155689 0.146667 0.150299 0.143333 0.147305 0.142500 0.147904 0.118333 0.135928 0.065000 0.106587 0.064167 0.107186 0.063333 0.105988 0.062500 0.106587 0.055833 0.103593
0 0.495833 0.640719 0.478333 0.629341 0.461667 0.627545 0.445833 0.634731 0.438333 0.647904 0.432500 0.652096 0.415000 0.652695 0.402500 0.649102 0.397500 0.649102 0.388333 0.656287 0.393333 0.676048 0.391667 0.682036 0.386667 0.682036 0.365000 0.692814 0.263333 0.735329 0.260833 0.738922 0.261667 0.746707 0.278333 0.768263 0.287500 0.773054 0.298333 0.772455 0.388333 0.734731 0.423333 0.722754 0.429167 0.722754 0.451667 0.736527 0.456667 0.736527 0.470000 0.729940 0.473333 0.714970 0.503333 0.713772 0.524167 0.705988 0.530833 0.700599 0.531667 0.689820 0.515000 0.662874
1 0.337500 0.431737 0.346667 0.437126 0.404167 0.444910 0.453333 0.455090 0.616667 0.481437 0.625833 0.485629 0.625833 0.495210 0.630000 0.497006 0.640000 0.498204 0.648333 0.497006 0.658333 0.489222 0.662500 0.480240 0.665000 0.455689 0.660833 0.445509 0.655833 0.443713 0.643333 0.443114 0.625833 0.452096 0.615833 0.452695 0.592500 0.446108 0.577500 0.446707 0.565833 0.443114 0.526667 0.438922 0.514167 0.435329 0.463333 0.428743 0.450833 0.425150 0.407500 0.420359 0.367500 0.411976 0.346667 0.411976 0.343333 0.413174
2 0.839167 0.225749 0.826667 0.225749 0.801667 0.236527 0.685000 0.326946 0.655833 0.353293 0.649167 0.354491 0.613333 0.343713 0.602500 0.344311 0.574167 0.358084 0.555000 0.380240 0.553333 0.391018 0.557500 0.404192 0.617500 0.454491 0.667500 0.483832 0.682500 0.489222 0.707500 0.505988 0.735833 0.514970 0.757500 0.512575 0.775000 0.504790 0.802500 0.478443 0.803333 0.463473 0.778333 0.433533 0.777500 0.422156 0.800833 0.410180 0.806667 0.401796 0.843333 0.371257 0.860833 0.361078 0.898333 0.323353 0.924167 0.303593 0.932500 0.288623 0.929167 0.276048 0.918333 0.267066 0.899167 0.259281 0.870833 0.237126
4 0.369167 0.081437 0.355000 0.089820 0.346667 0.098802 0.340000 0.113174 0.340000 0.120958 0.349167 0.134731 0.372500 0.156287 0.359167 0.170060 0.285833 0.277844 0.291667 0.292814 0.300000 0.300000 0.335000 0.314371 0.365833 0.319162 0.382500 0.316766 0.395833 0.307186 0.466667 0.213174 0.478333 0.192814 0.481667 0.190419 0.495000 0.189820 0.523333 0.195210 0.539167 0.194012 0.561667 0.165269 0.563333 0.155689 0.557500 0.143114 0.540000 0.126946 0.505833 0.107186 0.450833 0.090419 0.425000 0.088623 0.405833 0.083234
0 0.095833 0.072455 0.079167 0.079641 0.075000 0.086228 0.072500 0.108982 0.082500 0.125749 0.074167 0.136527 0.075000 0.145509 0.078333 0.150299 0.088333 0.156287 0.115833 0.163473 0.119167 0.167066 0.120833 0.194611 0.126667 0.211377 0.129167 0.238323 0.133333 0.247305 0.132500 0.253892 0.138333 0.275449 0.147500 0.283234 0.156667 0.286826 0.180000 0.288024 0.205000 0.282036 0.210000 0.276048 0.212500 0.264072 0.205000 0.213174 0.205000 0.170659 0.200833 0.159281 0.225000 0.147904 0.231667 0.138323 0.227500 0.128144 0.214167 0.120359 0.208333 0.107186 0.216667 0.093413 0.212500 0.083832 0.213333 0.077246 0.204167 0.070659 0.180833 0.068263 0.159167 0.069461 0.130833 0.067665
1 0.350833 0.185629 0.226667 0.223353 0.175833 0.260479 0.179167 0.274850 0.202500 0.304192 0.265000 0.308982 0.315833 0.388024 0.350000 0.465868 0.590000 0.910180 0.612500 0.932934 0.647500 0.932934 0.705000 0.912575 0.705833 0.891617 0.403333 0.313772 0.388333 0.265868 0.431667 0.237725 0.432500 0.222754 0.407500 0.190419
0 0.460000 0.246108 0.451667 0.245509 0.444167 0.247305 0.434167 0.258683 0.431667 0.270659 0.425833 0.274850 0.422500 0.280240 0.415833 0.283832 0.402500 0.285030 0.399167 0.288024 0.397500 0.294012 0.410833 0.307784 0.412500 0.312575 0.410833 0.316766 0.401667 0.325150 0.395833 0.335329 0.374167 0.360479 0.370833 0.368862 0.357500 0.379042 0.349167 0.392216 0.348333 0.400599 0.351667 0.404192 0.382500 0.417964 0.408333 0.405988 0.420833 0.392814 0.425000 0.384431 0.432500 0.378443 0.436667 0.377844 0.435000 0.374251 0.436667 0.370060 0.450000 0.362275 0.457500 0.361677 0.457500 0.355090 0.465833 0.335928 0.472500 0.334731 0.481667 0.338323 0.494167 0.338922 0.500000 0.334731 0.504167 0.308383 0.520833 0.300000 0.531667 0.286228 0.531667 0.279641 0.525833 0.276048 0.510833 0.271257 0.490833 0.259880 0.474167 0.256287
3 0.422500 0.288024 0.405833 0.300599 0.403333 0.305389 0.399167 0.307186 0.395000 0.312575 0.390000 0.314970 0.383333 0.325749 0.385000 0.333533 0.393333 0.338922 0.399167 0.340120 0.405833 0.338922 0.412500 0.333533 0.418333 0.331737 0.424167 0.332934 0.432500 0.340120 0.451667 0.348503 0.459167 0.354491 0.465000 0.356287 0.486667 0.370659 0.494167 0.373653 0.497500 0.377246 0.511667 0.383832 0.532500 0.398802 0.545000 0.404192 0.550000 0.404790 0.557500 0.404192 0.566667 0.399401 0.577500 0.388024 0.574167 0.382036 0.565000 0.374251 0.550833 0.367066 0.526667 0.351497 0.523333 0.350898 0.518333 0.346108 0.512500 0.344311 0.503333 0.337126 0.500000 0.336527 0.470833 0.318563 0.465833 0.313772 0.455000 0.308383 0.452500 0.304192 0.459167 0.289820 0.455000 0.283832 0.446667 0.279641 0.442500 0.279641 0.434167 0.282036 0.427500 0.286826
0 0.730833 0.718563 0.692500 0.649102 0.677500 0.637126 0.668333 0.635928 0.640833 0.645509 0.619167 0.643713 0.606667 0.647904 0.591667 0.647904 0.581667 0.654491 0.580833 0.664072 0.570833 0.677844 0.555000 0.676048 0.543333 0.679641 0.535000 0.675449 0.530833 0.683832 0.516667 0.685030 0.508333 0.690419 0.500000 0.690419 0.480000 0.696407 0.467500 0.695210 0.459167 0.700599 0.419167 0.708383 0.395000 0.726946 0.391667 0.737725 0.405000 0.768862 0.411667 0.773653 0.427500 0.775449 0.608333 0.733533 0.618333 0.737126 0.632500 0.750299 0.650000 0.755689 0.668333 0.738323 0.678333 0.736527 0.693333 0.739521 0.711667 0.735329 0.728333 0.726946
3 0.371667 0.596407 0.329167 0.597605 0.272500 0.605988 0.255000 0.611377 0.245833 0.617365 0.244167 0.622156 0.250000 0.641317 0.281667 0.643713 0.290000 0.649102 0.300833 0.707186 0.305833 0.719162 0.310833 0.758683 0.318333 0.777844 0.320833 0.801796 0.327500 0.826347 0.333333 0.834731 0.355000 0.846108 0.373333 0.844311 0.391667 0.836527 0.397500 0.828144 0.399167 0.816766 0.395833 0.780838 0.373333 0.684431 0.370833 0.649701 0.365833 0.639521 0.377500 0.630539 0.391667 0.627545 0.397500 0.621557 0.394167 0.604790 0.389167 0.599401
4 0.403333 0.417365 0.389167 0.396407 0.375833 0.391018 0.328333 0.389820 0.318333 0.415569 0.308333 0.424551 0.285833 0.420958 0.276667 0.426347 0.264167 0.426347 0.248333 0.420958 0.203333 0.422754 0.166667 0.416766 0.108333 0.415569 0.097500 0.413174 0.076667 0.416168 0.067500 0.461677 0.070000 0.490419 0.077500 0.497605 0.097500 0.501796 0.145000 0.501796 0.170833 0.509581 0.300000 0.519760 0.306667 0.523353 0.310833 0.554491 0.323333 0.565868 0.345000 0.569461 0.377500 0.568263 0.386667 0.561677 0.394167 0.549102 0.406667 0.487425 0.408333 0.446707
3 0.704167 0.152096 0.676667 0.153293 0.655833 0.170659 0.651667 0.185629 0.682500 0.210180 0.681667 0.219760 0.663333 0.238922 0.645833 0.268263 0.589167 0.325150 0.512500 0.421557 0.509167 0.438922 0.515000 0.447904 0.528333 0.458084 0.561667 0.471257 0.585833 0.468862 0.612500 0.449701 0.656667 0.398802 0.681667 0.358683 0.756667 0.280838 0.771667 0.257485 0.782500 0.252695 0.810000 0.259281 0.826667 0.254491 0.835833 0.249102 0.846667 0.234132 0.844167 0.219162 0.817500 0.196407 0.765833 0.173054 0.743333 0.166467 0.736667 0.161078
1 0.060000 0.323952 0.055833 0.348503 0.081667 0.365868 0.676667 0.516168 0.758333 0.532934 0.765833 0.541916 0.767500 0.574850 0.795833 0.584431 0.812500 0.586228 0.838333 0.570659 0.881667 0.499401 0.890000 0.469461 0.877500 0.451497 0.858333 0.444311 0.831667 0.442515 0.811667 0.461078 0.792500 0.465868 0.678333 0.441916 0.116667 0.301198 0.080000 0.303593
4 0.495000 0.717964 0.454167 0.743114 0.430000 0.767665 0.398333 0.792216 0.376667 0.818563 0.371667 0.831737 0.373333 0.838922 0.411667 0.859281 0.426667 0.852695 0.447500 0.837126 0.455833 0.836527 0.470833 0.840120 0.597500 0.911377 0.606667 0.913772 0.619167 0.922156 0.635833 0.925150 0.685000 0.888024 0.693333 0.877844 0.690833 0.871257 0.665833 0.850299 0.615833 0.827545 0.552500 0.789820 0.533333 0.782635 0.525000 0.774252 0.525000 0.768862 0.538333 0.762275 0.543333 0.737725 0.530000 0.727545 0.509167 0.717964
0 0.760000 0.406587 0.705833 0.401198 0.688333 0.402994 0.677500 0.408982 0.671667 0.425150 0.671667 0.438922 0.661667 0.446108 0.650000 0.450898 0.664167 0.467066 0.665833 0.483832 0.658333 0.492216 0.658333 0.497006 0.650000 0.507186 0.649167 0.514970 0.644167 0.522754 0.639167 0.554491 0.631667 0.578443 0.633333 0.593413 0.645000 0.604790 0.677500 0.614970 0.687500 0.616766 0.699167 0.613174 0.710833 0.597006 0.712500 0.583832 0.724167 0.556886 0.729167 0.537126 0.740000 0.514970 0.746667 0.488024 0.756667 0.483234 0.767500 0.485629 0.785833 0.484431 0.785833 0.476048 0.775000 0.458683 0.794167 0.442515 0.797500 0.434132 0.795833 0.421557 0.786667 0.413772
0 0.902500 0.291018 0.885000 0.277246 0.861667 0.268862 0.829167 0.264072 0.817500 0.264072 0.782500 0.270659 0.760000 0.279042 0.740000 0.290419 0.723333 0.307186 0.716667 0.320359 0.717500 0.331138 0.714167 0.337126 0.691667 0.355689 0.689167 0.364671 0.691667 0.380838 0.700833 0.392814 0.710833 0.398204 0.729167 0.402994 0.767500 0.395808 0.777500 0.396407 0.786667 0.400599 0.810833 0.401796 0.828333 0.398802 0.865000 0.383832 0.890833 0.362874 0.899167 0.346707 0.905000 0.340120 0.907500 0.331737 0.914167 0.325150 0.916667 0.314371
