3 0.305833 0.397605 0.293333 0.438922 0.283333 0.528144 0.288333 0.552096 0.298333 0.562874 0.335833 0.568263 0.352500 0.565868 0.365833 0.535928 0.385833 0.527545 0.618333 0.537725 0.817500 0.556886 0.860833 0.556287 0.875833 0.547305 0.886667 0.516766 0.887500 0.487425 0.876667 0.479042 0.856667 0.472455 0.395000 0.429341 0.385000 0.417964 0.389167 0.384431 0.368333 0.376647 0.324167 0.374850
3 0.503333 0.619760 0.487500 0.635329 0.471667 0.659880 0.470833 0.665868 0.481667 0.679042 0.546667 0.714371 0.619167 0.745509 0.683333 0.780240 0.785000 0.825749 0.790000 0.835928 0.771667 0.865269 0.780833 0.876647 0.809167 0.888024 0.835000 0.879042 0.911667 0.801796 0.930000 0.771257 0.926667 0.753892 0.888333 0.741317 0.859167 0.762275 0.848333 0.764072 0.836667 0.760479 0.614167 0.649701 0.532500 0.619162 0.510000 0.617365
4 0.367500 0.202395 0.295833 0.217365 0.208333 0.256886 0.129167 0.304790 0.109167 0.326347 0.100000 0.345509 0.107500 0.365269 0.146667 0.406587 0.168333 0.405988 0.215000 0.395210 0.227500 0.402395 0.243333 0.402395 0.389167 0.556886 0.412500 0.571856 0.429167 0.574850 0.485833 0.553892 0.525833 0.531737 0.549167 0.510180 0.552500 0.496407 0.541667 0.473054 0.519167 0.455689 0.495833 0.422754 0.405833 0.346108 0.389167 0.326347 0.386667 0.313772 0.418333 0.282635 0.422500 0.262874 0.395000 0.216168 0.383333 0.205988
3 0.919167 0.419162 0.914167 0.419760 0.910833 0.422754 0.905833 0.432934 0.905833 0.435329 0.903333 0.438323 0.904167 0.438922 0.901667 0.441317 0.901667 0.443713 0.888333 0.464671 0.878333 0.486826 0.875000 0.488623 0.865833 0.487425 0.862500 0.488024 0.858333 0.494611 0.858333 0.497605 0.865833 0.500000 0.866667 0.501198 0.872500 0.501796 0.874167 0.502994 0.885833 0.505988 0.893333 0.506587 0.903333 0.508982 0.911667 0.507784 0.915000 0.502395 0.915000 0.499401 0.910000 0.497605 0.909167 0.496407 0.905833 0.495808 0.905000 0.492216 0.921667 0.458084 0.920833 0.455689 0.933333 0.431737 0.934167 0.428144 0.933333 0.424551 0.930000 0.422156
0 0.244167 0.753293 0.231667 0.776048 0.230833 0.794611 0.235000 0.800599 0.236667 0.808383 0.261667 0.835329 0.295833 0.849701 0.320833 0.855090 0.345833 0.856886 0.350000 0.855090 0.374167 0.852695 0.390833 0.846707 0.397500 0.840120 0.413333 0.835329 0.432500 0.835928 0.442500 0.834132 0.452500 0.828144 0.465833 0.816168 0.470000 0.802994 0.460000 0.783832 0.425000 0.768862 0.418333 0.762275 0.417500 0.757485 0.400833 0.743713 0.384167 0.737126 0.345833 0.729940 0.314167 0.731138 0.274167 0.741916 0.264167 0.746108 0.257500 0.746707
3 0.510000 0.389820 0.482500 0.422754 0.471667 0.444910 0.473333 0.465868 0.480000 0.474850 0.505000 0.483832 0.546667 0.465269 0.785833 0.567665 0.812500 0.574251 0.825000 0.573054 0.833333 0.568263 0.852500 0.541916 0.842500 0.523353 0.797500 0.500599 0.729167 0.473054 0.627500 0.425748 0.596667 0.414970 0.590000 0.407186 0.594167 0.377844 0.582500 0.367665 0.562500 0.361677 0.539167 0.370060
2 0.494167 0.372455 0.464167 0.395808 0.445000 0.434132 0.448333 0.442515 0.494167 0.471257 0.496667 0.480838 0.455000 0.533533 0.439167 0.561078 0.415833 0.586228 0.411667 0.598802 0.400833 0.606587 0.398333 0.616168 0.361667 0.659281 0.353333 0.683234 0.373333 0.700599 0.424167 0.722754 0.464167 0.735928 0.501667 0.742515 0.512500 0.740719 0.516667 0.731737 0.570000 0.696407 0.610000 0.646108 0.619167 0.625150 0.629167 0.617964 0.672500 0.561078 0.686667 0.552096 0.719167 0.559281 0.735000 0.555090 0.746667 0.546707 0.767500 0.517365 0.771667 0.497006 0.769167 0.489222 0.753333 0.476647 0.666667 0.437126 0.607500 0.418563 0.520833 0.375449
3 0.622500 0.117964 0.597500 0.096407 0.583333 0.092216 0.559167 0.093413 0.539167 0.108383 0.535833 0.140120 0.448333 0.164671 0.433333 0.171257 0.392500 0.179641 0.356667 0.193413 0.260833 0.216766 0.245000 0.224551 0.230000 0.237126 0.229167 0.246707 0.245833 0.279641 0.264167 0.286228 0.310833 0.276647 0.338333 0.268862 0.363333 0.255689 0.398333 0.247305 0.412500 0.240719 0.444167 0.236527 0.461667 0.230539 0.472500 0.230539 0.489167 0.220958 0.508333 0.218563 0.515000 0.214371 0.549167 0.207186 0.565833 0.205988 0.594167 0.225749 0.608333 0.229940 0.620833 0.228144 0.638333 0.212575 0.648333 0.192814 0.635833 0.165868 0.636667 0.146108 0.623333 0.125749
2 0.134167 0.401198 0.120833 0.416766 0.111667 0.433533 0.106667 0.454491 0.102500 0.460479 0.099167 0.485629 0.103333 0.526946 0.107500 0.533533 0.120833 0.541916 0.155833 0.549701 0.165833 0.548503 0.183333 0.542515 0.204167 0.525150 0.210833 0.524551 0.340833 0.543713 0.368333 0.552096 0.395833 0.553892 0.402500 0.550898 0.420000 0.529940 0.425833 0.507784 0.425833 0.484431 0.416667 0.475449 0.392500 0.469461 0.380833 0.469461 0.312500 0.458084 0.280833 0.448503 0.233333 0.441317 0.228333 0.434731 0.223333 0.412575 0.212500 0.402994 0.199167 0.395808 0.164167 0.391018 0.145000 0.394012
1 0.851667 0.648503 0.799167 0.601198 0.775833 0.602395 0.752500 0.617365 0.763333 0.642515 0.756667 0.653892 0.204167 0.885030 0.175833 0.900000 0.158333 0.916766 0.168333 0.941317 0.190833 0.958683 0.232500 0.952096 0.804167 0.707784 0.855000 0.725748 0.878333 0.719760 0.885833 0.710778 0.884167 0.697605
3 0.425833 0.213772 0.391667 0.235329 0.325833 0.298204 0.303333 0.332934 0.305000 0.340120 0.325000 0.354491 0.343333 0.359880 0.395000 0.343114 0.412500 0.358084 0.428333 0.363473 0.442500 0.378443 0.464167 0.388623 0.470833 0.400599 0.482500 0.402395 0.500000 0.418563 0.531667 0.437126 0.561667 0.449102 0.631667 0.498802 0.675833 0.517964 0.719167 0.525748 0.730833 0.524551 0.763333 0.504790 0.776667 0.491018 0.776667 0.474850 0.709167 0.425150 0.469167 0.277844 0.464167 0.266467 0.481667 0.246707 0.488333 0.230539 0.460833 0.211377 0.445000 0.208383
1 0.082500 0.324551 0.064167 0.359281 0.075833 0.383234 0.108333 0.395210 0.124167 0.394611 0.144167 0.376048 0.161667 0.372455 0.835833 0.611976 0.873333 0.612575 0.897500 0.594012 0.906667 0.569461 0.873333 0.543713 0.213333 0.308982 0.207500 0.299401 0.213333 0.265269 0.170000 0.247904 0.138333 0.261677
1 0.924167 0.210778 0.889167 0.149102 0.850000 0.149701 0.831667 0.158683 0.829167 0.192814 0.809167 0.199401 0.066667 0.310180 0.032500 0.327545 0.033333 0.362275 0.048333 0.379641 0.097500 0.382635 0.507500 0.323353 0.834167 0.269461 0.849167 0.270659 0.883333 0.301198 0.921667 0.302994 0.931667 0.294012 0.935833 0.276048
4 0.393333 0.413174 0.313333 0.426347 0.284167 0.436527 0.277500 0.444311 0.278333 0.462275 0.296667 0.499401 0.294167 0.518563 0.303333 0.540719 0.303333 0.552096 0.328333 0.618563 0.324167 0.626946 0.282500 0.640719 0.270000 0.654491 0.279167 0.686228 0.286667 0.695808 0.298333 0.700599 0.333333 0.700000 0.422500 0.686228 0.466667 0.676048 0.506667 0.663473 0.540833 0.641317 0.543333 0.627545 0.529167 0.593413 0.520000 0.591617 0.485000 0.594611 0.469167 0.590419 0.467500 0.573653 0.452500 0.564072 0.452500 0.544311 0.433333 0.512575 0.428333 0.483234 0.407500 0.437126 0.406667 0.427545
4 0.319167 0.144910 0.294167 0.155090 0.284167 0.166467 0.280833 0.181437 0.285000 0.205988 0.313333 0.278443 0.320833 0.319760 0.309167 0.334731 0.302500 0.358683 0.285833 0.391018 0.285000 0.408982 0.290000 0.423952 0.313333 0.448503 0.332500 0.456886 0.370000 0.464671 0.411667 0.466467 0.443333 0.463473 0.510833 0.449102 0.533333 0.438323 0.549167 0.425150 0.570833 0.392814 0.575000 0.376647 0.559167 0.338922 0.543333 0.330539 0.485833 0.313772 0.472500 0.306587 0.439167 0.202395 0.424167 0.169461 0.410000 0.151497 0.398333 0.144311 0.345833 0.141317
3 0.500833 0.602994 0.435000 0.616766 0.405000 0.632934 0.379167 0.657485 0.378333 0.670060 0.391667 0.688623 0.434167 0.711377 0.445833 0.722156 0.511667 0.920958 0.530833 0.943713 0.544167 0.950299 0.565833 0.952096 0.594167 0.940719 0.605833 0.929341 0.610000 0.917964 0.608333 0.895210 0.600833 0.882635 0.580833 0.811377 0.570833 0.791018 0.559167 0.737725 0.544167 0.697605 0.546667 0.689820 0.564167 0.679641 0.584167 0.659880 0.585000 0.645509 0.574167 0.625749 0.559167 0.616168
