1 0.633333 0.459281 0.602500 0.459281 0.582500 0.463473 0.570000 0.481437 0.571667 0.501198 0.599167 0.511377 0.600833 0.524551 0.551667 0.732934 0.543333 0.788024 0.535000 0.801198 0.514167 0.893413 0.508333 0.941916 0.516667 0.956886 0.556667 0.964072 0.572500 0.962874 0.583333 0.954491 0.595833 0.915569 0.684167 0.534132 0.690000 0.528742 0.711667 0.526946 0.727500 0.520958 0.735833 0.498204 0.730000 0.486826 0.711667 0.477246
3 0.294167 0.211377 0.275833 0.225150 0.260833 0.249102 0.263333 0.259281 0.278333 0.279042 0.287500 0.284431 0.300833 0.285629 0.340000 0.277246 0.354167 0.286228 0.380000 0.329341 0.500833 0.495808 0.525000 0.522754 0.545833 0.535329 0.564167 0.538323 0.603333 0.529940 0.627500 0.511377 0.625000 0.488024 0.591667 0.437725 0.512500 0.338922 0.457500 0.256287 0.460833 0.244311 0.480000 0.231138 0.475833 0.214371 0.480833 0.200000 0.475833 0.188623 0.458333 0.177844 0.400000 0.180240 0.356667 0.189820
0 0.498333 0.323353 0.494167 0.317365 0.480833 0.312575 0.459167 0.317964 0.450000 0.322156 0.428333 0.320958 0.415000 0.313772 0.405833 0.312575 0.397500 0.316168 0.388333 0.332934 0.378333 0.338922 0.365000 0.338922 0.347500 0.342515 0.325000 0.343114 0.313333 0.345509 0.304167 0.344311 0.284167 0.348503 0.265833 0.347305 0.242500 0.350299 0.234167 0.353293 0.228333 0.361078 0.231667 0.384431 0.236667 0.389820 0.256667 0.395210 0.275833 0.395210 0.301667 0.391617 0.318333 0.394012 0.327500 0.389820 0.340000 0.392814 0.348333 0.392216 0.353333 0.394611 0.360000 0.391617 0.386667 0.387425 0.395000 0.389820 0.397500 0.397605 0.406667 0.407784 0.420833 0.407186 0.435833 0.398204 0.445000 0.397605 0.451667 0.394012 0.470000 0.397605 0.498333 0.397006 0.506667 0.392216 0.507500 0.380838 0.504167 0.370060 0.505000 0.353892 0.498333 0.340719
0 0.677500 0.425748 0.667500 0.426347 0.664167 0.427545 0.662500 0.429341 0.661667 0.438922 0.663333 0.454491 0.661667 0.458084 0.653333 0.461677 0.652500 0.465868 0.660833 0.472455 0.657500 0.474850 0.655833 0.477844 0.656667 0.484431 0.660833 0.487425 0.675833 0.487425 0.684167 0.485030 0.686667 0.485629 0.691667 0.483234 0.692500 0.480838 0.691667 0.479042 0.693333 0.477246 0.690000 0.469461 0.695000 0.465269 0.693333 0.461677 0.689167 0.459281 0.685833 0.458683 0.683333 0.455689 0.684167 0.446707 0.682500 0.430539 0.680833 0.427545
3 0.422500 0.373653 0.342500 0.373054 0.272500 0.386228 0.244167 0.396407 0.235833 0.403593 0.232500 0.413772 0.240833 0.437126 0.263333 0.459880 0.273333 0.488623 0.280000 0.534731 0.287500 0.552096 0.285833 0.565868 0.294167 0.582036 0.292500 0.602994 0.303333 0.649102 0.305833 0.701796 0.324167 0.735329 0.342500 0.746707 0.405833 0.738922 0.421667 0.723952 0.419167 0.634132 0.400000 0.447904 0.406667 0.437725 0.453333 0.426347 0.459167 0.408383 0.448333 0.381437 0.440833 0.376647
4 0.665000 0.601796 0.656667 0.594611 0.646667 0.591617 0.624167 0.588623 0.612500 0.589222 0.604167 0.594012 0.593333 0.623353 0.587500 0.626347 0.550000 0.616766 0.510000 0.617365 0.501667 0.614371 0.453333 0.612575 0.443333 0.610180 0.415000 0.611976 0.409167 0.617365 0.405000 0.634731 0.405833 0.669461 0.411667 0.678443 0.431667 0.685629 0.441667 0.683832 0.476667 0.684431 0.488333 0.688623 0.533333 0.687425 0.560833 0.690419 0.574167 0.689222 0.581667 0.694611 0.587500 0.711377 0.601667 0.726347 0.615000 0.731138 0.645833 0.732335 0.663333 0.710180 0.672500 0.677844 0.675833 0.633533 0.672500 0.616168
0 0.518333 0.478443 0.499167 0.483234 0.471667 0.496407 0.470833 0.513772 0.484167 0.539521 0.502500 0.562275 0.561667 0.658084 0.559167 0.668862 0.531667 0.685030 0.530000 0.698204 0.542500 0.709581 0.566667 0.722156 0.572500 0.731737 0.573333 0.744311 0.589167 0.770060 0.597500 0.776048 0.611667 0.777246 0.646667 0.769461 0.681667 0.757485 0.701667 0.746707 0.740833 0.734731 0.746667 0.728144 0.748333 0.717964 0.737500 0.700000 0.715833 0.681437 0.723333 0.653892 0.718333 0.641916 0.708333 0.636527 0.669167 0.638323 0.656667 0.632934 0.621667 0.589820 0.556667 0.488623 0.545000 0.480838
4 0.520833 0.295808 0.485000 0.299401 0.444167 0.313174 0.433333 0.323353 0.427500 0.343713 0.450833 0.415569 0.465000 0.487425 0.475000 0.511377 0.421667 0.557485 0.420000 0.570659 0.430833 0.610778 0.449167 0.617964 0.506667 0.626347 0.616667 0.616168 0.687500 0.595808 0.718333 0.577844 0.733333 0.555689 0.727500 0.525150 0.715000 0.505389 0.655000 0.498802 0.638333 0.489820 0.628333 0.457485 0.620833 0.447305 0.586667 0.322156 0.569167 0.307784
0 0.525000 0.415569 0.505833 0.419162 0.447500 0.437126 0.425833 0.446108 0.415000 0.455689 0.415833 0.464072 0.408333 0.474850 0.406667 0.482635 0.415833 0.495210 0.448333 0.517365 0.463333 0.520359 0.470000 0.523952 0.471667 0.535329 0.479167 0.545509 0.499167 0.597006 0.510000 0.616766 0.523333 0.629940 0.539167 0.634731 0.583333 0.622755 0.590000 0.618563 0.595833 0.604790 0.588333 0.591617 0.585000 0.578443 0.575000 0.564072 0.542500 0.501198 0.544167 0.495210 0.562500 0.485629 0.568333 0.478443 0.560833 0.465868 0.541667 0.455090 0.541667 0.450299 0.549167 0.440719 0.545000 0.426946 0.537500 0.418563
2 0.395000 0.190419 0.289167 0.204790 0.225833 0.225150 0.178333 0.234132 0.150833 0.244910 0.141667 0.263473 0.145833 0.283234 0.165833 0.310180 0.183333 0.316168 0.224167 0.313174 0.240833 0.316168 0.254167 0.348503 0.262500 0.355689 0.261667 0.364072 0.270000 0.371856 0.279167 0.391018 0.284167 0.410778 0.295000 0.422754 0.297500 0.434731 0.323333 0.480240 0.341667 0.498204 0.360000 0.498204 0.370833 0.495210 0.381667 0.486228 0.404167 0.485030 0.442500 0.476647 0.465833 0.465269 0.470833 0.457485 0.470000 0.436527 0.453333 0.407186 0.417500 0.313772 0.391667 0.279042 0.395833 0.271257 0.422500 0.260479 0.436667 0.245509 0.425833 0.207784 0.415833 0.198204
0 0.702500 0.632335 0.674167 0.638922 0.660000 0.648503 0.650000 0.658084 0.643333 0.662275 0.637500 0.662874 0.638333 0.667066 0.634167 0.670659 0.623333 0.674850 0.612500 0.674850 0.611667 0.681437 0.596667 0.697605 0.592500 0.698204 0.575000 0.691018 0.569167 0.691617 0.563333 0.695808 0.560000 0.707186 0.555000 0.710778 0.552500 0.718563 0.548333 0.721557 0.535000 0.723952 0.520833 0.734132 0.518333 0.740120 0.524167 0.746707 0.534167 0.751497 0.547500 0.763473 0.560000 0.769461 0.571667 0.778443 0.572500 0.781437 0.569167 0.786228 0.574167 0.783832 0.583333 0.786228 0.594167 0.783832 0.604167 0.776647 0.610833 0.765269 0.620833 0.758683 0.629167 0.755689 0.641667 0.756287 0.649167 0.752096 0.650833 0.747305 0.641667 0.731138 0.642500 0.726347 0.655833 0.717964 0.665833 0.707784 0.690000 0.690419 0.698333 0.680838 0.715000 0.672455 0.727500 0.659880 0.728333 0.653892 0.724167 0.647305
0 0.314167 0.519760 0.310833 0.520958 0.309167 0.523353 0.309167 0.526347 0.312500 0.529940 0.313333 0.529341 0.315833 0.530539 0.315833 0.532335 0.310000 0.537126 0.308333 0.540719 0.310000 0.542515 0.318333 0.544311 0.320833 0.564072 0.320833 0.575449 0.326667 0.577844 0.336667 0.577844 0.340000 0.573054 0.338333 0.553892 0.340000 0.545509 0.339167 0.544910 0.349167 0.541916 0.349167 0.539521 0.347500 0.537725 0.344167 0.536527 0.344167 0.533533 0.342500 0.531737 0.342500 0.529940 0.346667 0.526946 0.346667 0.520958 0.341667 0.519162 0.315000 0.520359
4 0.351667 0.522754 0.321667 0.558683 0.307500 0.592216 0.310000 0.607784 0.323333 0.617964 0.346667 0.622156 0.408333 0.645509 0.443333 0.650299 0.475000 0.662874 0.494167 0.667066 0.507500 0.674850 0.519167 0.674850 0.530000 0.685629 0.532500 0.696407 0.530833 0.729341 0.544167 0.741916 0.585833 0.755689 0.595000 0.756287 0.623333 0.738323 0.645000 0.714970 0.686667 0.647904 0.699167 0.617365 0.700833 0.595210 0.698333 0.580240 0.690000 0.570659 0.641667 0.554491 0.630833 0.555090 0.604167 0.575449 0.599167 0.583234 0.588333 0.587425 0.579167 0.581437 0.555833 0.579042 0.534167 0.567665 0.490833 0.559880 0.383333 0.523353 0.362500 0.520359
4 0.854167 0.525748 0.845833 0.519760 0.833333 0.516168 0.805833 0.519162 0.638333 0.580838 0.585000 0.556287 0.570000 0.557485 0.532500 0.571257 0.526667 0.576048 0.520000 0.593413 0.524167 0.628743 0.544167 0.671856 0.565833 0.694012 0.592500 0.710778 0.635000 0.725150 0.662500 0.720359 0.683333 0.711976 0.689167 0.704192 0.685833 0.674251 0.699167 0.658683 0.850833 0.601198 0.880833 0.583832 0.882500 0.575449 0.875833 0.552695
0 0.495000 0.362874 0.495000 0.357485 0.493333 0.353892 0.495000 0.352096 0.494167 0.348503 0.485000 0.344910 0.470833 0.344910 0.465833 0.340120 0.457500 0.341317 0.451667 0.346707 0.444167 0.346707 0.441667 0.345509 0.440833 0.346108 0.427500 0.343713 0.426667 0.344311 0.425000 0.343114 0.416667 0.343114 0.414167 0.341916 0.402500 0.342515 0.400000 0.344910 0.399167 0.353293 0.400000 0.355689 0.402500 0.357485 0.409167 0.359281 0.410833 0.358683 0.435000 0.362874 0.440833 0.362874 0.442500 0.364072 0.446667 0.364671 0.447500 0.367665 0.449167 0.368862 0.449167 0.371257 0.452500 0.373653 0.456667 0.374251 0.468333 0.368862 0.470833 0.370659 0.470833 0.371856 0.475000 0.374251 0.476667 0.373653 0.481667 0.375449 0.485833 0.375449 0.487500 0.374251 0.490000 0.374251 0.491667 0.372455 0.490833 0.371856
