3 0.810833 0.528144 0.768333 0.501796 0.745833 0.499401 0.721667 0.503593 0.688333 0.517365 0.574167 0.583832 0.446667 0.647305 0.370000 0.695210 0.304167 0.671856 0.262500 0.685629 0.251667 0.697605 0.250000 0.740719 0.278333 0.774252 0.358333 0.830539 0.399167 0.846707 0.429167 0.844311 0.460833 0.821557 0.465833 0.789222 0.456667 0.770060 0.465000 0.760479 0.662500 0.656886 0.790833 0.583832 0.820833 0.553293
2 0.293333 0.295808 0.276667 0.298204 0.211667 0.320958 0.191667 0.335928 0.197500 0.343713 0.198333 0.362874 0.203333 0.379042 0.225833 0.413772 0.237500 0.425150 0.238333 0.431138 0.252500 0.449102 0.265833 0.473653 0.265833 0.480240 0.247500 0.489820 0.245000 0.502994 0.250000 0.513772 0.265833 0.530539 0.280833 0.537126 0.296667 0.535928 0.334167 0.523353 0.358333 0.518563 0.402500 0.500599 0.468333 0.483832 0.478333 0.476048 0.475000 0.458683 0.463333 0.442515 0.451667 0.432335 0.442500 0.429940 0.407500 0.436527 0.395000 0.433533 0.370833 0.394611 0.339167 0.353293 0.337500 0.346108 0.330833 0.340719 0.313333 0.310180 0.299167 0.297605
3 0.323333 0.200000 0.300833 0.200599 0.277500 0.228743 0.291667 0.250299 0.291667 0.268263 0.286667 0.276647 0.274167 0.282036 0.240833 0.313174 0.238333 0.323353 0.224167 0.329341 0.086667 0.464072 0.067500 0.501198 0.065833 0.523952 0.124167 0.558683 0.148333 0.554491 0.176667 0.534132 0.401667 0.317964 0.419167 0.313772 0.457500 0.328144 0.469167 0.327545 0.480833 0.322755 0.497500 0.304790 0.499167 0.295808 0.493333 0.285629 0.465833 0.265269 0.371667 0.216766
3 0.266667 0.428144 0.260833 0.436527 0.261667 0.452695 0.295833 0.493413 0.332500 0.514371 0.373333 0.556886 0.389167 0.567665 0.404167 0.591617 0.435833 0.613772 0.465833 0.647904 0.489167 0.666467 0.500000 0.695210 0.471667 0.725748 0.472500 0.734731 0.487500 0.750299 0.508333 0.757485 0.543333 0.755090 0.575000 0.740719 0.628333 0.725150 0.681667 0.697006 0.700833 0.678443 0.702500 0.668263 0.696667 0.655689 0.675000 0.639521 0.659167 0.635329 0.615000 0.645509 0.595833 0.638323 0.575000 0.611976 0.542500 0.588623 0.469167 0.512575 0.435000 0.486228 0.378333 0.424551 0.348333 0.403593 0.322500 0.402395 0.289167 0.414970
4 0.587500 0.191617 0.572500 0.196407 0.527500 0.221557 0.477500 0.254491 0.457500 0.272455 0.445833 0.295808 0.450000 0.304790 0.477500 0.326347 0.508333 0.314371 0.520833 0.313174 0.526667 0.321557 0.533333 0.325749 0.543333 0.326347 0.550833 0.332335 0.556667 0.342515 0.577500 0.356886 0.585833 0.359880 0.590833 0.368263 0.644167 0.411976 0.663333 0.420359 0.684167 0.409581 0.719167 0.386228 0.729167 0.376048 0.730000 0.368263 0.720833 0.356886 0.689167 0.334132 0.682500 0.321557 0.663333 0.305988 0.656667 0.297006 0.607500 0.256886 0.606667 0.250299 0.622500 0.238922 0.630833 0.228743 0.631667 0.216766 0.606667 0.194611 0.600000 0.191617
0 0.420833 0.166467 0.369167 0.170060 0.285833 0.181437 0.268333 0.186228 0.254167 0.195808 0.262500 0.230539 0.253333 0.246108 0.256667 0.256287 0.253333 0.274251 0.261667 0.284431 0.275833 0.286826 0.300000 0.301198 0.291667 0.314970 0.295833 0.325749 0.285000 0.332934 0.298333 0.338323 0.297500 0.353293 0.304167 0.361078 0.301667 0.368862 0.305833 0.391018 0.301667 0.400599 0.308333 0.408982 0.309167 0.444910 0.335833 0.474850 0.352500 0.481437 0.414167 0.477844 0.423333 0.473653 0.432500 0.459880 0.409167 0.282635 0.419167 0.273653 0.446667 0.264671 0.460833 0.250898 0.435833 0.231737 0.433333 0.222156 0.444167 0.206587 0.443333 0.194611 0.435833 0.175449
1 0.217500 0.343713 0.223333 0.361078 0.238333 0.374251 0.273333 0.372455 0.280000 0.368862 0.286667 0.346108 0.299167 0.341916 0.916667 0.344311 0.949167 0.329940 0.955000 0.297006 0.949167 0.286826 0.906667 0.279042 0.294167 0.275449 0.287500 0.273054 0.276667 0.247305 0.243333 0.243713 0.231667 0.247305 0.222500 0.261677
3 0.678333 0.241916 0.638333 0.215569 0.616667 0.209581 0.575833 0.189222 0.540000 0.183234 0.525833 0.184431 0.512500 0.190419 0.495833 0.205988 0.494167 0.212575 0.507500 0.240120 0.509167 0.256886 0.450833 0.295210 0.377500 0.362275 0.346667 0.385030 0.322500 0.396407 0.303333 0.416168 0.272500 0.435329 0.230833 0.470659 0.228333 0.489222 0.243333 0.503593 0.290000 0.520359 0.312500 0.519162 0.323333 0.514970 0.405833 0.455090 0.419167 0.450299 0.459167 0.411377 0.501667 0.385030 0.517500 0.367665 0.551667 0.346108 0.564167 0.343713 0.565833 0.330539 0.582500 0.316168 0.610833 0.304192 0.646667 0.316766 0.658333 0.317964 0.672500 0.313174 0.695833 0.297605 0.700000 0.289820 0.699167 0.269461
2 0.310833 0.565868 0.300000 0.570659 0.290000 0.591018 0.288333 0.605389 0.295833 0.631737 0.310833 0.643713 0.360833 0.647305 0.375833 0.664072 0.374167 0.694611 0.383333 0.749701 0.383333 0.833533 0.391667 0.869461 0.411667 0.881437 0.488333 0.882635 0.544167 0.877245 0.559167 0.865868 0.563333 0.832934 0.551667 0.657485 0.560833 0.642515 0.603333 0.643114 0.615833 0.632934 0.624167 0.606587 0.622500 0.589820 0.614167 0.574251 0.586667 0.565868 0.528333 0.565868 0.499167 0.570659 0.425000 0.562275
3 0.470000 0.175449 0.450000 0.174850 0.438333 0.177844 0.430000 0.182635 0.423333 0.193413 0.415833 0.226946 0.417500 0.253293 0.415000 0.268263 0.419167 0.304192 0.415000 0.318563 0.416667 0.349701 0.410833 0.364671 0.411667 0.378443 0.386667 0.392216 0.377500 0.402395 0.378333 0.414970 0.384167 0.426347 0.396667 0.434731 0.418333 0.442515 0.437500 0.438323 0.451667 0.441317 0.490833 0.439521 0.533333 0.424551 0.544167 0.412575 0.544167 0.395808 0.540833 0.391018 0.520833 0.378443 0.500833 0.375449 0.504167 0.368263 0.500833 0.360479 0.504167 0.345509 0.499167 0.331138 0.501667 0.298204 0.496667 0.234132 0.500000 0.225150 0.497500 0.213772 0.500833 0.205988 0.488333 0.183234 0.481667 0.177844
0 0.473333 0.589820 0.464167 0.580240 0.447500 0.576048 0.336667 0.597006 0.309167 0.581437 0.296667 0.580838 0.289167 0.583832 0.278333 0.597006 0.264167 0.604192 0.258333 0.602994 0.253333 0.599401 0.240833 0.598204 0.228333 0.600599 0.216667 0.605988 0.210000 0.613772 0.205833 0.627545 0.206667 0.638323 0.211667 0.651497 0.226667 0.671257 0.236667 0.677844 0.256667 0.680838 0.267500 0.679042 0.292500 0.667066 0.297500 0.666467 0.304167 0.667066 0.314167 0.672455 0.325000 0.672455 0.337500 0.667665 0.345000 0.659281 0.349167 0.646707 0.359167 0.641916 0.418333 0.628743 0.437500 0.626347 0.464167 0.618563 0.475000 0.610180 0.476667 0.604790
0 0.586667 0.634731 0.575000 0.625749 0.554167 0.625150 0.540000 0.630539 0.517500 0.646707 0.504167 0.641916 0.494167 0.641916 0.483333 0.644910 0.477500 0.650898 0.475000 0.676048 0.469167 0.683234 0.454167 0.686826 0.423333 0.700599 0.390833 0.708982 0.372500 0.717365 0.340000 0.724551 0.312500 0.735928 0.302500 0.744910 0.305000 0.759281 0.311667 0.764671 0.318333 0.781437 0.328333 0.786228 0.345833 0.786228 0.437500 0.756886 0.487500 0.746707 0.505833 0.746108 0.517500 0.742515 0.530000 0.744910 0.540000 0.749701 0.550000 0.750299 0.573333 0.732335 0.585833 0.729341 0.600000 0.730539 0.619167 0.725150 0.626667 0.718563 0.630000 0.706587 0.609167 0.664072
4 0.277500 0.677844 0.275833 0.680838 0.270833 0.685030 0.270000 0.688623 0.268333 0.689820 0.265000 0.698204 0.263333 0.699401 0.263333 0.710180 0.264167 0.712575 0.268333 0.716168 0.273333 0.716766 0.277500 0.718563 0.280833 0.718563 0.290000 0.711377 0.295000 0.710180 0.339167 0.724551 0.349167 0.725748 0.357500 0.722156 0.360833 0.718563 0.360833 0.716168 0.363333 0.713174 0.363333 0.706587 0.353333 0.701198 0.345000 0.699401 0.337500 0.696407 0.335000 0.696407 0.321667 0.691018 0.319167 0.691018 0.310833 0.688024 0.307500 0.683832 0.308333 0.680239 0.306667 0.675449 0.303333 0.672455 0.291667 0.669461
2 0.317500 0.310778 0.311667 0.327545 0.315000 0.376647 0.307500 0.432335 0.309167 0.525150 0.330000 0.549102 0.348333 0.555090 0.368333 0.556287 0.409167 0.553293 0.430833 0.541916 0.444167 0.502395 0.458333 0.495210 0.516667 0.500599 0.659167 0.501796 0.757500 0.497605 0.776667 0.486228 0.786667 0.434132 0.780833 0.395210 0.773333 0.374850 0.765833 0.369461 0.725833 0.361677 0.681667 0.364072 0.538333 0.360479 0.451667 0.365269 0.438333 0.355689 0.429167 0.318563 0.415833 0.309581 0.395000 0.303593 0.364167 0.301796 0.325833 0.305988
2 0.466667 0.441916 0.450000 0.423952 0.414167 0.416766 0.395000 0.417964 0.384167 0.422754 0.373333 0.438922 0.363333 0.441317 0.323333 0.437126 0.303333 0.437725 0.255833 0.428743 0.234167 0.428743 0.222500 0.423952 0.198333 0.422754 0.180000 0.417365 0.166667 0.417964 0.150833 0.424551 0.137500 0.478443 0.149167 0.493413 0.171667 0.502994 0.220000 0.510180 0.230833 0.515569 0.279167 0.519162 0.303333 0.526946 0.322500 0.528144 0.345000 0.534132 0.356667 0.541916 0.357500 0.552695 0.353333 0.562874 0.355833 0.570060 0.363333 0.576647 0.395833 0.584431 0.414167 0.583832 0.428333 0.580240 0.437500 0.573653 0.451667 0.543713 0.465000 0.491018
