2 0.518333 0.272455 0.498333 0.279641 0.485833 0.291018 0.475000 0.331737 0.485000 0.348503 0.532500 0.365868 0.538333 0.379042 0.518333 0.415569 0.501667 0.462275 0.470000 0.574251 0.483333 0.591617 0.515833 0.601796 0.588333 0.611976 0.625000 0.611377 0.635000 0.605988 0.651667 0.581437 0.657500 0.553293 0.693333 0.460479 0.706667 0.400599 0.721667 0.394012 0.769167 0.396407 0.780000 0.393413 0.803333 0.368263 0.810000 0.327545 0.797500 0.318563 0.722500 0.307784 0.651667 0.290419 0.547500 0.273054
3 0.748333 0.178443 0.721667 0.164072 0.694167 0.171257 0.685833 0.176647 0.684167 0.182635 0.689167 0.205988 0.685833 0.214970 0.665000 0.220359 0.660000 0.225749 0.635000 0.231138 0.619167 0.241916 0.604167 0.241916 0.596667 0.249102 0.575833 0.253892 0.570833 0.262275 0.547500 0.266467 0.517500 0.284431 0.447500 0.310180 0.429167 0.320958 0.396667 0.355689 0.425833 0.392814 0.445833 0.397605 0.461667 0.393413 0.741667 0.271856 0.756667 0.271856 0.775833 0.289222 0.788333 0.294611 0.817500 0.285030 0.825000 0.279042 0.826667 0.268862 0.812500 0.243713
4 0.575000 0.511377 0.564167 0.508982 0.554167 0.510778 0.549167 0.513772 0.545833 0.517964 0.545833 0.520958 0.547500 0.522156 0.546667 0.522754 0.550833 0.529341 0.549167 0.531737 0.543333 0.535928 0.543333 0.537126 0.520000 0.552695 0.510833 0.561677 0.510833 0.565868 0.519167 0.575449 0.525833 0.580240 0.531667 0.580838 0.538333 0.578443 0.547500 0.571856 0.547500 0.570659 0.550833 0.568263 0.552500 0.568263 0.555000 0.566467 0.555000 0.565269 0.570000 0.555689 0.575833 0.550299 0.579167 0.549701 0.581667 0.551497 0.595833 0.552695 0.598333 0.552096 0.607500 0.545509 0.608333 0.540719 0.604167 0.533533 0.595833 0.525150 0.595833 0.523952 0.585833 0.516766 0.577500 0.512575 0.575833 0.512575
2 0.858333 0.215569 0.841667 0.210778 0.784167 0.217365 0.727500 0.228144 0.713333 0.234731 0.680833 0.238323 0.651667 0.246108 0.630833 0.246707 0.606667 0.253892 0.596667 0.253892 0.582500 0.248503 0.577500 0.237126 0.579167 0.231138 0.554167 0.213772 0.527500 0.216168 0.493333 0.224551 0.474167 0.240719 0.480833 0.278443 0.523333 0.364072 0.549167 0.401796 0.580833 0.414970 0.613333 0.412575 0.643333 0.400000 0.650000 0.390419 0.642500 0.371856 0.660833 0.362275 0.809167 0.320359 0.871667 0.311976 0.895000 0.304790 0.901667 0.298802 0.900000 0.283234 0.884167 0.250299
2 0.240833 0.645509 0.235000 0.654491 0.235000 0.658084 0.227500 0.674850 0.225000 0.691018 0.220000 0.704192 0.220833 0.708383 0.219167 0.710180 0.220833 0.717365 0.226667 0.723353 0.240833 0.728144 0.263333 0.728743 0.274167 0.720958 0.278333 0.715569 0.290833 0.713772 0.294167 0.715569 0.300000 0.714970 0.303333 0.716766 0.310000 0.715569 0.318333 0.718563 0.325833 0.718563 0.334167 0.721557 0.365000 0.725748 0.371667 0.728144 0.381667 0.726946 0.384167 0.725150 0.392500 0.713174 0.395833 0.694611 0.390833 0.685030 0.383333 0.680239 0.367500 0.674850 0.364167 0.675449 0.340000 0.668862 0.329167 0.668263 0.325833 0.666467 0.305000 0.662874 0.301667 0.661078 0.296667 0.661078 0.290833 0.653293 0.290833 0.649102 0.277500 0.641916 0.265000 0.639521 0.256667 0.639521 0.248333 0.641317
0 0.276667 0.318563 0.275000 0.340120 0.285000 0.388623 0.298333 0.404790 0.313333 0.407186 0.327500 0.407186 0.348333 0.401796 0.364167 0.408982 0.378333 0.408982 0.396667 0.401198 0.403333 0.390419 0.411667 0.385629 0.425000 0.386228 0.435833 0.383234 0.503333 0.391617 0.557500 0.392216 0.580000 0.389820 0.600833 0.383832 0.618333 0.371856 0.622500 0.361677 0.620833 0.352695 0.624167 0.333533 0.612500 0.323353 0.585000 0.320359 0.563333 0.322755 0.510833 0.321557 0.485833 0.323952 0.451667 0.322156 0.412500 0.323952 0.396667 0.316168 0.395833 0.305389 0.382500 0.292216 0.359167 0.301198 0.346667 0.314371 0.339167 0.312575 0.321667 0.301198 0.300000 0.299401 0.282500 0.306587
1 0.950833 0.516766 0.937500 0.497006 0.908333 0.492814 0.252500 0.530539 0.238333 0.497006 0.205833 0.495210 0.189167 0.501796 0.183333 0.511976 0.185833 0.576048 0.195000 0.613772 0.203333 0.625150 0.213333 0.630539 0.238333 0.631737 0.254167 0.625749 0.258333 0.597006 0.266667 0.592216 0.910000 0.558084 0.939167 0.551497 0.948333 0.544910
1 0.158333 0.269461 0.137500 0.288024 0.144167 0.310180 0.254167 0.415569 0.546667 0.678443 0.549167 0.688024 0.528333 0.712575 0.544167 0.731737 0.557500 0.737126 0.602500 0.731138 0.679167 0.681437 0.694167 0.658683 0.685000 0.645509 0.665000 0.631138 0.630000 0.638922 0.614167 0.635329 0.225000 0.280838 0.189167 0.261078 0.177500 0.261078
1 0.509167 0.108982 0.475000 0.121557 0.453333 0.122754 0.436667 0.132934 0.424167 0.150299 0.421667 0.172455 0.429167 0.186228 0.480000 0.210778 0.475833 0.814371 0.490000 0.848503 0.529167 0.862275 0.571667 0.853293 0.587500 0.816766 0.596667 0.226946 0.612500 0.208982 0.656667 0.189820 0.661667 0.160479 0.655833 0.144910 0.628333 0.127545 0.559167 0.111976
4 0.380000 0.358084 0.375000 0.368263 0.375000 0.372455 0.377500 0.375449 0.390000 0.379641 0.406667 0.382635 0.408333 0.383832 0.411667 0.383832 0.420833 0.386826 0.423333 0.386826 0.426667 0.388623 0.430000 0.388623 0.434167 0.392814 0.434167 0.397605 0.438333 0.402994 0.451667 0.405389 0.464167 0.396407 0.467500 0.390419 0.469167 0.389820 0.469167 0.386826 0.471667 0.383832 0.473333 0.375449 0.475000 0.373653 0.475000 0.368263 0.473333 0.366467 0.473333 0.363473 0.469167 0.358683 0.460833 0.356886 0.455000 0.356886 0.447500 0.364072 0.442500 0.365868 0.436667 0.364072 0.432500 0.364072 0.425000 0.361078 0.421667 0.361078 0.409167 0.357485 0.405833 0.357485 0.404167 0.356287 0.400000 0.356287 0.393333 0.354491 0.387500 0.354491
