1 0.275833 0.170659 0.270000 0.189820 0.298333 0.208383 0.831667 0.373653 0.841667 0.393413 0.842500 0.409581 0.860000 0.417964 0.874167 0.417365 0.885833 0.408982 0.916667 0.368862 0.935833 0.319760 0.935000 0.312575 0.925000 0.305988 0.896667 0.301198 0.875833 0.320958 0.864167 0.322755 0.634167 0.252695 0.555000 0.223353 0.322500 0.153293 0.295000 0.152695
0 0.869167 0.059281 0.855000 0.062874 0.720000 0.132934 0.713333 0.131138 0.695000 0.119760 0.676667 0.120958 0.672500 0.133533 0.661667 0.142515 0.627500 0.156886 0.612500 0.166467 0.610833 0.171856 0.620000 0.185030 0.627500 0.190419 0.640833 0.206587 0.651667 0.213174 0.665833 0.232335 0.673333 0.238323 0.683333 0.239521 0.705000 0.230539 0.716667 0.222754 0.717500 0.217365 0.741667 0.205389 0.759167 0.205389 0.762500 0.197006 0.760000 0.180240 0.763333 0.174850 0.826667 0.140120 0.856667 0.126946 0.873333 0.116766 0.892500 0.109581 0.902500 0.102395 0.905000 0.096407 0.890833 0.075449
2 0.321667 0.214371 0.298333 0.217964 0.279167 0.229341 0.234167 0.284431 0.193333 0.345509 0.146667 0.348503 0.130833 0.353892 0.111667 0.368263 0.093333 0.397006 0.099167 0.425150 0.142500 0.459880 0.208333 0.488623 0.285833 0.505988 0.296667 0.505988 0.338333 0.478443 0.348333 0.467066 0.355000 0.447904 0.354167 0.432335 0.345833 0.419162 0.331667 0.407186 0.330000 0.401198 0.389167 0.316766 0.412500 0.275449 0.407500 0.259880 0.393333 0.244910 0.372500 0.229940 0.339167 0.216766
3 0.555833 0.605988 0.527500 0.608383 0.501667 0.619760 0.493333 0.632335 0.490833 0.646108 0.495000 0.711976 0.503333 0.740120 0.519167 0.838922 0.520000 0.884431 0.527500 0.906587 0.507500 0.917365 0.490000 0.919760 0.481667 0.925749 0.484167 0.953892 0.490833 0.961078 0.522500 0.966467 0.580833 0.965269 0.662500 0.955090 0.692500 0.944311 0.702500 0.931737 0.695000 0.905389 0.648333 0.900599 0.637500 0.892814 0.625000 0.805988 0.619167 0.791617 0.614167 0.734132 0.605000 0.705988 0.594167 0.634132 0.585000 0.621557
0 0.130000 0.336527 0.100000 0.356287 0.100000 0.363473 0.105833 0.376647 0.117500 0.389222 0.139167 0.405988 0.145000 0.417365 0.156667 0.422156 0.159167 0.431737 0.165000 0.436527 0.165000 0.441317 0.185833 0.452695 0.195000 0.460479 0.197500 0.466467 0.187500 0.473653 0.180000 0.485030 0.189167 0.495210 0.206667 0.498802 0.215000 0.504790 0.225833 0.508383 0.232500 0.524551 0.250000 0.541916 0.263333 0.544311 0.278333 0.537725 0.290833 0.528742 0.308333 0.522156 0.328333 0.505389 0.345833 0.498204 0.352500 0.491018 0.351667 0.479641 0.333333 0.468263 0.321667 0.464671 0.307500 0.447904 0.309167 0.431737 0.304167 0.426946 0.294167 0.423952 0.262500 0.427545 0.252500 0.423952 0.240000 0.410778 0.230000 0.405389 0.215000 0.389820 0.206667 0.385030 0.200833 0.377246 0.183333 0.365868 0.175833 0.353892 0.155833 0.338922 0.145833 0.334731
2 0.446667 0.472455 0.410000 0.473653 0.373333 0.501796 0.333333 0.555689 0.302500 0.586826 0.261667 0.645509 0.192500 0.646707 0.176667 0.652096 0.152500 0.670060 0.124167 0.708982 0.125000 0.737126 0.170000 0.773653 0.216667 0.797006 0.255000 0.807784 0.304167 0.829940 0.336667 0.837725 0.385833 0.842515 0.426667 0.835329 0.456667 0.816766 0.470000 0.801198 0.482500 0.765269 0.446667 0.710180 0.469167 0.671257 0.541667 0.604192 0.571667 0.550299 0.568333 0.525748 0.540000 0.501198 0.502500 0.484431
3 0.184167 0.329940 0.181667 0.331138 0.176667 0.331138 0.172500 0.333533 0.165000 0.334731 0.150000 0.339521 0.144167 0.343114 0.133333 0.346707 0.125833 0.352695 0.127500 0.356886 0.132500 0.362874 0.138333 0.362874 0.146667 0.360479 0.150833 0.362874 0.176667 0.404790 0.181667 0.408982 0.199167 0.438323 0.205833 0.443713 0.210000 0.444311 0.226667 0.439521 0.230000 0.436527 0.230000 0.431737 0.221667 0.417964 0.218333 0.414970 0.219167 0.414371 0.215833 0.410778 0.215833 0.408383 0.213333 0.406587 0.212500 0.402994 0.200000 0.380838 0.200000 0.378443 0.197500 0.376647 0.197500 0.374251 0.185000 0.353892 0.182500 0.352096 0.183333 0.348503 0.190833 0.344910 0.195833 0.340719 0.190833 0.331138 0.189167 0.329940
3 0.681667 0.546707 0.672500 0.543114 0.639167 0.547904 0.635000 0.556287 0.635833 0.576048 0.620000 0.583234 0.564167 0.588623 0.535000 0.595210 0.480000 0.598204 0.393333 0.608383 0.318333 0.625150 0.308333 0.630539 0.305833 0.635329 0.307500 0.648503 0.318333 0.672455 0.328333 0.678443 0.336667 0.679641 0.392500 0.676048 0.470000 0.663473 0.540000 0.657485 0.636667 0.643114 0.646667 0.643114 0.651667 0.646707 0.658333 0.664072 0.667500 0.675449 0.705833 0.671257 0.712500 0.662275 0.712500 0.644910 0.704167 0.618563 0.697500 0.575449
2 0.575000 0.474252 0.527500 0.469461 0.484167 0.485629 0.463333 0.502395 0.457500 0.522754 0.472500 0.546108 0.469167 0.556287 0.420833 0.585629 0.404167 0.602395 0.322500 0.640719 0.307500 0.655090 0.283333 0.664072 0.255833 0.682036 0.233333 0.689820 0.213333 0.707784 0.210833 0.718563 0.223333 0.732934 0.289167 0.788623 0.329167 0.796407 0.358333 0.791617 0.395833 0.767665 0.448333 0.746108 0.533333 0.698802 0.609167 0.668862 0.632500 0.673054 0.650833 0.695808 0.680000 0.704790 0.700833 0.701198 0.745000 0.678443 0.763333 0.650898 0.760833 0.638922 0.740833 0.610180 0.663333 0.536527
0 0.323333 0.564072 0.311667 0.561078 0.300833 0.562874 0.259167 0.580838 0.250000 0.582036 0.240833 0.587425 0.230833 0.589222 0.223333 0.596407 0.205000 0.601796 0.185000 0.611976 0.175000 0.608982 0.165000 0.601198 0.153333 0.597605 0.147500 0.602994 0.144167 0.610778 0.131667 0.621557 0.127500 0.623353 0.114167 0.623952 0.090833 0.632934 0.088333 0.641916 0.101667 0.659281 0.115833 0.672455 0.126667 0.690419 0.134167 0.698204 0.151667 0.695210 0.171667 0.682635 0.177500 0.674850 0.189167 0.674251 0.200000 0.677245 0.212500 0.675449 0.215833 0.673653 0.215833 0.666467 0.210000 0.653293 0.211667 0.649701 0.232500 0.641916 0.263333 0.626946 0.277500 0.624551 0.295833 0.614371 0.321667 0.605988 0.333333 0.597006 0.336667 0.591018 0.335833 0.580838
3 0.391667 0.094012 0.355833 0.100000 0.341667 0.109581 0.337500 0.122754 0.349167 0.143713 0.377500 0.152096 0.387500 0.158084 0.383333 0.189820 0.385000 0.227545 0.378333 0.267665 0.380000 0.307784 0.371667 0.372455 0.375833 0.389222 0.383333 0.399401 0.395833 0.403593 0.445000 0.405988 0.460000 0.397605 0.459167 0.387425 0.466667 0.358683 0.461667 0.313772 0.470833 0.238323 0.467500 0.219760 0.472500 0.210778 0.470833 0.197605 0.475000 0.177844 0.485000 0.164072 0.506667 0.158683 0.523333 0.149701 0.526667 0.135329 0.520000 0.123353 0.498333 0.107784 0.462500 0.103593 0.439167 0.096407
4 0.784167 0.350299 0.747500 0.352096 0.725833 0.356287 0.646667 0.379641 0.612500 0.397006 0.603333 0.412575 0.614167 0.441916 0.620833 0.447904 0.668333 0.453293 0.685833 0.463473 0.702500 0.487425 0.710833 0.508383 0.728333 0.535329 0.729167 0.546108 0.740833 0.562275 0.746667 0.578443 0.760000 0.595210 0.775000 0.598204 0.821667 0.591617 0.849167 0.582036 0.858333 0.572455 0.860000 0.562275 0.819167 0.474252 0.792500 0.427545 0.795833 0.419760 0.832500 0.396407 0.831667 0.380838 0.818333 0.358683
1 0.303333 0.105988 0.257500 0.125749 0.260833 0.144910 0.547500 0.584431 0.585833 0.652695 0.589167 0.668862 0.555000 0.695808 0.555833 0.705988 0.574167 0.729940 0.585833 0.735329 0.638333 0.732934 0.736667 0.695808 0.771667 0.666467 0.770000 0.652695 0.747500 0.625749 0.706667 0.626946 0.682500 0.614371 0.360833 0.125749 0.335833 0.103593
2 0.327500 0.200599 0.305833 0.206587 0.291667 0.217964 0.275000 0.258084 0.281667 0.274850 0.325000 0.295808 0.331667 0.308982 0.304167 0.346108 0.255000 0.435928 0.225833 0.505988 0.234167 0.522156 0.274167 0.538922 0.339167 0.553892 0.375833 0.556886 0.388333 0.552096 0.409167 0.529940 0.420833 0.500599 0.473333 0.411377 0.500833 0.347305 0.521667 0.344311 0.560000 0.350898 0.577500 0.347904 0.604167 0.324551 0.617500 0.283832 0.605833 0.273653 0.534167 0.256287 0.461667 0.231138 0.361667 0.204192
0 0.710000 0.447904 0.697500 0.456886 0.691667 0.475449 0.706667 0.498204 0.707500 0.502994 0.704167 0.508383 0.705833 0.524551 0.713333 0.536527 0.723333 0.546108 0.738333 0.557485 0.759167 0.567066 0.774167 0.570659 0.780000 0.570659 0.780833 0.571856 0.789167 0.571856 0.795000 0.574251 0.807500 0.574850 0.817500 0.577844 0.832500 0.576647 0.856667 0.564671 0.869167 0.552096 0.874167 0.541916 0.876667 0.513174 0.869167 0.497605 0.860833 0.486228 0.846667 0.473054 0.830000 0.462874 0.812500 0.456886 0.794167 0.453293 0.780833 0.455090 0.769167 0.454491 0.742500 0.443114 0.731667 0.443114
