4 0.350000 0.689820 0.332500 0.682036 0.304167 0.683234 0.285000 0.691018 0.228333 0.720958 0.185000 0.739521 0.165833 0.742515 0.116667 0.739521 0.100000 0.741916 0.080000 0.752695 0.064167 0.769461 0.059167 0.789820 0.061667 0.808383 0.086667 0.843114 0.113333 0.865269 0.125833 0.871257 0.144167 0.876048 0.172500 0.879641 0.194167 0.878443 0.216667 0.870659 0.232500 0.861677 0.238333 0.851497 0.237500 0.831737 0.241667 0.826946 0.245000 0.807784 0.355833 0.751497 0.368333 0.740719 0.374167 0.730539 0.370833 0.716168 0.363333 0.702994
0 0.665833 0.376647 0.625833 0.386826 0.613333 0.401796 0.592500 0.558683 0.587500 0.565269 0.545833 0.571856 0.535833 0.580240 0.535833 0.589222 0.548333 0.600599 0.555000 0.622156 0.553333 0.628144 0.539167 0.641317 0.535833 0.662275 0.544167 0.677844 0.557500 0.682036 0.583333 0.681437 0.646667 0.689820 0.706667 0.692814 0.721667 0.684431 0.728333 0.673653 0.728333 0.658683 0.720000 0.640719 0.720000 0.631138 0.725000 0.619760 0.739167 0.608383 0.743333 0.596407 0.734167 0.586826 0.702500 0.575449 0.694167 0.569461 0.690833 0.553293 0.702500 0.480838 0.706667 0.407186 0.697500 0.394012 0.688333 0.391617 0.674167 0.378443
0 0.615833 0.228743 0.591667 0.223353 0.571667 0.228144 0.551667 0.247305 0.543333 0.269461 0.530000 0.276647 0.506667 0.280240 0.495000 0.290419 0.492500 0.299401 0.497500 0.314970 0.508333 0.327545 0.506667 0.337725 0.455000 0.388623 0.395000 0.438323 0.380833 0.458084 0.386667 0.477844 0.417500 0.494611 0.440833 0.499401 0.459167 0.495808 0.487500 0.474850 0.550833 0.416766 0.580833 0.405389 0.607500 0.391018 0.632500 0.391018 0.651667 0.386228 0.661667 0.371257 0.660833 0.334132 0.677500 0.335928 0.692500 0.333533 0.719167 0.315569 0.725000 0.298802 0.718333 0.287425 0.703333 0.274251 0.642500 0.240120
1 0.333333 0.120359 0.244167 0.180838 0.234167 0.194012 0.243333 0.210180 0.265000 0.224551 0.308333 0.210180 0.320833 0.212575 0.522500 0.383832 0.775000 0.610778 0.804167 0.631138 0.833333 0.640719 0.865833 0.629341 0.890000 0.609581 0.873333 0.574251 0.467500 0.220359 0.400000 0.168862 0.399167 0.156287 0.422500 0.126347 0.415000 0.111976 0.399167 0.102395 0.384167 0.101198
0 0.622500 0.087425 0.620833 0.089222 0.620833 0.095210 0.626667 0.118563 0.626667 0.126347 0.623333 0.128144 0.617500 0.128144 0.616667 0.129940 0.618333 0.129940 0.620833 0.131737 0.624167 0.135928 0.626667 0.135928 0.630000 0.138323 0.628333 0.140120 0.622500 0.142515 0.622500 0.148503 0.625000 0.151497 0.643333 0.150898 0.661667 0.148503 0.663333 0.146707 0.661667 0.140120 0.659167 0.138922 0.654167 0.138922 0.651667 0.137126 0.651667 0.134731 0.656667 0.132934 0.658333 0.130539 0.658333 0.127545 0.655000 0.125749 0.651667 0.125749 0.647500 0.123353 0.646667 0.113772 0.640000 0.088024 0.636667 0.086826
1 0.160000 0.154491 0.139167 0.171257 0.150000 0.198802 0.556667 0.592814 0.558333 0.607784 0.540000 0.632934 0.552500 0.653293 0.576667 0.656886 0.612500 0.645509 0.705833 0.589222 0.713333 0.579042 0.708333 0.566467 0.684167 0.550299 0.647500 0.560479 0.629167 0.553293 0.509167 0.437725 0.481667 0.400000 0.455833 0.381437 0.225000 0.158084 0.201667 0.146108
4 0.136667 0.662275 0.122500 0.671257 0.120833 0.675449 0.121667 0.678443 0.125833 0.684431 0.138333 0.694611 0.149167 0.706587 0.156667 0.711976 0.158333 0.714970 0.168333 0.723952 0.169167 0.723353 0.171667 0.725150 0.170000 0.728144 0.165000 0.730539 0.162500 0.739521 0.165000 0.742515 0.164167 0.743713 0.165833 0.747305 0.172500 0.755689 0.173333 0.755090 0.176667 0.758683 0.184167 0.761677 0.200833 0.759281 0.217500 0.754491 0.240000 0.743713 0.239167 0.743114 0.242500 0.741916 0.252500 0.734132 0.256667 0.721557 0.255000 0.714970 0.243333 0.702395 0.242500 0.702994 0.239167 0.700599 0.234167 0.700599 0.226667 0.702994 0.223333 0.702395 0.213333 0.704192 0.200833 0.690419 0.200000 0.691018 0.184167 0.675449 0.181667 0.674850 0.177500 0.670060 0.173333 0.667665 0.169167 0.662275 0.168333 0.662874 0.165833 0.660479 0.165000 0.661078 0.160000 0.658683 0.154167 0.658084 0.150000 0.659281 0.146667 0.658683
4 0.850000 0.289222 0.834167 0.283234 0.808333 0.286826 0.792500 0.294611 0.729167 0.311377 0.709167 0.322755 0.647500 0.346707 0.631667 0.347904 0.612500 0.355090 0.595000 0.349701 0.573333 0.330539 0.555833 0.324551 0.528333 0.325150 0.485833 0.341916 0.485833 0.373653 0.500000 0.405389 0.539167 0.461677 0.571667 0.497605 0.609167 0.517365 0.627500 0.517365 0.673333 0.502395 0.681667 0.493413 0.668333 0.459281 0.670833 0.450898 0.684167 0.448503 0.695833 0.440120 0.720833 0.434731 0.770833 0.413772 0.880000 0.378443 0.896667 0.367665 0.900000 0.358683 0.884167 0.328144
0 0.519167 0.477844 0.506667 0.514371 0.506667 0.526946 0.513333 0.537126 0.526667 0.549102 0.539167 0.553293 0.586667 0.558683 0.595000 0.570659 0.606667 0.578443 0.623333 0.582635 0.649167 0.581437 0.671667 0.573054 0.685000 0.564671 0.695000 0.562874 0.755833 0.574850 0.795000 0.587425 0.875000 0.605988 0.896667 0.605988 0.911667 0.599401 0.917500 0.593413 0.927500 0.561078 0.926667 0.553892 0.917500 0.543114 0.901667 0.536527 0.882500 0.534132 0.855833 0.523952 0.803333 0.509581 0.774167 0.504790 0.729167 0.490419 0.723333 0.483832 0.720833 0.468263 0.714167 0.456886 0.696667 0.443713 0.672500 0.440719 0.635000 0.447904 0.624167 0.443713 0.612500 0.434132 0.594167 0.428144 0.571667 0.426946 0.544167 0.446108
1 0.683333 0.048503 0.643333 0.038922 0.606667 0.047904 0.585833 0.076048 0.606667 0.104790 0.607500 0.114371 0.342500 0.433533 0.340000 0.449701 0.315833 0.467665 0.315833 0.479641 0.301667 0.486228 0.282500 0.510778 0.277500 0.535928 0.282500 0.545509 0.305000 0.559281 0.334167 0.562275 0.350000 0.553892 0.360833 0.538922 0.385833 0.525150 0.415833 0.495808 0.487500 0.405389 0.511667 0.362275 0.583333 0.286228 0.646667 0.207186 0.661667 0.179042 0.687500 0.152695 0.735000 0.147904 0.758333 0.134132 0.767500 0.118563 0.749167 0.089222 0.712500 0.062275
3 0.185833 0.140719 0.143333 0.159880 0.135833 0.173653 0.136667 0.188623 0.289167 0.397605 0.313333 0.423353 0.314167 0.437725 0.288333 0.458683 0.283333 0.467066 0.287500 0.485030 0.302500 0.500000 0.331667 0.502395 0.360000 0.499401 0.406667 0.488024 0.446667 0.471257 0.480000 0.451497 0.499167 0.426347 0.500000 0.411377 0.480000 0.390419 0.464167 0.388623 0.429167 0.392814 0.415833 0.390419 0.236667 0.159281 0.214167 0.142515 0.201667 0.138922
3 0.820000 0.372455 0.817500 0.316766 0.811667 0.293413 0.802500 0.283832 0.783333 0.280240 0.769167 0.281437 0.755833 0.286826 0.738333 0.319162 0.382500 0.317365 0.353333 0.325150 0.346667 0.332335 0.341667 0.350299 0.349167 0.373653 0.363333 0.385629 0.412500 0.399401 0.520000 0.403593 0.566667 0.401198 0.585000 0.406587 0.734167 0.413772 0.742500 0.427545 0.753333 0.435329 0.779167 0.438323 0.798333 0.434132 0.811667 0.418563
3 0.271667 0.114970 0.246667 0.136527 0.226667 0.164072 0.230833 0.177246 0.250833 0.194611 0.449167 0.279641 0.636667 0.353293 0.646667 0.365269 0.636667 0.374850 0.632500 0.409581 0.660833 0.424551 0.695000 0.429940 0.726667 0.408982 0.772500 0.352695 0.805000 0.300000 0.812500 0.259281 0.756667 0.237725 0.743333 0.244910 0.719167 0.270060 0.703333 0.273054 0.352500 0.128743 0.310000 0.114371 0.289167 0.111976
