1 0.935000 0.343114 0.920833 0.320359 0.890000 0.307784 0.851667 0.314371 0.837500 0.340719 0.825833 0.348503 0.368333 0.409581 0.352500 0.417964 0.320833 0.416766 0.309167 0.423952 0.295833 0.420958 0.260000 0.426347 0.230833 0.442515 0.228333 0.466467 0.241667 0.481437 0.262500 0.485030 0.282500 0.480838 0.307500 0.485030 0.354167 0.482036 0.471667 0.464671 0.538333 0.449102 0.650833 0.438922 0.772500 0.420958 0.800000 0.412575 0.839167 0.409581 0.873333 0.429940 0.900000 0.432934 0.919167 0.428743 0.935833 0.402994 0.940000 0.366467
3 0.271667 0.443114 0.242500 0.493413 0.218333 0.552695 0.216667 0.577246 0.222500 0.585030 0.254167 0.595210 0.269167 0.595210 0.290000 0.570659 0.310833 0.566467 0.511667 0.608383 0.685000 0.654491 0.721667 0.659281 0.737500 0.653892 0.755833 0.628144 0.764167 0.602994 0.756667 0.593413 0.741667 0.585030 0.345000 0.480838 0.339167 0.468862 0.351667 0.440120 0.338333 0.431138 0.295833 0.422754
3 0.183333 0.622156 0.182500 0.672455 0.192500 0.698802 0.206667 0.706587 0.235833 0.705389 0.249167 0.686826 0.259167 0.680838 0.285000 0.678443 0.306667 0.680239 0.324167 0.677844 0.375000 0.679042 0.403333 0.676048 0.471667 0.679042 0.527500 0.677844 0.549167 0.674850 0.556667 0.668862 0.556667 0.634132 0.551667 0.629940 0.535000 0.625749 0.488333 0.622156 0.423333 0.623952 0.264167 0.622156 0.253333 0.617365 0.245000 0.594012 0.232500 0.589820 0.213333 0.589820 0.201667 0.593413 0.188333 0.609581
1 0.721667 0.231737 0.700000 0.235928 0.688333 0.247904 0.669167 0.302994 0.555000 0.886228 0.542500 0.892216 0.495000 0.892814 0.484167 0.898802 0.479167 0.935329 0.524167 0.953293 0.691667 0.966467 0.722500 0.958084 0.733333 0.940719 0.731667 0.919162 0.694167 0.907186 0.689167 0.892216 0.710000 0.792216 0.721667 0.768263 0.720000 0.738922 0.734167 0.694611 0.805833 0.311377 0.802500 0.274850 0.789167 0.246707 0.763333 0.235329
0 0.288333 0.449102 0.273333 0.458683 0.272500 0.461078 0.274167 0.464072 0.281667 0.471257 0.280833 0.473653 0.283333 0.479042 0.290000 0.482036 0.298333 0.482036 0.304167 0.486826 0.305833 0.489820 0.316667 0.500599 0.319167 0.501796 0.331667 0.495210 0.332500 0.493413 0.325833 0.485030 0.315000 0.474850 0.315000 0.471257 0.317500 0.468263 0.316667 0.463473 0.313333 0.460479 0.306667 0.457485 0.305000 0.454491 0.299167 0.449102 0.293333 0.447904 0.289167 0.449701
3 0.715000 0.362275 0.689167 0.353293 0.663333 0.351497 0.632500 0.377844 0.628333 0.392814 0.658333 0.413772 0.667500 0.435329 0.604167 0.487425 0.400833 0.675449 0.393333 0.707784 0.419167 0.731737 0.427500 0.745509 0.455833 0.747305 0.500833 0.720958 0.588333 0.641916 0.608333 0.618563 0.710000 0.531138 0.771667 0.493413 0.784167 0.492814 0.807500 0.504192 0.825000 0.504790 0.852500 0.479042 0.853333 0.466467 0.837500 0.441916 0.790833 0.406587
0 0.311667 0.440719 0.298333 0.470659 0.294167 0.489222 0.298333 0.500000 0.311667 0.508383 0.330000 0.509581 0.346667 0.503593 0.350833 0.511976 0.360833 0.522156 0.372500 0.526946 0.383333 0.525150 0.397500 0.514371 0.405833 0.510778 0.433333 0.516766 0.440833 0.516766 0.453333 0.520958 0.460000 0.520958 0.485000 0.529341 0.529167 0.538922 0.545000 0.538922 0.554167 0.533533 0.563333 0.517964 0.563333 0.502994 0.555000 0.495808 0.499167 0.480240 0.482500 0.473054 0.475000 0.471856 0.465000 0.473054 0.458333 0.469461 0.453333 0.469461 0.437500 0.464072 0.428333 0.455689 0.427500 0.447305 0.412500 0.434132 0.398333 0.434132 0.389167 0.438922 0.378333 0.437126 0.364167 0.426347 0.344167 0.421557 0.332500 0.423353 0.324167 0.426946
0 0.395833 0.202395 0.363333 0.225749 0.365000 0.244910 0.422500 0.283234 0.435833 0.295808 0.450000 0.302994 0.460000 0.314371 0.477500 0.317964 0.506667 0.341317 0.527500 0.351497 0.525000 0.367066 0.515000 0.377246 0.515000 0.394012 0.547500 0.396407 0.557500 0.401796 0.574167 0.404790 0.590000 0.425748 0.618333 0.443713 0.635833 0.441916 0.690833 0.394611 0.716667 0.379641 0.731667 0.364671 0.725833 0.354491 0.689167 0.335329 0.662500 0.329341 0.655833 0.317964 0.655000 0.298204 0.645000 0.290419 0.630000 0.291617 0.600833 0.305389 0.594167 0.305389 0.563333 0.283234 0.546667 0.276048 0.521667 0.259281 0.510833 0.246707 0.477500 0.228743 0.451667 0.207784 0.425000 0.198802
1 0.451667 0.057485 0.388333 0.064671 0.369167 0.075449 0.366667 0.089222 0.380833 0.116766 0.422500 0.122754 0.435833 0.136527 0.442500 0.794611 0.459167 0.829341 0.499167 0.836527 0.549167 0.827545 0.566667 0.792814 0.557500 0.144910 0.570000 0.121557 0.623333 0.113174 0.630833 0.085030 0.624167 0.070060 0.605000 0.062275 0.555833 0.065269
0 0.595833 0.401198 0.576667 0.401198 0.533333 0.429341 0.466667 0.496407 0.454167 0.498204 0.434167 0.493413 0.420000 0.496407 0.412500 0.504790 0.413333 0.523952 0.402500 0.529341 0.390833 0.529341 0.373333 0.541916 0.368333 0.548503 0.365833 0.556886 0.370833 0.567066 0.414167 0.593413 0.463333 0.615569 0.475000 0.617964 0.486667 0.614371 0.503333 0.601198 0.515000 0.578443 0.525000 0.576048 0.537500 0.577246 0.546667 0.572455 0.551667 0.560479 0.535000 0.537126 0.534167 0.530539 0.545833 0.523952 0.548333 0.518563 0.602500 0.465868 0.617500 0.454491 0.629167 0.440719 0.632500 0.428144 0.625000 0.417964
2 0.709167 0.497006 0.680000 0.492814 0.664167 0.494012 0.638333 0.501796 0.611667 0.517964 0.593333 0.538323 0.585833 0.556287 0.587500 0.580838 0.592500 0.590419 0.589167 0.602395 0.537500 0.637725 0.450833 0.709581 0.454167 0.737725 0.479167 0.763473 0.525000 0.786228 0.561667 0.785629 0.585000 0.776048 0.724167 0.676647 0.738333 0.675449 0.767500 0.681437 0.790833 0.681437 0.804167 0.677844 0.835000 0.661677 0.856667 0.638922 0.859167 0.603593 0.837500 0.564671 0.794167 0.535329
0 0.534167 0.388024 0.524167 0.395808 0.523333 0.398204 0.518333 0.400599 0.513333 0.405389 0.510833 0.411976 0.514167 0.419162 0.519167 0.420359 0.525000 0.420359 0.529167 0.422156 0.531667 0.432335 0.534167 0.434132 0.543333 0.434132 0.548333 0.430539 0.555000 0.430539 0.556667 0.432934 0.564167 0.438323 0.566667 0.438922 0.573333 0.444910 0.579167 0.447305 0.597500 0.460479 0.608333 0.460479 0.610833 0.457485 0.617500 0.453892 0.619167 0.451497 0.619167 0.446707 0.612500 0.441916 0.610833 0.439521 0.600833 0.433533 0.589167 0.424551 0.587500 0.424551 0.585000 0.421557 0.575000 0.414970 0.575000 0.413174 0.577500 0.411377 0.579167 0.407784 0.579167 0.403593 0.577500 0.400599 0.573333 0.399401 0.565833 0.399401 0.562500 0.398204 0.560000 0.395808 0.558333 0.390419 0.555000 0.386826 0.549167 0.384431 0.542500 0.384431
3 0.693333 0.494012 0.658333 0.494012 0.628333 0.517964 0.624167 0.534731 0.662500 0.565868 0.661667 0.577844 0.644167 0.593413 0.603333 0.652096 0.538333 0.714371 0.446667 0.827545 0.441667 0.846108 0.450833 0.862275 0.465833 0.873653 0.505000 0.889820 0.531667 0.889222 0.564167 0.870060 0.625000 0.802994 0.660000 0.749102 0.753333 0.655689 0.757500 0.642515 0.773333 0.625150 0.785000 0.620359 0.819167 0.628144 0.852500 0.616766 0.866667 0.597605 0.865000 0.580240 0.830833 0.550299 0.769167 0.521557 0.741667 0.513174 0.729167 0.504192
0 0.735000 0.581437 0.688333 0.548503 0.664167 0.540719 0.639167 0.544311 0.625833 0.553293 0.613333 0.567665 0.586667 0.575449 0.570833 0.582635 0.565833 0.588024 0.565000 0.598802 0.570000 0.617365 0.568333 0.623952 0.559167 0.632934 0.470833 0.688024 0.452500 0.702994 0.445000 0.713772 0.450833 0.739521 0.479167 0.751497 0.497500 0.752695 0.520000 0.743713 0.572500 0.710778 0.585000 0.707784 0.598333 0.691018 0.623333 0.673653 0.629167 0.672455 0.655000 0.680838 0.674167 0.679641 0.687500 0.676048 0.700000 0.665868 0.705000 0.650898 0.735000 0.638922 0.750000 0.627545 0.754167 0.620359 0.754167 0.604790
