3 0.514167 0.273054 0.470000 0.259880 0.442500 0.269461 0.250000 0.432934 0.176667 0.502395 0.167500 0.507784 0.152500 0.508982 0.098333 0.492216 0.063333 0.522156 0.070833 0.544311 0.142500 0.592216 0.205833 0.621557 0.243333 0.631737 0.263333 0.627545 0.290000 0.601796 0.288333 0.580240 0.305000 0.555090 0.336667 0.528144 0.440833 0.419162 0.521667 0.350898 0.535833 0.322755 0.540833 0.297006
3 0.794167 0.235928 0.742500 0.200000 0.730000 0.200599 0.694167 0.213174 0.688333 0.225749 0.692500 0.257485 0.681667 0.268862 0.326667 0.380240 0.305833 0.389820 0.285000 0.408982 0.285000 0.424551 0.295000 0.433533 0.300833 0.449701 0.320000 0.465269 0.377500 0.462874 0.525833 0.417964 0.647500 0.374850 0.720000 0.356886 0.737500 0.346707 0.750833 0.352096 0.775833 0.374850 0.790833 0.379641 0.830000 0.368263 0.841667 0.351497 0.840833 0.325150 0.823333 0.280838
2 0.367500 0.265868 0.312500 0.283234 0.282500 0.297605 0.270833 0.309581 0.269167 0.327545 0.276667 0.350898 0.312500 0.401198 0.327500 0.436527 0.350833 0.461078 0.385000 0.527545 0.385833 0.548503 0.333333 0.576647 0.330833 0.591617 0.339167 0.617964 0.366667 0.643114 0.400833 0.653892 0.485833 0.638922 0.538333 0.620359 0.617500 0.584431 0.655000 0.561677 0.673333 0.522156 0.662500 0.493413 0.633333 0.470060 0.619167 0.464671 0.591667 0.464072 0.578333 0.467665 0.560000 0.464671 0.536667 0.440719 0.505000 0.388024 0.488333 0.374850 0.475833 0.350299 0.461667 0.338922 0.456667 0.316766 0.434167 0.297006 0.424167 0.275449 0.408333 0.267066
4 0.357500 0.166467 0.332500 0.176647 0.293333 0.205988 0.275000 0.227545 0.272500 0.246108 0.298333 0.278443 0.380833 0.341916 0.405000 0.368862 0.466667 0.409581 0.430833 0.459880 0.434167 0.473054 0.452500 0.491018 0.489167 0.513772 0.521667 0.514970 0.555000 0.507186 0.591667 0.492216 0.639167 0.465269 0.708333 0.414371 0.730833 0.386826 0.744167 0.348503 0.710000 0.322755 0.687500 0.311976 0.626667 0.314371 0.603333 0.322156 0.594167 0.320958 0.550000 0.284431 0.534167 0.276647 0.528333 0.267066 0.466667 0.214970 0.410000 0.175449 0.387500 0.164072
0 0.449167 0.837126 0.440833 0.848503 0.440833 0.853293 0.445833 0.862275 0.460833 0.871856 0.470833 0.874850 0.489167 0.885030 0.496667 0.886826 0.524167 0.900000 0.530833 0.904790 0.539167 0.907186 0.545833 0.911976 0.547500 0.917964 0.545000 0.925150 0.548333 0.937126 0.559167 0.944311 0.580833 0.945509 0.594167 0.952695 0.611667 0.958084 0.632500 0.957485 0.637500 0.956287 0.649167 0.949102 0.674167 0.925150 0.679167 0.911976 0.675000 0.900000 0.655000 0.889222 0.645000 0.888024 0.641667 0.885030 0.638333 0.875449 0.628333 0.868862 0.624167 0.867665 0.610000 0.868263 0.587500 0.876647 0.580000 0.874850 0.499167 0.835928 0.477500 0.827545 0.463333 0.827545
2 0.434167 0.143713 0.412500 0.130539 0.377500 0.128144 0.360833 0.131737 0.349167 0.137725 0.341667 0.156886 0.328333 0.164072 0.286667 0.166467 0.278333 0.169461 0.211667 0.169461 0.193333 0.171856 0.175000 0.170060 0.157500 0.173054 0.135000 0.171856 0.117500 0.175449 0.110000 0.180240 0.108333 0.191018 0.110000 0.219760 0.117500 0.241317 0.137500 0.256287 0.155833 0.260479 0.233333 0.262874 0.241667 0.260479 0.286667 0.258683 0.349167 0.261078 0.360833 0.268263 0.357500 0.283832 0.371667 0.299401 0.386667 0.302994 0.422500 0.302994 0.441667 0.296407 0.449167 0.291018 0.456667 0.264072 0.450000 0.193413
4 0.850000 0.570060 0.847500 0.554491 0.830000 0.527545 0.810833 0.513174 0.767500 0.502395 0.754167 0.504790 0.730833 0.519162 0.720833 0.520958 0.700000 0.530539 0.671667 0.523952 0.642500 0.520958 0.585000 0.507784 0.543333 0.503593 0.525000 0.507784 0.512500 0.518563 0.496667 0.544910 0.498333 0.561078 0.505833 0.570060 0.520833 0.579641 0.579167 0.592814 0.605833 0.596407 0.661667 0.610778 0.680000 0.622156 0.710833 0.652695 0.723333 0.659281 0.740833 0.662275 0.776667 0.660479 0.805833 0.647904 0.820000 0.637126 0.829167 0.625749 0.844167 0.596407
4 0.416667 0.289222 0.395000 0.300000 0.391667 0.302994 0.390833 0.307186 0.393333 0.308982 0.393333 0.310778 0.400000 0.316168 0.409167 0.326347 0.414167 0.329940 0.419167 0.335928 0.422500 0.337725 0.430833 0.346108 0.436667 0.349701 0.432500 0.352695 0.433333 0.353293 0.430833 0.354491 0.430000 0.356287 0.425833 0.358683 0.424167 0.362275 0.425000 0.365269 0.429167 0.369461 0.435833 0.373653 0.447500 0.373653 0.455000 0.370060 0.457500 0.370060 0.473333 0.362275 0.490000 0.352695 0.502500 0.341916 0.502500 0.338922 0.497500 0.333533 0.496667 0.334132 0.492500 0.329341 0.490000 0.328144 0.484167 0.328144 0.482500 0.329341 0.481667 0.328743 0.480000 0.329940 0.471667 0.331737 0.467500 0.331138 0.426667 0.292814 0.422500 0.290419 0.421667 0.291018 0.420833 0.289820
3 0.204167 0.295210 0.200833 0.300599 0.200833 0.340120 0.199167 0.351497 0.199167 0.365269 0.185000 0.370659 0.184167 0.377246 0.190833 0.380838 0.195000 0.380838 0.198333 0.382036 0.212500 0.383234 0.215833 0.382036 0.233333 0.382036 0.237500 0.380838 0.240000 0.378443 0.240833 0.372455 0.235833 0.368862 0.232500 0.369461 0.225833 0.365868 0.227500 0.360479 0.225833 0.356287 0.225000 0.343114 0.226667 0.338922 0.226667 0.301796 0.224167 0.297006 0.220833 0.295210 0.219167 0.295808 0.214167 0.294611
1 0.724167 0.543713 0.703333 0.542515 0.686667 0.552096 0.680000 0.564671 0.695000 0.579641 0.690833 0.589820 0.639167 0.635928 0.345833 0.872455 0.335833 0.883832 0.334167 0.895210 0.350833 0.911377 0.371667 0.918563 0.390833 0.912575 0.405833 0.902994 0.746667 0.624551 0.755833 0.622156 0.784167 0.631737 0.799167 0.625749 0.810000 0.612575 0.804167 0.597605 0.771667 0.570659
0 0.516667 0.438922 0.493333 0.422156 0.466667 0.414371 0.445833 0.415569 0.425000 0.423952 0.410833 0.442515 0.406667 0.455689 0.394167 0.458084 0.380833 0.456287 0.361667 0.465269 0.345833 0.479641 0.340000 0.496407 0.327500 0.509581 0.313333 0.514970 0.272500 0.540719 0.210000 0.571257 0.182500 0.589222 0.177500 0.607784 0.190000 0.627545 0.212500 0.642515 0.227500 0.644311 0.240833 0.641916 0.393333 0.567665 0.408333 0.570060 0.425833 0.577246 0.450833 0.579042 0.460000 0.575449 0.470000 0.567665 0.486667 0.541317 0.505000 0.532934 0.520000 0.533533 0.540000 0.527545 0.550000 0.518563 0.560000 0.498802 0.541667 0.464072
4 0.709167 0.466467 0.696667 0.473054 0.679167 0.502395 0.680833 0.511377 0.715000 0.528742 0.720833 0.535329 0.712500 0.543114 0.710000 0.557485 0.695833 0.573054 0.686667 0.600000 0.643333 0.667665 0.640833 0.683234 0.647500 0.689820 0.690833 0.706587 0.743333 0.714970 0.762500 0.701198 0.765833 0.689222 0.794167 0.649102 0.800000 0.626347 0.813333 0.608982 0.819167 0.594611 0.828333 0.587425 0.830000 0.577844 0.840833 0.571856 0.855000 0.570060 0.895833 0.570659 0.911667 0.562275 0.928333 0.529940 0.899167 0.508383 0.830000 0.482635 0.774167 0.468263 0.751667 0.464671
0 0.415833 0.501198 0.387500 0.532934 0.383333 0.543713 0.382500 0.578443 0.379167 0.586228 0.370833 0.591018 0.378333 0.597006 0.379167 0.602994 0.369167 0.613174 0.368333 0.619162 0.355833 0.626946 0.362500 0.637725 0.369167 0.669461 0.360833 0.674850 0.343333 0.674850 0.322500 0.680239 0.317500 0.689820 0.337500 0.733533 0.321667 0.755689 0.316667 0.780240 0.323333 0.790419 0.340000 0.794012 0.369167 0.794012 0.405833 0.801198 0.436667 0.798204 0.465000 0.804790 0.482500 0.801198 0.491667 0.792814 0.494167 0.773653 0.485833 0.748503 0.490833 0.743114 0.492500 0.730539 0.510833 0.720359 0.518333 0.710778 0.514167 0.699401 0.478333 0.681437 0.472500 0.671856 0.477500 0.659880 0.477500 0.623952 0.485000 0.591018 0.482500 0.567665 0.492500 0.549102 0.492500 0.523353 0.487500 0.512575 0.480000 0.507186 0.467500 0.503593
0 0.714167 0.729940 0.710000 0.730539 0.696667 0.726347 0.685000 0.727545 0.670833 0.734132 0.658333 0.744910 0.641667 0.751497 0.631667 0.752695 0.617500 0.749102 0.610000 0.750898 0.603333 0.756886 0.605000 0.780838 0.598333 0.786228 0.575000 0.795210 0.563333 0.802395 0.540000 0.810180 0.511667 0.825749 0.493333 0.829940 0.484167 0.836527 0.471667 0.841317 0.466667 0.846108 0.466667 0.854491 0.486667 0.880838 0.530000 0.878443 0.571667 0.860479 0.577500 0.861677 0.580000 0.856287 0.585000 0.853293 0.601667 0.850299 0.613333 0.852096 0.640833 0.828743 0.648333 0.829341 0.668333 0.842515 0.679167 0.840719 0.686667 0.835329 0.689167 0.828144 0.698333 0.822755 0.702500 0.816168 0.714167 0.813174 0.726667 0.813174 0.749167 0.805389 0.755833 0.797006 0.750000 0.786228 0.739167 0.776647 0.733333 0.764072 0.710833 0.742515 0.710000 0.736527
4 0.433333 0.267665 0.384167 0.289222 0.352500 0.312575 0.345000 0.321557 0.350833 0.339521 0.368333 0.350898 0.405000 0.388623 0.435833 0.407186 0.449167 0.422754 0.466667 0.435329 0.470000 0.443114 0.482500 0.449701 0.484167 0.461078 0.480000 0.470659 0.459167 0.497006 0.461667 0.511976 0.494167 0.540719 0.510000 0.539521 0.533333 0.534132 0.564167 0.521557 0.638333 0.479042 0.677500 0.445509 0.690833 0.423353 0.689167 0.413772 0.660833 0.387425 0.645833 0.381437 0.605000 0.395808 0.594167 0.397006 0.588333 0.388024 0.570000 0.378443 0.559167 0.362874 0.526667 0.341916 0.456667 0.276647 0.439167 0.267665
3 0.427500 0.171257 0.438333 0.183234 0.485833 0.194012 0.518333 0.194611 0.527500 0.198204 0.581667 0.206587 0.612500 0.215569 0.660000 0.220958 0.706667 0.230539 0.727500 0.244311 0.736667 0.271856 0.754167 0.279042 0.775000 0.276647 0.797500 0.265269 0.832500 0.210180 0.838333 0.185030 0.836667 0.174850 0.828333 0.163473 0.807500 0.157485 0.781667 0.161078 0.773333 0.167665 0.767500 0.177844 0.755000 0.183234 0.722500 0.174850 0.666667 0.166467 0.651667 0.160479 0.638333 0.160479 0.595833 0.150299 0.561667 0.146108 0.474167 0.128144 0.451667 0.129341 0.442500 0.135928
1 0.384167 0.130539 0.350000 0.137725 0.335833 0.161677 0.364167 0.680838 0.374167 0.750898 0.362500 0.759880 0.315833 0.774252 0.314167 0.801198 0.318333 0.813174 0.350833 0.826347 0.477500 0.829341 0.525000 0.821557 0.545000 0.805389 0.546667 0.788623 0.537500 0.767066 0.501667 0.759880 0.487500 0.747305 0.473333 0.632335 0.445000 0.162874 0.427500 0.137725
1 0.222500 0.325150 0.160000 0.362275 0.143333 0.385629 0.150833 0.398204 0.169167 0.413772 0.225000 0.400599 0.665000 0.856886 0.686667 0.867665 0.708333 0.865868 0.748333 0.838922 0.746667 0.808982 0.313333 0.355689 0.345000 0.331138 0.341667 0.317365 0.318333 0.297006 0.296667 0.297605
1 0.863333 0.401796 0.844167 0.388623 0.819167 0.390419 0.689167 0.448503 0.368333 0.602395 0.355833 0.603593 0.330000 0.589820 0.307500 0.597006 0.299167 0.602994 0.306667 0.637725 0.334167 0.665868 0.356667 0.682036 0.381667 0.691617 0.413333 0.676048 0.406667 0.656287 0.413333 0.644910 0.849167 0.438922 0.871667 0.419760
3 0.356667 0.621557 0.336667 0.638922 0.291667 0.697605 0.278333 0.725748 0.280833 0.738922 0.315833 0.750299 0.336667 0.740120 0.355000 0.738323 0.365833 0.740120 0.373333 0.746707 0.390000 0.751497 0.411667 0.762874 0.421667 0.762874 0.430833 0.770659 0.501667 0.797605 0.590000 0.835329 0.631667 0.843114 0.660000 0.841916 0.693333 0.804790 0.685000 0.791617 0.662500 0.779042 0.408333 0.674850 0.395000 0.665868 0.396667 0.653892 0.406667 0.637725 0.403333 0.628743 0.376667 0.617365 0.366667 0.617365
