1 0.226667 0.436527 0.105000 0.453293 0.091667 0.460479 0.098333 0.483832 0.132500 0.488623 0.145000 0.505389 0.150000 0.549701 0.170833 0.631737 0.169167 0.669461 0.198333 0.788024 0.221667 0.921557 0.234167 0.941916 0.260000 0.945509 0.294167 0.940120 0.303333 0.926946 0.304167 0.914371 0.222500 0.492814 0.230000 0.478443 0.260833 0.473054 0.263333 0.447305 0.246667 0.437725
0 0.293333 0.588623 0.204167 0.604192 0.181667 0.616766 0.173333 0.636527 0.178333 0.652096 0.189167 0.664671 0.189167 0.676647 0.184167 0.688623 0.186667 0.709581 0.195000 0.716766 0.237500 0.730539 0.246667 0.744311 0.270000 0.840120 0.279167 0.860479 0.289167 0.871856 0.329167 0.883234 0.355833 0.873653 0.373333 0.858683 0.374167 0.836527 0.360833 0.781437 0.363333 0.768862 0.347500 0.749102 0.340000 0.722754 0.346667 0.714970 0.367500 0.705389 0.378333 0.690419 0.380833 0.677245 0.374167 0.664072 0.356667 0.651497 0.358333 0.621557 0.350833 0.604192 0.337500 0.594012 0.328333 0.591018
4 0.550000 0.496407 0.526667 0.497605 0.495833 0.507186 0.482500 0.520958 0.471667 0.543713 0.470833 0.559281 0.515000 0.586826 0.520833 0.598204 0.487500 0.676048 0.450833 0.740120 0.448333 0.753892 0.452500 0.767066 0.483333 0.794012 0.512500 0.802994 0.555000 0.806587 0.578333 0.797605 0.590833 0.785629 0.619167 0.723353 0.656667 0.661078 0.665000 0.638323 0.676667 0.632934 0.691667 0.632934 0.705833 0.626347 0.739167 0.619760 0.749167 0.610180 0.767500 0.574251 0.757500 0.562275 0.731667 0.543713 0.700833 0.528144 0.625833 0.505988
1 0.859167 0.273653 0.833333 0.255090 0.809167 0.252695 0.785833 0.263473 0.778333 0.271856 0.787500 0.292216 0.780833 0.304192 0.700000 0.350898 0.282500 0.568263 0.271667 0.577246 0.266667 0.592814 0.283333 0.614970 0.300000 0.623353 0.327500 0.619162 0.773333 0.388623 0.831667 0.354491 0.845000 0.355090 0.878333 0.370659 0.911667 0.353892 0.909167 0.332335
0 0.858333 0.309581 0.835000 0.313174 0.824167 0.323353 0.819167 0.337126 0.816667 0.363473 0.806667 0.405389 0.800833 0.409581 0.790833 0.411377 0.779167 0.416766 0.767500 0.431737 0.766667 0.440120 0.776667 0.459880 0.770833 0.471257 0.770833 0.482036 0.765833 0.488024 0.769167 0.504790 0.775833 0.512575 0.795833 0.521557 0.825833 0.527545 0.842500 0.527545 0.865833 0.523952 0.873333 0.521557 0.882500 0.514970 0.890000 0.499401 0.890000 0.474252 0.905000 0.462275 0.910000 0.451497 0.906667 0.435329 0.900833 0.426946 0.878333 0.409581 0.890000 0.340719 0.887500 0.323353 0.875000 0.312575
4 0.500000 0.651497 0.486667 0.659281 0.480000 0.670659 0.481667 0.681437 0.478333 0.703593 0.471667 0.714371 0.472500 0.725150 0.465833 0.752096 0.466667 0.766467 0.462500 0.773054 0.464167 0.780838 0.448333 0.790419 0.428333 0.792216 0.408333 0.798204 0.398333 0.807784 0.391667 0.834731 0.395000 0.838922 0.412500 0.847305 0.446667 0.856886 0.525833 0.865868 0.570833 0.865269 0.597500 0.859281 0.606667 0.852695 0.615833 0.820958 0.610000 0.814371 0.565000 0.803593 0.556667 0.798802 0.568333 0.789222 0.577500 0.764671 0.578333 0.740719 0.595833 0.677844 0.594167 0.664072 0.587500 0.658084 0.573333 0.657485 0.543333 0.650299
1 0.705000 0.419760 0.688333 0.403593 0.645833 0.406587 0.125000 0.577246 0.112500 0.573653 0.088333 0.555689 0.058333 0.562874 0.051667 0.567665 0.048333 0.586826 0.058333 0.616168 0.076667 0.646707 0.095000 0.667665 0.121667 0.673653 0.145833 0.665868 0.153333 0.659281 0.147500 0.639521 0.154167 0.631138 0.689167 0.455689 0.708333 0.440120
1 0.495833 0.330539 0.466667 0.341916 0.460833 0.367066 0.597500 0.806587 0.595833 0.823952 0.565000 0.839521 0.560000 0.857485 0.568333 0.870060 0.615000 0.871257 0.728333 0.849701 0.741667 0.841317 0.740833 0.829341 0.730833 0.811377 0.694167 0.810180 0.683333 0.801198 0.645833 0.683832 0.618333 0.570060 0.546667 0.349701 0.534167 0.333533 0.519167 0.329341
2 0.609167 0.291018 0.558333 0.291617 0.522500 0.306587 0.511667 0.322755 0.501667 0.360479 0.493333 0.448503 0.484167 0.481437 0.437500 0.497605 0.426667 0.506587 0.415000 0.526946 0.410833 0.549701 0.416667 0.568862 0.430000 0.579641 0.433333 0.587425 0.465000 0.607784 0.516667 0.616766 0.552500 0.618563 0.655833 0.611976 0.693333 0.598204 0.714167 0.568862 0.718333 0.555689 0.715833 0.525748 0.702500 0.507186 0.661667 0.479042 0.673333 0.397006 0.676667 0.321557 0.647500 0.300000
0 0.165833 0.731138 0.161667 0.736527 0.161667 0.741317 0.166667 0.744910 0.186667 0.752695 0.189167 0.752695 0.191667 0.754491 0.192500 0.753892 0.195833 0.756287 0.196667 0.755689 0.203333 0.759281 0.204167 0.758683 0.205000 0.759880 0.205833 0.759281 0.220833 0.765269 0.225833 0.771257 0.225000 0.777246 0.226667 0.779042 0.231667 0.780838 0.235000 0.779641 0.241667 0.780838 0.250000 0.786826 0.256667 0.788623 0.261667 0.788623 0.272500 0.782036 0.275000 0.776647 0.276667 0.776048 0.276667 0.774850 0.278333 0.774252 0.277500 0.773653 0.280000 0.772455 0.281667 0.770060 0.281667 0.768263 0.283333 0.767665 0.282500 0.767066 0.287500 0.758084 0.285833 0.755090 0.279167 0.750898 0.266667 0.749701 0.262500 0.746108 0.263333 0.745509 0.258333 0.740120 0.250833 0.739521 0.246667 0.740719 0.240833 0.744910 0.235833 0.745509 0.229167 0.743114 0.228333 0.743713 0.227500 0.742515 0.226667 0.743114 0.225833 0.741916 0.212500 0.737725 0.205000 0.734132 0.200833 0.732934 0.200000 0.733533 0.199167 0.732335 0.198333 0.732934 0.197500 0.731737 0.192500 0.730539 0.191667 0.729341 0.190833 0.729940 0.190000 0.728743 0.189167 0.729341 0.180000 0.725748 0.179167 0.726347 0.178333 0.725150 0.175833 0.725150
2 0.281667 0.470060 0.269167 0.474850 0.250000 0.494012 0.238333 0.521557 0.187500 0.603593 0.160833 0.661677 0.146667 0.664072 0.105833 0.656886 0.090833 0.659880 0.065833 0.680838 0.052500 0.717964 0.063333 0.727545 0.128333 0.744311 0.194167 0.768263 0.286667 0.794611 0.315000 0.798204 0.336667 0.792814 0.348333 0.784431 0.366667 0.747305 0.360833 0.730539 0.319167 0.708982 0.315833 0.697605 0.341667 0.665269 0.366667 0.622156 0.417500 0.519162 0.410833 0.504192 0.379167 0.489820 0.334167 0.477246
0 0.657500 0.505988 0.604167 0.512575 0.589167 0.535329 0.588333 0.559880 0.597500 0.591018 0.592500 0.608982 0.601667 0.619162 0.592500 0.649102 0.599167 0.656886 0.608333 0.686228 0.604167 0.695210 0.585833 0.698802 0.567500 0.707186 0.565833 0.724551 0.585000 0.740719 0.587500 0.751497 0.596667 0.760479 0.588333 0.780240 0.588333 0.802994 0.591667 0.813174 0.602500 0.822156 0.652500 0.817964 0.682500 0.819162 0.717500 0.810180 0.748333 0.810778 0.765833 0.804790 0.775000 0.791617 0.752500 0.750898 0.755000 0.731138 0.771667 0.714371 0.771667 0.702994 0.767500 0.697605 0.724167 0.685030 0.714167 0.674850 0.712500 0.651497 0.706667 0.641916 0.705000 0.617365 0.699167 0.604192 0.700000 0.589820 0.690833 0.567665 0.693333 0.548503 0.685833 0.523952 0.677500 0.511377
1 0.863333 0.146707 0.810000 0.122156 0.764167 0.110778 0.720833 0.113772 0.706667 0.125749 0.695000 0.152096 0.710000 0.168263 0.715000 0.194611 0.703333 0.212575 0.215000 0.724551 0.214167 0.749701 0.240833 0.774850 0.275833 0.783234 0.322500 0.755689 0.807500 0.253892 0.828333 0.244910 0.880000 0.250898 0.897500 0.242515 0.913333 0.223952 0.915833 0.207186 0.905000 0.182036
3 0.401667 0.352695 0.379167 0.355689 0.358333 0.376048 0.221667 0.571856 0.208333 0.579042 0.164167 0.571856 0.145833 0.594012 0.145833 0.601796 0.155833 0.611976 0.186667 0.627545 0.205833 0.631138 0.271667 0.653293 0.296667 0.658084 0.315000 0.659281 0.322500 0.656886 0.335000 0.642515 0.336667 0.628144 0.313333 0.610778 0.308333 0.603593 0.320833 0.591018 0.323333 0.581437 0.337500 0.570659 0.345000 0.555090 0.357500 0.548503 0.357500 0.541317 0.371667 0.527545 0.386667 0.505389 0.394167 0.485030 0.435000 0.435928 0.446667 0.415569 0.446667 0.373054 0.416667 0.356886
3 0.757500 0.167665 0.755000 0.172455 0.761667 0.180240 0.771667 0.184431 0.775000 0.187425 0.793333 0.195808 0.795000 0.197605 0.795833 0.197006 0.805000 0.201796 0.805833 0.201198 0.814167 0.206587 0.820833 0.208982 0.839167 0.219162 0.842500 0.219760 0.847500 0.223353 0.848333 0.225749 0.842500 0.234132 0.844167 0.235329 0.844167 0.237126 0.849167 0.239521 0.855833 0.240120 0.860833 0.238323 0.878333 0.225150 0.882500 0.220359 0.890000 0.215569 0.892500 0.212575 0.889167 0.201198 0.887500 0.201198 0.885000 0.198802 0.880833 0.198802 0.870000 0.206587 0.867500 0.206587 0.846667 0.194611 0.809167 0.177246 0.802500 0.173054 0.795833 0.170659 0.778333 0.160479 0.772500 0.159281 0.766667 0.159880
0 0.305000 0.718563 0.296667 0.718563 0.292500 0.720958 0.292500 0.722754 0.289167 0.726946 0.288333 0.732934 0.286667 0.734132 0.286667 0.736527 0.285000 0.737126 0.285000 0.740120 0.282500 0.743713 0.282500 0.747305 0.280833 0.747904 0.281667 0.750898 0.280000 0.751497 0.279167 0.756886 0.277500 0.757485 0.277500 0.761078 0.275833 0.761677 0.275000 0.765868 0.273333 0.767066 0.273333 0.770659 0.271667 0.771856 0.270833 0.774850 0.269167 0.774850 0.268333 0.776048 0.255833 0.776048 0.252500 0.778443 0.252500 0.779641 0.250833 0.779641 0.250833 0.784431 0.254167 0.786826 0.253333 0.795210 0.251667 0.795808 0.248333 0.801198 0.248333 0.803593 0.246667 0.804192 0.245833 0.808383 0.246667 0.810778 0.253333 0.813772 0.274167 0.815569 0.275000 0.816766 0.283333 0.819761 0.297500 0.821557 0.302500 0.817365 0.305833 0.804192 0.307500 0.803593 0.309167 0.800599 0.315833 0.797605 0.316667 0.792216 0.313333 0.788024 0.310000 0.785629 0.308333 0.785629 0.308333 0.784431 0.305000 0.783832 0.302500 0.782036 0.304167 0.777246 0.305833 0.776647 0.305833 0.773054 0.307500 0.772455 0.308333 0.766467 0.310833 0.762874 0.310833 0.759281 0.312500 0.758084 0.313333 0.753892 0.315000 0.753293 0.315000 0.749701 0.317500 0.746108 0.318333 0.738922 0.320000 0.738323 0.321667 0.731138 0.320833 0.723952 0.318333 0.723353 0.318333 0.722156 0.315833 0.722156 0.310000 0.719760 0.305833 0.719760
2 0.741667 0.576647 0.691667 0.594012 0.614167 0.634731 0.595833 0.661078 0.600000 0.692814 0.621667 0.720359 0.641667 0.732335 0.677500 0.741916 0.689167 0.741916 0.704167 0.749102 0.725000 0.788623 0.751667 0.822755 0.773333 0.859880 0.788333 0.875449 0.823333 0.882635 0.864167 0.876048 0.908333 0.854491 0.920000 0.833533 0.919167 0.819162 0.909167 0.794611 0.843333 0.689222 0.846667 0.679042 0.865000 0.661677 0.872500 0.648503 0.869167 0.621557 0.848333 0.594012 0.828333 0.583234 0.792500 0.574850
3 0.322500 0.169461 0.301667 0.173054 0.284167 0.182036 0.276667 0.200000 0.279167 0.216766 0.286667 0.225150 0.320833 0.235928 0.335833 0.245509 0.332500 0.335329 0.325833 0.348503 0.329167 0.362275 0.324167 0.384431 0.325000 0.435329 0.314167 0.514371 0.318333 0.531737 0.327500 0.544311 0.369167 0.553293 0.403333 0.553293 0.420833 0.540120 0.432500 0.494611 0.425000 0.441916 0.437500 0.368263 0.434167 0.345509 0.441667 0.307186 0.440833 0.277844 0.456667 0.253892 0.505000 0.242515 0.511667 0.233533 0.513333 0.216766 0.502500 0.201796 0.475833 0.186228 0.437500 0.182036 0.400833 0.171257
