3 0.456667 0.414371 0.430000 0.414371 0.413333 0.418563 0.405833 0.425748 0.400000 0.444910 0.404167 0.452096 0.438333 0.464671 0.445833 0.473054 0.366667 0.709581 0.368333 0.726347 0.387500 0.746707 0.408333 0.750898 0.441667 0.746707 0.464167 0.723952 0.492500 0.656287 0.494167 0.641317 0.525833 0.547904 0.546667 0.507186 0.548333 0.489222 0.570000 0.483832 0.589167 0.485629 0.598333 0.482036 0.609167 0.457485 0.605833 0.448503 0.571667 0.434132 0.525833 0.423952
0 0.282500 0.557485 0.296667 0.628743 0.295833 0.638323 0.304167 0.653293 0.311667 0.655090 0.355000 0.650898 0.368333 0.656287 0.397500 0.658084 0.410000 0.655689 0.444167 0.640120 0.465833 0.642515 0.481667 0.637725 0.506667 0.638323 0.533333 0.634132 0.550833 0.635928 0.601667 0.631138 0.625833 0.622156 0.643333 0.611377 0.648333 0.599401 0.645000 0.564072 0.623333 0.555090 0.501667 0.561078 0.475000 0.558683 0.418333 0.562275 0.411667 0.560479 0.396667 0.538323 0.378333 0.533533 0.362500 0.545509 0.353333 0.547904 0.344167 0.547305 0.327500 0.541317 0.299167 0.543114 0.288333 0.547305
0 0.755833 0.685629 0.753333 0.688024 0.751667 0.694012 0.752500 0.702994 0.750833 0.707186 0.748333 0.708383 0.747500 0.714970 0.752500 0.718563 0.760833 0.720359 0.762500 0.722754 0.760833 0.729940 0.761667 0.743713 0.760000 0.751497 0.760000 0.765868 0.762500 0.768263 0.770000 0.770060 0.780833 0.770060 0.784167 0.768862 0.787500 0.765868 0.788333 0.754491 0.790000 0.753892 0.789167 0.747305 0.791667 0.732934 0.791667 0.721557 0.793333 0.719760 0.801667 0.716766 0.805833 0.713174 0.805833 0.708982 0.804167 0.707186 0.805000 0.706587 0.800833 0.703593 0.800833 0.699401 0.802500 0.698204 0.802500 0.691018 0.800000 0.688024 0.795000 0.686228
1 0.190833 0.535329 0.180000 0.554491 0.180000 0.566467 0.206667 0.583234 0.785000 0.774252 0.789167 0.779641 0.779167 0.805389 0.784167 0.813174 0.817500 0.822156 0.843333 0.804790 0.891667 0.722156 0.890000 0.705389 0.875000 0.695808 0.853333 0.692216 0.833333 0.708982 0.818333 0.707784 0.702500 0.665269 0.677500 0.661078 0.276667 0.528742 0.214167 0.522156
3 0.545833 0.781437 0.525833 0.788024 0.521667 0.793413 0.523333 0.797605 0.540000 0.804790 0.541667 0.808383 0.526667 0.829940 0.505000 0.873054 0.482500 0.908383 0.482500 0.916766 0.488333 0.922156 0.499167 0.924551 0.502500 0.926946 0.514167 0.926946 0.525000 0.919162 0.529167 0.909581 0.540833 0.892814 0.541667 0.888024 0.547500 0.881437 0.546667 0.878443 0.550000 0.874850 0.552500 0.866467 0.559167 0.858683 0.560833 0.852096 0.570833 0.838323 0.578333 0.822755 0.584167 0.820359 0.600000 0.823952 0.606667 0.820958 0.610000 0.814371 0.607500 0.807186 0.600000 0.802395 0.589167 0.799401 0.585000 0.795808 0.577500 0.794611 0.575000 0.792216 0.561667 0.788623 0.559167 0.786228 0.551667 0.783234 0.547500 0.783234
3 0.749167 0.773054 0.739167 0.762275 0.723333 0.752695 0.707500 0.749701 0.690833 0.750898 0.653333 0.767066 0.461667 0.865868 0.454167 0.866467 0.418333 0.851497 0.405000 0.853293 0.391667 0.859281 0.385000 0.865868 0.379167 0.880838 0.381667 0.901198 0.404167 0.925749 0.437500 0.949701 0.470000 0.964072 0.487500 0.966467 0.508333 0.956287 0.515000 0.949102 0.520000 0.932934 0.515000 0.916168 0.518333 0.911377 0.640833 0.852695 0.730833 0.804192 0.750833 0.787425
4 0.455833 0.118563 0.425000 0.124551 0.409167 0.135329 0.395000 0.174251 0.399167 0.185030 0.472500 0.209581 0.455833 0.222156 0.452500 0.238323 0.441667 0.255689 0.438333 0.288024 0.408333 0.376048 0.410833 0.394611 0.420833 0.402395 0.436667 0.402994 0.465000 0.412575 0.528333 0.416766 0.551667 0.409581 0.564167 0.397006 0.564167 0.373054 0.581667 0.330539 0.584167 0.304192 0.601667 0.240120 0.610833 0.230539 0.628333 0.226347 0.645000 0.227545 0.679167 0.218563 0.692500 0.201796 0.701667 0.174850 0.700833 0.164671 0.663333 0.144910 0.598333 0.129341 0.505000 0.117964
1 0.712500 0.625749 0.702500 0.617365 0.660833 0.619760 0.605833 0.635329 0.557500 0.643713 0.485833 0.663473 0.140000 0.740719 0.121667 0.720958 0.093333 0.723952 0.083333 0.729940 0.080833 0.741916 0.110000 0.814970 0.134167 0.834731 0.163333 0.829940 0.171667 0.822156 0.168333 0.801796 0.180833 0.794611 0.696667 0.672455 0.719167 0.653293
3 0.482500 0.607186 0.455000 0.600000 0.430000 0.608982 0.417500 0.622755 0.432500 0.643713 0.432500 0.652695 0.403333 0.672455 0.395833 0.674251 0.315000 0.733533 0.257500 0.769461 0.226667 0.783832 0.224167 0.791018 0.216667 0.795210 0.215000 0.804192 0.209167 0.811377 0.215000 0.813174 0.240833 0.834132 0.253333 0.840120 0.278333 0.836527 0.310000 0.821557 0.487500 0.702994 0.496667 0.700000 0.519167 0.706587 0.529167 0.706587 0.551667 0.693413 0.555833 0.686228 0.544167 0.661078 0.518333 0.632934
2 0.640000 0.492814 0.625833 0.493413 0.617500 0.497605 0.600833 0.510778 0.591667 0.522754 0.586667 0.537126 0.608333 0.558084 0.608333 0.564072 0.602500 0.568862 0.600833 0.577246 0.569167 0.609581 0.560833 0.626946 0.515000 0.676048 0.508333 0.688623 0.515000 0.700000 0.522500 0.705389 0.553333 0.720359 0.580833 0.728743 0.594167 0.728743 0.609167 0.723353 0.620833 0.714371 0.660833 0.674251 0.664167 0.665868 0.679167 0.651497 0.680833 0.645509 0.699167 0.631737 0.701667 0.625150 0.710000 0.622156 0.715000 0.614970 0.729167 0.613772 0.755833 0.622755 0.773333 0.622156 0.792500 0.609581 0.805833 0.595210 0.808333 0.587425 0.805833 0.573653 0.793333 0.563473 0.721667 0.526946
2 0.808333 0.650898 0.780000 0.649102 0.744167 0.650898 0.726667 0.667066 0.673333 0.726946 0.642500 0.730539 0.630000 0.734731 0.612500 0.746707 0.595000 0.755090 0.587500 0.768862 0.585000 0.783832 0.588333 0.800000 0.601667 0.823952 0.634167 0.850898 0.683333 0.864671 0.720000 0.865868 0.750000 0.858084 0.765000 0.847904 0.779167 0.829341 0.784167 0.815569 0.783333 0.802994 0.772500 0.780838 0.772500 0.770659 0.789167 0.759880 0.795833 0.749102 0.834167 0.707784 0.840833 0.694611 0.842500 0.683832 0.835833 0.670060
4 0.380833 0.640719 0.380000 0.678443 0.394167 0.711976 0.427500 0.741916 0.435833 0.746707 0.448333 0.748503 0.485833 0.746108 0.495000 0.737126 0.503333 0.713772 0.521667 0.702994 0.637500 0.692814 0.709167 0.682635 0.720833 0.672455 0.725000 0.651497 0.718333 0.622755 0.713333 0.614970 0.700000 0.607784 0.673333 0.605389 0.504167 0.620359 0.469167 0.587425 0.455000 0.584431 0.413333 0.588024 0.405000 0.592814 0.391667 0.608383
2 0.150000 0.514970 0.142500 0.518563 0.140000 0.521557 0.137500 0.528144 0.137500 0.533533 0.139167 0.535928 0.149167 0.541916 0.150833 0.547305 0.147500 0.553892 0.148333 0.556886 0.145833 0.560479 0.145833 0.563473 0.141667 0.570060 0.141667 0.572455 0.139167 0.576647 0.140000 0.577246 0.137500 0.581437 0.138333 0.582036 0.136667 0.583234 0.136667 0.589222 0.138333 0.591018 0.144167 0.593413 0.145000 0.592814 0.149167 0.595210 0.151667 0.594611 0.165000 0.597006 0.171667 0.595808 0.175833 0.594012 0.180000 0.589820 0.189167 0.572455 0.189167 0.570060 0.197500 0.553892 0.197500 0.551497 0.201667 0.549701 0.209167 0.548503 0.213333 0.545509 0.217500 0.538323 0.217500 0.532335 0.215000 0.527545 0.205833 0.523353 0.186667 0.519162 0.185833 0.519760 0.175000 0.517365 0.170000 0.517365 0.168333 0.516168 0.167500 0.516766 0.159167 0.514970
2 0.515000 0.364671 0.416667 0.385629 0.311667 0.424551 0.261667 0.447904 0.245000 0.475449 0.250833 0.499401 0.277500 0.526347 0.293333 0.530539 0.322500 0.521557 0.343333 0.539521 0.425833 0.655090 0.447500 0.707186 0.462500 0.726347 0.473333 0.731138 0.500000 0.726946 0.550833 0.709581 0.602500 0.685030 0.609167 0.671257 0.580833 0.600599 0.555000 0.565868 0.527500 0.512575 0.525833 0.499401 0.510000 0.476647 0.515000 0.458683 0.531667 0.452096 0.545000 0.451497 0.569167 0.429341 0.560833 0.404192 0.545833 0.380240
0 0.567500 0.567665 0.553333 0.541916 0.540000 0.534132 0.508333 0.531737 0.476667 0.536527 0.459167 0.528144 0.443333 0.526946 0.429167 0.529940 0.413333 0.537126 0.390833 0.558683 0.287500 0.565269 0.270000 0.569461 0.255000 0.580240 0.253333 0.594611 0.263333 0.611377 0.276667 0.616168 0.303333 0.617365 0.340833 0.613772 0.396667 0.611976 0.404167 0.613772 0.423333 0.630539 0.439167 0.634731 0.450000 0.634731 0.465833 0.631138 0.484167 0.622156 0.499167 0.624551 0.511667 0.622156 0.527500 0.623952 0.548333 0.618563 0.558333 0.611377 0.568333 0.590419
1 0.708333 0.086826 0.661667 0.073653 0.643333 0.086826 0.640000 0.098204 0.661667 0.115569 0.656667 0.126347 0.565833 0.223952 0.538333 0.244910 0.525833 0.262275 0.498333 0.286228 0.440833 0.353892 0.390833 0.401198 0.343333 0.456287 0.340833 0.466467 0.345000 0.472455 0.370833 0.488623 0.389167 0.489820 0.412500 0.477246 0.590833 0.289820 0.635833 0.236527 0.685833 0.191018 0.716667 0.155689 0.730000 0.148503 0.765000 0.152695 0.785833 0.139521 0.787500 0.135329 0.774167 0.121557
3 0.587500 0.481437 0.542500 0.503593 0.485000 0.543713 0.481667 0.556287 0.499167 0.571856 0.506667 0.572455 0.540833 0.559880 0.557500 0.578443 0.569167 0.585030 0.623333 0.636527 0.637500 0.646108 0.690833 0.693413 0.715833 0.709581 0.727500 0.712575 0.750833 0.704790 0.769167 0.691617 0.771667 0.683234 0.768333 0.672455 0.743333 0.650299 0.740833 0.644311 0.714167 0.618563 0.683333 0.594611 0.625000 0.541317 0.610000 0.531138 0.604167 0.520958 0.610833 0.511976 0.618333 0.507186 0.621667 0.500000 0.614167 0.490419 0.600833 0.480240
