1 0.413333 0.291617 0.317500 0.329341 0.305000 0.339521 0.306667 0.352695 0.325000 0.368263 0.353333 0.366467 0.420000 0.461677 0.436667 0.477844 0.464167 0.529341 0.500000 0.581437 0.520833 0.599401 0.535833 0.631138 0.588333 0.705988 0.637500 0.747904 0.653333 0.746707 0.690000 0.731737 0.694167 0.713772 0.620000 0.604192 0.596667 0.579042 0.596667 0.570060 0.433333 0.335329 0.437500 0.327545 0.464167 0.313174 0.450833 0.290419 0.437500 0.286826
0 0.885000 0.525748 0.862500 0.527545 0.851667 0.534132 0.805833 0.574850 0.768333 0.600599 0.765000 0.611377 0.733333 0.634132 0.718333 0.650898 0.699167 0.650299 0.682500 0.643114 0.661667 0.642515 0.656667 0.651497 0.657500 0.666467 0.646667 0.686826 0.618333 0.699401 0.595000 0.720359 0.599167 0.733533 0.632500 0.753892 0.664167 0.768862 0.690000 0.788623 0.708333 0.798204 0.720833 0.795210 0.734167 0.786228 0.749167 0.766467 0.758333 0.746108 0.771667 0.741916 0.794167 0.741317 0.810000 0.732335 0.806667 0.720359 0.789167 0.704192 0.786667 0.696407 0.847500 0.641916 0.865833 0.632934 0.876667 0.618563 0.918333 0.586228 0.927500 0.569461 0.925833 0.557485 0.920833 0.548503
0 0.778333 0.733533 0.737500 0.689222 0.720000 0.679042 0.702500 0.676647 0.673333 0.687425 0.655833 0.698802 0.620833 0.694012 0.615833 0.711377 0.590000 0.732934 0.570833 0.735928 0.558333 0.741916 0.543333 0.743114 0.532500 0.749102 0.518333 0.752096 0.428333 0.792814 0.409167 0.807186 0.404167 0.827545 0.418333 0.858084 0.425000 0.866467 0.440000 0.871856 0.470000 0.866467 0.515000 0.846707 0.609167 0.814970 0.655833 0.795210 0.668333 0.798204 0.676667 0.809581 0.694167 0.820359 0.705000 0.813174 0.720000 0.789820 0.759167 0.789222 0.779167 0.780838 0.790000 0.771257 0.791667 0.758084
3 0.350000 0.308982 0.350000 0.318563 0.360000 0.323353 0.372500 0.325749 0.379167 0.325749 0.392500 0.328743 0.395000 0.328144 0.399167 0.329940 0.407500 0.329940 0.428333 0.334132 0.432500 0.333533 0.436667 0.335329 0.450000 0.336527 0.454167 0.338323 0.458333 0.337725 0.467500 0.340719 0.475833 0.340719 0.481667 0.343713 0.482500 0.351497 0.485000 0.356287 0.495000 0.359281 0.500000 0.359281 0.506667 0.353892 0.516667 0.333533 0.515833 0.329341 0.520000 0.316766 0.518333 0.308383 0.514167 0.305389 0.508333 0.303593 0.500833 0.303593 0.495833 0.307186 0.494167 0.311976 0.489167 0.315569 0.449167 0.310180 0.445000 0.310778 0.444167 0.309581 0.425000 0.307186 0.422500 0.305988 0.415833 0.306587 0.415000 0.305389 0.414167 0.305988 0.410000 0.304192 0.400833 0.304192 0.375833 0.298802 0.358333 0.299401 0.354167 0.302395 0.351667 0.308383
1 0.240000 0.188024 0.222500 0.191617 0.214167 0.202395 0.211667 0.240719 0.226667 0.669461 0.221667 0.676048 0.184167 0.689820 0.181667 0.717964 0.194167 0.728743 0.216667 0.735329 0.302500 0.742515 0.353333 0.731737 0.363333 0.720958 0.364167 0.707186 0.356667 0.688024 0.329167 0.683832 0.319167 0.670060 0.311667 0.429940 0.305833 0.407186 0.305000 0.370659 0.310000 0.360479 0.305833 0.256886 0.297500 0.202395 0.285000 0.189820
2 0.689167 0.229940 0.622500 0.234132 0.596667 0.241317 0.588333 0.249102 0.585833 0.280240 0.591667 0.297605 0.598333 0.359281 0.605833 0.388024 0.600000 0.395210 0.587500 0.397006 0.572500 0.404192 0.563333 0.416766 0.562500 0.427545 0.570000 0.449102 0.587500 0.461078 0.635000 0.464072 0.759167 0.453892 0.780833 0.447305 0.793333 0.435928 0.795833 0.420958 0.791667 0.402994 0.785000 0.393413 0.773333 0.386826 0.736667 0.382036 0.726667 0.376048 0.729167 0.358683 0.720000 0.320359 0.722500 0.311377 0.711667 0.269461 0.710000 0.249701 0.700000 0.234132
2 0.395833 0.303593 0.378333 0.310778 0.356667 0.347305 0.335000 0.416766 0.313333 0.464072 0.306667 0.504790 0.294167 0.509581 0.263333 0.508383 0.243333 0.519760 0.229167 0.538922 0.221667 0.564671 0.225833 0.574850 0.242500 0.588623 0.320833 0.611377 0.435833 0.627545 0.464167 0.634731 0.500833 0.634731 0.525000 0.622156 0.536667 0.604192 0.542500 0.571257 0.532500 0.557485 0.483333 0.536527 0.479167 0.528742 0.491667 0.500000 0.497500 0.465269 0.513333 0.435928 0.526667 0.370659 0.536667 0.345509 0.533333 0.329940 0.513333 0.317365 0.478333 0.315569 0.429167 0.303593
3 0.786667 0.393413 0.755000 0.385030 0.699167 0.398802 0.538333 0.470659 0.392500 0.529341 0.307500 0.550898 0.295000 0.548503 0.274167 0.528742 0.260000 0.524551 0.220000 0.541317 0.210000 0.555090 0.211667 0.582036 0.242500 0.635329 0.290833 0.696407 0.314167 0.714371 0.333333 0.722156 0.360000 0.716766 0.384167 0.705389 0.395833 0.691617 0.377500 0.663473 0.378333 0.638922 0.472500 0.602994 0.575833 0.555090 0.776667 0.471856 0.800833 0.443114
1 0.075000 0.641317 0.059167 0.724551 0.070833 0.755090 0.085000 0.760479 0.125000 0.762874 0.146667 0.740120 0.172500 0.734132 0.858333 0.826347 0.886667 0.825150 0.904167 0.804192 0.908333 0.770659 0.879167 0.760479 0.276667 0.678443 0.185833 0.662275 0.166667 0.655689 0.157500 0.623952 0.143333 0.616766 0.103333 0.615569
2 0.485833 0.365269 0.447500 0.382635 0.384167 0.426347 0.350000 0.454491 0.343333 0.463473 0.342500 0.479042 0.353333 0.492814 0.381667 0.508982 0.399167 0.510180 0.410833 0.507784 0.435833 0.497006 0.446667 0.496407 0.460000 0.510778 0.471667 0.516766 0.491667 0.532934 0.502500 0.537725 0.506667 0.544910 0.575833 0.591617 0.595000 0.597605 0.609167 0.595808 0.629167 0.579641 0.635833 0.577844 0.656667 0.562874 0.669167 0.548503 0.671667 0.535928 0.646667 0.509581 0.629167 0.500000 0.562500 0.449701 0.534167 0.432335 0.532500 0.424551 0.541667 0.415569 0.545833 0.403593 0.543333 0.391018 0.531667 0.379641 0.507500 0.367066
3 0.109167 0.368862 0.094167 0.396407 0.095833 0.414970 0.120000 0.434132 0.158333 0.437126 0.175833 0.430539 0.192500 0.417365 0.212500 0.414371 0.334167 0.468862 0.349167 0.480838 0.368333 0.485629 0.423333 0.513174 0.467500 0.529940 0.582500 0.585629 0.600833 0.590419 0.622500 0.589222 0.637500 0.580838 0.672500 0.546707 0.675833 0.537126 0.667500 0.521557 0.608333 0.485629 0.541667 0.464072 0.479167 0.437126 0.440833 0.414970 0.373333 0.390419 0.312500 0.359880 0.288333 0.334731 0.298333 0.305988 0.295000 0.288623 0.269167 0.273054 0.242500 0.273653 0.208333 0.283234 0.183333 0.307784 0.150833 0.326347
3 0.654167 0.556886 0.627500 0.551497 0.586667 0.562874 0.513333 0.602395 0.433333 0.658683 0.300833 0.725150 0.268333 0.749102 0.254167 0.750898 0.217500 0.734132 0.187500 0.737725 0.165000 0.752096 0.157500 0.770060 0.176667 0.807784 0.220833 0.849102 0.246667 0.866467 0.252500 0.876048 0.285833 0.897605 0.318333 0.904790 0.356667 0.889820 0.370000 0.871856 0.347500 0.834132 0.354167 0.822755 0.374167 0.814371 0.450000 0.762275 0.536667 0.721557 0.683333 0.631737 0.696667 0.613772 0.695000 0.597605 0.686667 0.583832
4 0.335000 0.885629 0.322500 0.879641 0.312500 0.877844 0.297500 0.883234 0.294167 0.886228 0.295833 0.894012 0.295000 0.903593 0.276667 0.911377 0.275000 0.910778 0.260833 0.916168 0.259167 0.915569 0.241667 0.922754 0.238333 0.922754 0.233333 0.925749 0.228333 0.926946 0.221667 0.931138 0.220833 0.930539 0.220000 0.932934 0.217500 0.934132 0.215833 0.941916 0.222500 0.954491 0.226667 0.958683 0.233333 0.962275 0.245833 0.961078 0.255000 0.958683 0.262500 0.955090 0.265000 0.955090 0.271667 0.951497 0.272500 0.952096 0.277500 0.949701 0.280833 0.949701 0.288333 0.946108 0.296667 0.943713 0.297500 0.944311 0.303333 0.941317 0.306667 0.941317 0.313333 0.938323 0.323333 0.940719 0.327500 0.944311 0.335833 0.947305 0.343333 0.947305 0.359167 0.941317 0.360000 0.922156 0.357500 0.918563 0.355000 0.911976 0.355833 0.911377 0.350833 0.906587 0.350833 0.904192 0.345833 0.899401 0.346667 0.898204
2 0.257500 0.340120 0.210000 0.372455 0.142500 0.443713 0.108333 0.485629 0.100000 0.505988 0.105000 0.525748 0.123333 0.541317 0.170000 0.558683 0.195000 0.556886 0.240000 0.531138 0.255833 0.528144 0.280000 0.545509 0.331667 0.569461 0.348333 0.573653 0.360000 0.583832 0.470000 0.631737 0.492500 0.635928 0.512500 0.632934 0.525000 0.624551 0.535833 0.606587 0.570000 0.574251 0.580000 0.555689 0.579167 0.536527 0.535000 0.505389 0.506667 0.495808 0.394167 0.439521 0.349167 0.422156 0.344167 0.411377 0.352500 0.400000 0.355000 0.382036 0.344167 0.362874 0.320833 0.347904 0.282500 0.337725
3 0.293333 0.443114 0.280833 0.444311 0.275833 0.447904 0.265000 0.467665 0.271667 0.476647 0.288333 0.482635 0.299167 0.491617 0.299167 0.502395 0.289167 0.516766 0.262500 0.574850 0.237500 0.610778 0.226667 0.634731 0.205000 0.668263 0.190833 0.702395 0.192500 0.720958 0.225833 0.738922 0.245833 0.735928 0.265000 0.717365 0.323333 0.611976 0.359167 0.554491 0.390000 0.522156 0.399167 0.520359 0.422500 0.525150 0.428333 0.522754 0.438333 0.505389 0.435833 0.493413 0.412500 0.479641 0.358333 0.459281 0.322500 0.448503
3 0.666667 0.473054 0.640000 0.478443 0.604167 0.522156 0.593333 0.553892 0.558333 0.597006 0.550000 0.613772 0.525000 0.639521 0.499167 0.686228 0.468333 0.727545 0.437500 0.743114 0.380833 0.744311 0.360833 0.761677 0.360833 0.781437 0.375833 0.805988 0.407500 0.820359 0.430833 0.838323 0.480833 0.861677 0.516667 0.870060 0.534167 0.871257 0.557500 0.866467 0.576667 0.847305 0.577500 0.821557 0.546667 0.800000 0.545000 0.787425 0.570000 0.759281 0.579167 0.738323 0.604167 0.704790 0.618333 0.694012 0.622500 0.681437 0.656667 0.639521 0.671667 0.611976 0.690000 0.592216 0.734167 0.526946 0.736667 0.507784 0.725833 0.496407
3 0.660833 0.162874 0.640833 0.133533 0.627500 0.131737 0.602500 0.136527 0.598333 0.146108 0.596667 0.165269 0.585833 0.169461 0.314167 0.194012 0.299167 0.200000 0.290000 0.207784 0.293333 0.235928 0.301667 0.245509 0.323333 0.250898 0.338333 0.251497 0.425833 0.241916 0.470833 0.239521 0.512500 0.233533 0.545833 0.232335 0.595000 0.223952 0.606667 0.229341 0.621667 0.255090 0.655000 0.252695 0.662500 0.244910 0.666667 0.230539 0.666667 0.197006
3 0.853333 0.431138 0.827500 0.415569 0.808333 0.413772 0.790833 0.419162 0.778333 0.434731 0.778333 0.444910 0.784167 0.455090 0.783333 0.465868 0.745000 0.482635 0.705000 0.505389 0.688333 0.510180 0.681667 0.516168 0.640833 0.533533 0.620833 0.546707 0.548333 0.579042 0.535000 0.589222 0.527500 0.601198 0.529167 0.608383 0.554167 0.635928 0.573333 0.640719 0.586667 0.632934 0.615833 0.622755 0.658333 0.595808 0.749167 0.555689 0.763333 0.544311 0.777500 0.541317 0.793333 0.531737 0.814167 0.523952 0.830833 0.521557 0.851667 0.531138 0.869167 0.534731 0.885000 0.529341 0.895833 0.517365 0.899167 0.497006 0.883333 0.474252 0.878333 0.458683
1 0.724167 0.580240 0.715000 0.575449 0.700833 0.577246 0.661667 0.589222 0.645000 0.592216 0.609167 0.603593 0.597500 0.605389 0.590833 0.608383 0.575000 0.611377 0.550833 0.619162 0.515000 0.627545 0.512500 0.626946 0.505000 0.619162 0.494167 0.621557 0.492500 0.625150 0.493333 0.630539 0.498333 0.636527 0.508333 0.659281 0.510833 0.661078 0.518333 0.661078 0.524167 0.657485 0.522500 0.649102 0.525000 0.646707 0.542500 0.644311 0.595000 0.626946 0.620000 0.622156 0.626667 0.619162 0.660000 0.611377 0.664167 0.608982 0.685000 0.604790 0.699167 0.599401 0.720000 0.595210 0.726667 0.589820
0 0.830000 0.188024 0.818333 0.195210 0.803333 0.200599 0.796667 0.211377 0.811667 0.262275 0.812500 0.276048 0.824167 0.291617 0.830000 0.314970 0.830000 0.322755 0.810833 0.334731 0.804167 0.345509 0.803333 0.355689 0.808333 0.363473 0.827500 0.371856 0.828333 0.380838 0.823333 0.397605 0.832500 0.414371 0.850000 0.423353 0.885833 0.422754 0.946667 0.408982 0.967500 0.398802 0.973333 0.389820 0.973333 0.379641 0.964167 0.364671 0.959167 0.360479 0.949167 0.357485 0.960833 0.334731 0.961667 0.326946 0.956667 0.317365 0.941667 0.313174 0.923333 0.312575 0.912500 0.304790 0.906667 0.285629 0.901667 0.280240 0.880000 0.211976 0.865000 0.189820 0.854167 0.187425
3 0.487500 0.155689 0.430833 0.135928 0.405000 0.140120 0.384167 0.157485 0.187500 0.382036 0.170833 0.389222 0.122500 0.378443 0.100833 0.391617 0.088333 0.416766 0.090000 0.425748 0.100833 0.434731 0.153333 0.464671 0.214167 0.485030 0.272500 0.495808 0.285000 0.494012 0.297500 0.486228 0.310833 0.461677 0.310833 0.434132 0.325833 0.407186 0.362500 0.361677 0.370833 0.344311 0.382500 0.335329 0.390833 0.315569 0.410000 0.298802 0.439167 0.256886 0.462500 0.235928 0.482500 0.210180 0.495833 0.171257 0.494167 0.161677
2 0.595000 0.082036 0.586667 0.078443 0.570833 0.083832 0.541667 0.082635 0.509167 0.086228 0.468333 0.099401 0.446667 0.102994 0.423333 0.113772 0.408333 0.114970 0.337500 0.135329 0.320833 0.135329 0.305000 0.117365 0.281667 0.113772 0.254167 0.119760 0.221667 0.135928 0.215833 0.144311 0.219167 0.165269 0.235833 0.195210 0.244167 0.220958 0.284167 0.288024 0.295000 0.323952 0.309167 0.334731 0.345000 0.331737 0.390833 0.312575 0.395000 0.301796 0.386667 0.268263 0.393333 0.259880 0.462500 0.241916 0.495833 0.229341 0.530000 0.222156 0.543333 0.215569 0.556667 0.214371 0.570000 0.207784 0.600000 0.201796 0.614167 0.195210 0.622500 0.195210 0.648333 0.182635 0.651667 0.177844 0.649167 0.164671 0.630833 0.125150 0.613333 0.099401
3 0.678333 0.289820 0.645833 0.269461 0.613333 0.265269 0.585833 0.272455 0.286667 0.427545 0.247500 0.455090 0.213333 0.444311 0.184167 0.428743 0.156667 0.433533 0.129167 0.453892 0.135000 0.471257 0.129167 0.488024 0.132500 0.505389 0.161667 0.537725 0.229167 0.587425 0.273333 0.604192 0.300000 0.601796 0.331667 0.579641 0.335000 0.553892 0.327500 0.533533 0.331667 0.523952 0.512500 0.432335 0.662500 0.348503 0.692500 0.318563
