3 0.617500 0.706587 0.608333 0.702994 0.594167 0.702395 0.560833 0.714371 0.502500 0.750898 0.496667 0.758084 0.465833 0.780240 0.445833 0.789222 0.420833 0.808982 0.398333 0.817964 0.385833 0.827545 0.355000 0.823952 0.338333 0.826347 0.325833 0.835329 0.318333 0.846108 0.319167 0.859281 0.326667 0.876048 0.343333 0.882036 0.350833 0.892216 0.378333 0.910778 0.423333 0.922754 0.439167 0.922156 0.447500 0.917964 0.462500 0.904192 0.461667 0.885030 0.450833 0.872455 0.460833 0.868263 0.470000 0.858683 0.481667 0.854491 0.487500 0.846108 0.509167 0.832934 0.518333 0.823952 0.528333 0.819761 0.592500 0.771257 0.622500 0.754491 0.634167 0.738323 0.636667 0.724551
3 0.387500 0.261078 0.357500 0.263473 0.335000 0.280838 0.317500 0.322156 0.282500 0.520958 0.263333 0.574251 0.260000 0.625749 0.245000 0.637126 0.198333 0.644311 0.186667 0.685629 0.196667 0.701198 0.231667 0.714371 0.324167 0.734132 0.370000 0.737126 0.430833 0.735329 0.459167 0.726347 0.470833 0.712575 0.475833 0.684431 0.472500 0.673653 0.413333 0.652096 0.402500 0.639521 0.421667 0.570060 0.418333 0.557485 0.454167 0.371856 0.478333 0.317365 0.467500 0.304192 0.470000 0.291018 0.458333 0.279042 0.461667 0.268862
3 0.300000 0.240719 0.300000 0.262874 0.308333 0.297006 0.322500 0.319162 0.330000 0.323353 0.351667 0.323353 0.360000 0.320958 0.365833 0.316766 0.380000 0.297006 0.387500 0.293413 0.524167 0.292216 0.630833 0.287425 0.646667 0.282635 0.651667 0.278443 0.655833 0.265868 0.648333 0.247904 0.643333 0.242515 0.630000 0.237126 0.567500 0.235329 0.472500 0.238922 0.401667 0.238922 0.376667 0.241317 0.369167 0.238323 0.362500 0.223952 0.355833 0.216766 0.342500 0.213174 0.318333 0.215569 0.315000 0.226347
3 0.440833 0.485629 0.403333 0.494611 0.391667 0.510180 0.394167 0.535928 0.404167 0.547904 0.448333 0.559281 0.457500 0.572455 0.450833 0.603593 0.455833 0.667066 0.450000 0.678443 0.446667 0.736527 0.450833 0.773653 0.442500 0.816766 0.444167 0.873054 0.447500 0.883832 0.461667 0.894611 0.503333 0.901198 0.535000 0.901198 0.547500 0.897006 0.561667 0.883234 0.570833 0.834731 0.560000 0.799401 0.562500 0.727545 0.571667 0.702395 0.565833 0.669461 0.572500 0.627545 0.570833 0.600000 0.589167 0.572455 0.624167 0.566467 0.641667 0.559281 0.648333 0.533533 0.640000 0.519760 0.605833 0.502994 0.568333 0.500000 0.519167 0.488623
3 0.368333 0.646108 0.336667 0.638323 0.316667 0.641317 0.300833 0.652096 0.295000 0.662275 0.295833 0.673054 0.313333 0.689222 0.319167 0.702994 0.262500 0.767066 0.248333 0.776647 0.244167 0.786228 0.215833 0.813174 0.203333 0.832335 0.146667 0.888623 0.137500 0.904790 0.135833 0.918563 0.158333 0.936527 0.185833 0.949102 0.207500 0.944910 0.241667 0.914371 0.266667 0.875449 0.300833 0.838922 0.321667 0.822755 0.341667 0.791617 0.360000 0.777844 0.374167 0.758683 0.401667 0.745509 0.443333 0.751497 0.454167 0.747305 0.465833 0.736527 0.466667 0.717365 0.457500 0.700599 0.430833 0.686228 0.412500 0.668263
4 0.315833 0.605988 0.306667 0.643713 0.313333 0.686826 0.334167 0.749701 0.355833 0.792216 0.376667 0.813174 0.400833 0.826946 0.435833 0.826946 0.474167 0.821557 0.488333 0.814970 0.485000 0.758683 0.490000 0.750898 0.515000 0.756886 0.565833 0.750299 0.617500 0.738323 0.708333 0.726946 0.755833 0.717964 0.777500 0.709581 0.785000 0.700000 0.777500 0.684431 0.774167 0.649102 0.758333 0.618563 0.743333 0.602395 0.723333 0.597605 0.694167 0.597006 0.679167 0.604192 0.622500 0.614970 0.600000 0.614970 0.555000 0.628743 0.518333 0.631138 0.460833 0.642515 0.450833 0.639521 0.440833 0.629940 0.435000 0.614970 0.406667 0.595808 0.350833 0.595808
0 0.609167 0.575449 0.601667 0.582635 0.602500 0.583234 0.600833 0.586228 0.602500 0.588623 0.615833 0.597605 0.616667 0.597006 0.651667 0.617365 0.652500 0.618563 0.650833 0.621557 0.650833 0.626347 0.653333 0.629940 0.657500 0.632335 0.660833 0.632934 0.665833 0.631737 0.672500 0.636527 0.674167 0.636527 0.682500 0.640719 0.685000 0.640719 0.690000 0.638323 0.698333 0.631138 0.698333 0.629940 0.704167 0.625150 0.704167 0.623952 0.712500 0.615569 0.708333 0.610778 0.700833 0.605988 0.695000 0.604192 0.690833 0.601198 0.691667 0.600599 0.686667 0.595210 0.685833 0.595808 0.684167 0.594611 0.677500 0.594611 0.669167 0.598802 0.666667 0.598802 0.654167 0.591018 0.652500 0.591018 0.618333 0.573054 0.614167 0.573054
2 0.368333 0.150898 0.358333 0.159281 0.327500 0.200599 0.319167 0.225150 0.320833 0.234132 0.342500 0.247904 0.381667 0.265269 0.422500 0.279042 0.441667 0.289222 0.515000 0.317365 0.521667 0.325150 0.517500 0.341916 0.520833 0.354491 0.546667 0.371856 0.577500 0.379641 0.596667 0.376048 0.630833 0.349102 0.677500 0.292814 0.680000 0.284431 0.708333 0.244910 0.710833 0.228144 0.705833 0.219760 0.691667 0.209581 0.673333 0.201796 0.644167 0.197006 0.623333 0.202994 0.602500 0.220359 0.590833 0.223353 0.584167 0.222156 0.539167 0.201198 0.507500 0.191617 0.497500 0.185030 0.401667 0.151497 0.377500 0.149102
0 0.195833 0.658683 0.183333 0.684431 0.185000 0.692814 0.194167 0.705988 0.238333 0.719760 0.258333 0.723353 0.270833 0.728743 0.286667 0.730539 0.310833 0.739521 0.343333 0.761677 0.351667 0.775449 0.361667 0.784431 0.380833 0.785629 0.415833 0.778443 0.427500 0.793413 0.436667 0.798802 0.450000 0.802994 0.464167 0.803593 0.480000 0.798802 0.501667 0.777246 0.520833 0.730539 0.520833 0.711976 0.512500 0.700599 0.479167 0.691617 0.464167 0.694611 0.447500 0.685030 0.439167 0.676048 0.427500 0.671856 0.410833 0.673054 0.385000 0.686826 0.370833 0.689222 0.323333 0.676048 0.309167 0.674251 0.230833 0.651497 0.216667 0.650898
1 0.330833 0.167066 0.289167 0.174251 0.269167 0.216766 0.257500 0.825150 0.244167 0.834731 0.194167 0.847305 0.188333 0.880240 0.191667 0.888623 0.224167 0.904790 0.292500 0.914371 0.405000 0.912575 0.434167 0.891617 0.435833 0.861078 0.427500 0.849701 0.387500 0.842515 0.376667 0.832934 0.388333 0.204192 0.370833 0.176048
2 0.634167 0.168263 0.601667 0.162275 0.586667 0.164072 0.561667 0.174850 0.544167 0.186826 0.534167 0.202395 0.534167 0.213174 0.546667 0.232335 0.543333 0.241317 0.500833 0.264671 0.488333 0.276647 0.418333 0.308383 0.400833 0.321557 0.384167 0.326347 0.361667 0.341916 0.317500 0.364072 0.315833 0.373653 0.384167 0.439521 0.414167 0.443114 0.440000 0.438323 0.495833 0.405389 0.659167 0.335329 0.681667 0.345509 0.693333 0.364671 0.713333 0.368862 0.727500 0.367665 0.774167 0.348503 0.789167 0.320958 0.774167 0.291617 0.712500 0.228743
3 0.363333 0.584431 0.341667 0.580838 0.323333 0.582036 0.300833 0.608982 0.300833 0.622755 0.329167 0.635928 0.345833 0.653293 0.299167 0.710180 0.250833 0.781437 0.230833 0.802994 0.162500 0.897006 0.162500 0.925150 0.190000 0.943114 0.201667 0.955689 0.228333 0.952695 0.261667 0.924551 0.335000 0.820359 0.400000 0.737126 0.450000 0.694611 0.460000 0.692814 0.485000 0.700599 0.498333 0.698802 0.516667 0.673054 0.513333 0.660479 0.491667 0.640120 0.432500 0.610180
3 0.413333 0.516168 0.353333 0.521557 0.346667 0.529341 0.340000 0.551497 0.350000 0.562275 0.380000 0.576048 0.384167 0.588623 0.370000 0.617964 0.294167 0.829940 0.300000 0.848503 0.315000 0.858084 0.326667 0.857485 0.348333 0.864072 0.370000 0.863473 0.390000 0.847305 0.399167 0.834731 0.437500 0.741317 0.462500 0.661078 0.485000 0.616766 0.485833 0.601796 0.495000 0.598802 0.532500 0.598802 0.544167 0.594611 0.554167 0.570659 0.554167 0.564072 0.545000 0.555090 0.520833 0.541916 0.476667 0.528144
4 0.465000 0.277246 0.421667 0.274251 0.402500 0.278443 0.365833 0.309581 0.357500 0.323353 0.360833 0.338323 0.419167 0.375449 0.419167 0.383234 0.367500 0.418563 0.363333 0.431138 0.339167 0.463473 0.326667 0.470659 0.260833 0.546707 0.250833 0.568263 0.259167 0.582036 0.277500 0.588024 0.294167 0.599401 0.370000 0.625749 0.397500 0.626347 0.416667 0.619162 0.426667 0.610778 0.460000 0.558084 0.480000 0.546108 0.507500 0.501198 0.537500 0.468862 0.550000 0.447904 0.565833 0.443713 0.609167 0.449701 0.654167 0.445509 0.675000 0.434132 0.701667 0.401198 0.693333 0.386228 0.666667 0.361677 0.631667 0.339521 0.529167 0.295210
0 0.180000 0.356287 0.173333 0.355689 0.155833 0.362275 0.152500 0.364671 0.143333 0.367665 0.141667 0.369461 0.134167 0.371856 0.132500 0.373653 0.128333 0.374850 0.121667 0.379042 0.111667 0.376048 0.105833 0.376048 0.100000 0.378443 0.097500 0.380838 0.096667 0.384431 0.086667 0.387425 0.080833 0.391018 0.081667 0.392814 0.080000 0.394012 0.087500 0.405389 0.090000 0.406587 0.092500 0.410778 0.102500 0.417964 0.105833 0.418563 0.125000 0.410180 0.131667 0.410778 0.133333 0.409581 0.135833 0.409581 0.140833 0.403593 0.139167 0.399401 0.139167 0.395808 0.140833 0.395210 0.140000 0.394611 0.155833 0.387425 0.157500 0.385629 0.163333 0.383832 0.170000 0.379641 0.176667 0.377246 0.177500 0.376048 0.181667 0.374850 0.186667 0.371257 0.188333 0.368862 0.187500 0.364072
3 0.560833 0.256287 0.527500 0.286228 0.497500 0.320958 0.484167 0.355090 0.484167 0.364671 0.491667 0.370659 0.524167 0.381437 0.561667 0.356886 0.569167 0.356886 0.818333 0.464072 0.855000 0.482635 0.890000 0.488024 0.899167 0.487425 0.926667 0.459880 0.932500 0.445509 0.915000 0.424551 0.649167 0.307186 0.630000 0.304192 0.621667 0.297605 0.619167 0.289222 0.631667 0.264671 0.632500 0.255689 0.597500 0.240120 0.580000 0.244311
1 0.137500 0.391617 0.074167 0.458683 0.070000 0.473054 0.081667 0.482036 0.109167 0.492216 0.138333 0.473653 0.152500 0.474850 0.695833 0.772455 0.731667 0.780240 0.756667 0.765269 0.770833 0.740120 0.738333 0.709581 0.632500 0.657485 0.527500 0.594012 0.210833 0.426946 0.203333 0.413772 0.214167 0.383234 0.194167 0.365269 0.173333 0.367066
0 0.785000 0.921557 0.780833 0.919760 0.729167 0.931138 0.726667 0.930539 0.720000 0.925150 0.714167 0.924551 0.705833 0.930539 0.697500 0.930539 0.692500 0.932335 0.691667 0.931737 0.688333 0.933533 0.688333 0.939521 0.691667 0.945509 0.691667 0.949102 0.698333 0.961078 0.702500 0.963473 0.706667 0.962275 0.708333 0.962874 0.720000 0.958084 0.729167 0.959880 0.734167 0.956287 0.734167 0.951497 0.737500 0.948503 0.748333 0.944910 0.750000 0.945509 0.754167 0.943713 0.755000 0.944311 0.761667 0.941916 0.765000 0.941916 0.769167 0.940120 0.772500 0.940120 0.780833 0.937126 0.781667 0.937725 0.787500 0.935928 0.790833 0.933533 0.790833 0.930539
2 0.680833 0.408383 0.654167 0.408982 0.607500 0.416766 0.545833 0.434731 0.536667 0.446707 0.543333 0.513174 0.551667 0.543114 0.560000 0.555090 0.562500 0.581437 0.571667 0.606587 0.570833 0.624551 0.579167 0.644910 0.568333 0.662874 0.539167 0.664671 0.510000 0.682635 0.519167 0.731138 0.545000 0.750898 0.600000 0.749701 0.645000 0.744311 0.780000 0.715569 0.807500 0.706587 0.830833 0.682635 0.830833 0.656886 0.813333 0.629940 0.800000 0.623952 0.769167 0.628144 0.747500 0.596407 0.730000 0.553293 0.725833 0.529341 0.705833 0.487425 0.699167 0.434731 0.690000 0.414970
