1 0.403333 0.054491 0.236667 0.109581 0.214167 0.126347 0.215000 0.146707 0.243333 0.174251 0.289167 0.172455 0.380000 0.328144 0.408333 0.361078 0.445833 0.447904 0.500833 0.543114 0.527500 0.568263 0.549167 0.623952 0.621667 0.746707 0.667500 0.798802 0.696667 0.819162 0.717500 0.819162 0.780000 0.800000 0.791667 0.789222 0.793333 0.767665 0.684167 0.574850 0.655000 0.540120 0.655833 0.524551 0.425000 0.127545 0.434167 0.115569 0.478333 0.094611 0.467500 0.064072 0.440000 0.049701
1 0.123333 0.471856 0.107500 0.489820 0.112500 0.502395 0.129167 0.517365 0.161667 0.513174 0.175000 0.517964 0.467500 0.859880 0.496667 0.880240 0.524167 0.875449 0.545833 0.859880 0.543333 0.840120 0.460000 0.737126 0.240833 0.485030 0.239167 0.475449 0.260833 0.455689 0.250000 0.437126 0.235833 0.431737 0.198333 0.433533
0 0.375000 0.140120 0.367500 0.172455 0.366667 0.226347 0.373333 0.243713 0.389167 0.252695 0.425833 0.254491 0.450833 0.259281 0.481667 0.272455 0.497500 0.265868 0.499167 0.256287 0.507500 0.247305 0.524167 0.241317 0.585833 0.250299 0.602500 0.248503 0.625000 0.253293 0.666667 0.254491 0.713333 0.265868 0.750833 0.256886 0.766667 0.244910 0.775000 0.200000 0.756667 0.189222 0.523333 0.170659 0.514167 0.167665 0.504167 0.138922 0.492500 0.130539 0.478333 0.132934 0.468333 0.141916 0.455833 0.143114 0.427500 0.131737 0.414167 0.129940 0.390000 0.130539
3 0.086667 0.201198 0.086667 0.208982 0.075833 0.216766 0.071667 0.229341 0.077500 0.238922 0.093333 0.249102 0.149167 0.270060 0.319167 0.323353 0.324167 0.326347 0.324167 0.335928 0.330833 0.352096 0.350833 0.364072 0.358333 0.364072 0.375000 0.358683 0.392500 0.345509 0.410833 0.321557 0.424167 0.288623 0.421667 0.266467 0.412500 0.256287 0.385833 0.251497 0.360000 0.266467 0.345833 0.268263 0.264167 0.241916 0.248333 0.239521 0.224167 0.229940 0.157500 0.210778 0.130000 0.200599 0.095000 0.197006
0 0.724167 0.167066 0.670000 0.165868 0.642500 0.171856 0.635833 0.187425 0.639167 0.202994 0.628333 0.211976 0.626667 0.216766 0.632500 0.232934 0.645000 0.238922 0.649167 0.246108 0.646667 0.250299 0.648333 0.259281 0.628333 0.300599 0.628333 0.307784 0.623333 0.319162 0.620000 0.346707 0.623333 0.358683 0.636667 0.373054 0.648333 0.377246 0.658333 0.377246 0.676667 0.382036 0.694167 0.376647 0.700833 0.364072 0.702500 0.343114 0.710000 0.318563 0.711667 0.298802 0.720000 0.274251 0.722500 0.253293 0.733333 0.245509 0.746667 0.246108 0.763333 0.240120 0.756667 0.223952 0.743333 0.214371 0.764167 0.198204 0.766667 0.191617 0.764167 0.179641 0.760000 0.175449 0.750000 0.171856
3 0.111667 0.239521 0.123333 0.261078 0.133333 0.267665 0.152500 0.268862 0.166667 0.265868 0.174167 0.261078 0.181667 0.241916 0.192500 0.234132 0.275000 0.229341 0.295833 0.231737 0.303333 0.229341 0.380000 0.225150 0.456667 0.225150 0.479167 0.220359 0.489167 0.215569 0.495000 0.194012 0.492500 0.175449 0.478333 0.167665 0.426667 0.165269 0.381667 0.173054 0.335000 0.174251 0.303333 0.172455 0.270833 0.176647 0.240833 0.175449 0.211667 0.177844 0.188333 0.171257 0.173333 0.147904 0.162500 0.144910 0.146667 0.145509 0.131667 0.152695 0.119167 0.167066 0.118333 0.188623 0.110833 0.203593
3 0.396667 0.543114 0.386667 0.552695 0.380833 0.568263 0.385833 0.582036 0.403333 0.601796 0.552500 0.704192 0.592500 0.743713 0.625000 0.765269 0.639167 0.788623 0.640833 0.805389 0.670833 0.835329 0.659167 0.852096 0.662500 0.863473 0.689167 0.888024 0.711667 0.893413 0.762500 0.879641 0.823333 0.847305 0.846667 0.841317 0.850000 0.833533 0.864167 0.825749 0.902500 0.787425 0.896667 0.768862 0.876667 0.751497 0.845000 0.742515 0.802500 0.756287 0.782500 0.751497 0.761667 0.729940 0.745000 0.717964 0.721667 0.709581 0.710000 0.696407 0.665833 0.670659 0.625000 0.634132 0.585000 0.608383 0.568333 0.589820 0.551667 0.583832 0.512500 0.550898 0.478333 0.529940 0.445833 0.523952
3 0.735000 0.464072 0.714167 0.447904 0.663333 0.444910 0.567500 0.454491 0.556667 0.459281 0.542500 0.459281 0.510000 0.466467 0.472500 0.467066 0.430833 0.475449 0.395833 0.473653 0.375000 0.477844 0.340833 0.456287 0.325000 0.452695 0.300833 0.456886 0.285000 0.463473 0.272500 0.478443 0.265000 0.502395 0.276667 0.514970 0.274167 0.529341 0.280833 0.539521 0.286667 0.562874 0.323333 0.597605 0.340000 0.604192 0.353333 0.603593 0.381667 0.596407 0.399167 0.575449 0.400000 0.556886 0.414167 0.557485 0.429167 0.552695 0.449167 0.553892 0.477500 0.544910 0.500833 0.544311 0.515833 0.539521 0.531667 0.540120 0.644167 0.520359 0.661667 0.520958 0.676667 0.516766 0.692500 0.517964 0.721667 0.505988 0.736667 0.494611 0.739167 0.485030
3 0.507500 0.445509 0.454167 0.456287 0.420000 0.468263 0.394167 0.488024 0.387500 0.503593 0.400000 0.528144 0.462500 0.539521 0.549167 0.804192 0.566667 0.828743 0.578333 0.835329 0.593333 0.837126 0.645000 0.825749 0.659167 0.810778 0.662500 0.798802 0.594167 0.565868 0.578333 0.528144 0.583333 0.514371 0.625833 0.491018 0.629167 0.473054 0.619167 0.453892 0.585833 0.444910
1 0.941667 0.477844 0.928333 0.454491 0.886667 0.445509 0.146667 0.504790 0.124167 0.500599 0.101667 0.472455 0.074167 0.466467 0.051667 0.471856 0.045833 0.486826 0.050833 0.560479 0.066667 0.612575 0.078333 0.622156 0.096667 0.622755 0.125833 0.617365 0.134167 0.585629 0.152500 0.577246 0.338333 0.561677 0.525000 0.553293 0.910000 0.519760 0.934167 0.508982
0 0.585000 0.440120 0.540000 0.441317 0.525000 0.449102 0.520000 0.467066 0.528333 0.498802 0.528333 0.525748 0.534167 0.539521 0.543333 0.626347 0.537500 0.634132 0.519167 0.635928 0.500833 0.643114 0.528333 0.674251 0.513333 0.697006 0.515000 0.710778 0.524167 0.724551 0.539167 0.732335 0.583333 0.732934 0.635000 0.721557 0.657500 0.719760 0.676667 0.711377 0.685833 0.698802 0.684167 0.679641 0.675000 0.661677 0.687500 0.641317 0.682500 0.633533 0.664167 0.620958 0.649167 0.617964 0.645000 0.610180 0.649167 0.595210 0.643333 0.585629 0.653333 0.567066 0.652500 0.548503 0.635000 0.468862 0.619167 0.450299 0.600833 0.442515
0 0.362500 0.082036 0.357500 0.082635 0.354167 0.085030 0.350833 0.089222 0.350833 0.093413 0.344167 0.097006 0.342500 0.100000 0.344167 0.102395 0.345833 0.110180 0.326667 0.134132 0.327500 0.134731 0.324167 0.137126 0.325000 0.141916 0.329167 0.143114 0.333333 0.146707 0.337500 0.147904 0.344167 0.144910 0.346667 0.140719 0.348333 0.140120 0.351667 0.134731 0.357500 0.129341 0.365000 0.119760 0.378333 0.116168 0.382500 0.112575 0.382500 0.105988 0.387500 0.104192 0.392500 0.100000 0.392500 0.095808 0.389167 0.091617 0.384167 0.088623
0 0.547500 0.828144 0.541667 0.828743 0.538333 0.831737 0.535833 0.837725 0.527500 0.849701 0.527500 0.852096 0.525833 0.852695 0.525000 0.856287 0.523333 0.856886 0.523333 0.858683 0.515833 0.870060 0.504167 0.870060 0.499167 0.873054 0.500833 0.881437 0.499167 0.885030 0.496667 0.886228 0.491667 0.894012 0.491667 0.896407 0.493333 0.898204 0.512500 0.902395 0.516667 0.905389 0.519167 0.905389 0.520000 0.906587 0.528333 0.908383 0.531667 0.908383 0.536667 0.902395 0.538333 0.896407 0.548333 0.889820 0.549167 0.887425 0.547500 0.883832 0.539167 0.877844 0.545000 0.870659 0.549167 0.860479 0.550833 0.859880 0.551667 0.856886 0.555833 0.851497 0.561667 0.838922 0.561667 0.834132 0.556667 0.831138
3 0.085000 0.635928 0.075833 0.649701 0.071667 0.673653 0.097500 0.694611 0.115833 0.695210 0.145833 0.681437 0.160000 0.685629 0.197500 0.717365 0.356667 0.835329 0.385000 0.852695 0.406667 0.858683 0.421667 0.858084 0.451667 0.843114 0.463333 0.829940 0.465000 0.822755 0.451667 0.802994 0.409167 0.769461 0.314167 0.704790 0.236667 0.643114 0.235000 0.632934 0.246667 0.617365 0.237500 0.605988 0.235833 0.591617 0.228333 0.583832 0.210833 0.578443 0.190833 0.581437 0.180000 0.587425 0.162500 0.591018 0.132500 0.604790
3 0.330000 0.128743 0.311667 0.145509 0.305833 0.167066 0.322500 0.364072 0.319167 0.395210 0.305833 0.425150 0.309167 0.455090 0.264167 0.467066 0.260000 0.474850 0.263333 0.500599 0.275000 0.510778 0.332500 0.518563 0.366667 0.514371 0.480000 0.513772 0.512500 0.501796 0.511667 0.466467 0.491667 0.458084 0.454167 0.453892 0.439167 0.446707 0.436667 0.440719 0.440000 0.415569 0.426667 0.205988 0.415833 0.149701 0.407500 0.134731 0.391667 0.125150 0.362500 0.123952
3 0.404167 0.561677 0.366667 0.589820 0.365000 0.594611 0.379167 0.616766 0.515000 0.713174 0.651667 0.803593 0.652500 0.811976 0.641667 0.818563 0.629167 0.840719 0.630000 0.846707 0.642500 0.857485 0.668333 0.871257 0.705000 0.858683 0.755833 0.821557 0.800000 0.780838 0.816667 0.750299 0.809167 0.740719 0.787500 0.726946 0.775833 0.723952 0.730000 0.746707 0.723333 0.744311 0.655833 0.695210 0.450833 0.560479 0.420833 0.553892
4 0.310000 0.369461 0.290833 0.368862 0.270833 0.376647 0.264167 0.383234 0.234167 0.431138 0.216667 0.453892 0.153333 0.478443 0.140000 0.490419 0.132500 0.504192 0.134167 0.519162 0.156667 0.551497 0.188333 0.567665 0.225833 0.578443 0.240833 0.580240 0.265000 0.579042 0.286667 0.571856 0.308333 0.559281 0.323333 0.540120 0.320833 0.526946 0.322500 0.522754 0.309167 0.508383 0.303333 0.488024 0.324167 0.459880 0.333333 0.441317 0.346667 0.422754 0.352500 0.410180 0.354167 0.398204 0.345833 0.386228 0.328333 0.375449
4 0.535833 0.684431 0.489167 0.683832 0.425833 0.689222 0.385000 0.696407 0.364167 0.704790 0.351667 0.713174 0.347500 0.725150 0.352500 0.735928 0.354167 0.755090 0.379167 0.761677 0.404167 0.761677 0.411667 0.765868 0.409167 0.800000 0.416667 0.830539 0.423333 0.897006 0.430000 0.908383 0.436667 0.913174 0.481667 0.914371 0.512500 0.909581 0.531667 0.902994 0.538333 0.894611 0.544167 0.878443 0.539167 0.852695 0.540833 0.839521 0.527500 0.800599 0.524167 0.763473 0.530833 0.751497 0.558333 0.746707 0.569167 0.738922 0.577500 0.720958 0.574167 0.699401 0.568333 0.691018
0 0.646667 0.477844 0.599167 0.494611 0.596667 0.510180 0.688333 0.639521 0.689167 0.645509 0.665833 0.663473 0.662500 0.674251 0.670000 0.679641 0.682500 0.680838 0.690000 0.685629 0.694167 0.691617 0.694167 0.707186 0.698333 0.714970 0.710833 0.727545 0.728333 0.730539 0.766667 0.717964 0.820000 0.693413 0.833333 0.680838 0.834167 0.671856 0.811667 0.635928 0.810000 0.613174 0.798333 0.607784 0.782500 0.611976 0.769167 0.610778 0.757500 0.604790 0.754167 0.593413 0.704167 0.523952 0.692500 0.494012 0.660833 0.477844
0 0.206667 0.707186 0.203333 0.707186 0.198333 0.709581 0.194167 0.713772 0.193333 0.719162 0.198333 0.722754 0.196667 0.725150 0.197500 0.725748 0.195000 0.726946 0.192500 0.726347 0.183333 0.728743 0.175833 0.732934 0.175833 0.735928 0.178333 0.738922 0.185000 0.743713 0.184167 0.747305 0.170000 0.767066 0.166667 0.769461 0.165833 0.772455 0.161667 0.776048 0.162500 0.776647 0.160000 0.778443 0.160000 0.780240 0.158333 0.780838 0.152500 0.788623 0.152500 0.790419 0.155833 0.794611 0.171667 0.801796 0.180000 0.798802 0.196667 0.779641 0.195833 0.779042 0.197500 0.778443 0.199167 0.776048 0.198333 0.775449 0.208333 0.765269 0.207500 0.764671 0.215833 0.757485 0.219167 0.757485 0.225833 0.759880 0.232500 0.759281 0.235000 0.756287 0.234167 0.752695 0.231667 0.750299 0.231667 0.747904 0.234167 0.746108 0.233333 0.745509 0.235000 0.740719 0.236667 0.738922 0.242500 0.738922 0.246667 0.737126 0.252500 0.729341 0.250833 0.725748 0.245833 0.722754 0.237500 0.719760 0.234167 0.717365 0.233333 0.717964 0.232500 0.716766 0.230000 0.716766 0.224167 0.713772 0.223333 0.714371 0.222500 0.713174
3 0.619167 0.259281 0.602500 0.276647 0.597500 0.287425 0.613333 0.307186 0.736667 0.366467 0.775000 0.382036 0.800000 0.395808 0.821667 0.404790 0.837500 0.407784 0.844167 0.413772 0.845000 0.419760 0.834167 0.440719 0.835833 0.447904 0.860833 0.459880 0.875000 0.456886 0.891667 0.447305 0.918333 0.424551 0.947500 0.391617 0.956667 0.368263 0.956667 0.361078 0.952500 0.356886 0.925000 0.346707 0.895833 0.365269 0.889167 0.366467 0.691667 0.276048 0.662500 0.260479 0.642500 0.255090 0.625833 0.255090
