4 0.514167 0.237725 0.505000 0.234132 0.483333 0.234132 0.425833 0.246108 0.358333 0.264072 0.225833 0.306587 0.186667 0.270060 0.155833 0.273054 0.110833 0.288024 0.103333 0.310778 0.104167 0.326946 0.130000 0.386826 0.180000 0.462275 0.221667 0.491617 0.231667 0.492814 0.271667 0.483832 0.294167 0.473054 0.293333 0.444910 0.299167 0.410778 0.423333 0.375449 0.433333 0.368862 0.445000 0.368862 0.456667 0.362275 0.504167 0.351497 0.552500 0.331737 0.558333 0.322156 0.552500 0.295808 0.540833 0.269461
3 0.876667 0.274251 0.864167 0.259281 0.855000 0.254491 0.825833 0.251497 0.730833 0.262275 0.642500 0.281437 0.568333 0.291018 0.556667 0.295210 0.505833 0.301796 0.480833 0.300599 0.457500 0.305988 0.442500 0.302395 0.423333 0.282036 0.398333 0.279641 0.375000 0.283234 0.364167 0.290419 0.355000 0.319162 0.357500 0.351497 0.374167 0.404790 0.390000 0.429940 0.410833 0.445509 0.423333 0.450299 0.459167 0.447305 0.473333 0.436527 0.475833 0.400000 0.483333 0.392216 0.509167 0.391617 0.562500 0.379641 0.832500 0.334731 0.858333 0.323353 0.875833 0.306587
3 0.439167 0.197006 0.363333 0.204790 0.323333 0.221557 0.310833 0.235329 0.315833 0.253892 0.332500 0.259880 0.345000 0.271257 0.361667 0.272455 0.367500 0.278443 0.370833 0.317365 0.381667 0.360479 0.381667 0.377844 0.395000 0.423353 0.392500 0.443713 0.397500 0.462275 0.412500 0.480838 0.425000 0.486228 0.445000 0.485629 0.462500 0.481437 0.474167 0.473054 0.480833 0.455689 0.477500 0.422156 0.463333 0.376647 0.461667 0.361078 0.465833 0.352096 0.460833 0.343114 0.450000 0.279641 0.444167 0.264671 0.450833 0.255090 0.473333 0.246108 0.482500 0.238323 0.483333 0.217365 0.480833 0.212575 0.466667 0.204790
3 0.760833 0.171257 0.738333 0.164671 0.694167 0.193413 0.722500 0.239521 0.720000 0.249102 0.664167 0.279042 0.504167 0.382036 0.444167 0.414970 0.376667 0.461677 0.363333 0.481437 0.366667 0.492216 0.382500 0.512575 0.413333 0.537126 0.436667 0.543713 0.465000 0.536527 0.599167 0.455689 0.673333 0.402395 0.767500 0.347305 0.799167 0.322156 0.814167 0.321557 0.840000 0.340719 0.855833 0.346108 0.904167 0.322755 0.909167 0.313772 0.904167 0.300000 0.880000 0.268263
0 0.613333 0.493413 0.555833 0.493413 0.550833 0.491617 0.522500 0.493413 0.504167 0.498204 0.494167 0.506587 0.492500 0.525748 0.495000 0.537126 0.502500 0.547904 0.499167 0.555090 0.484167 0.567066 0.483333 0.578443 0.495000 0.590419 0.517500 0.598802 0.524167 0.607784 0.522500 0.660479 0.515000 0.723353 0.520000 0.735928 0.535833 0.745509 0.575833 0.745509 0.587500 0.741317 0.598333 0.731737 0.603333 0.710180 0.606667 0.647305 0.629167 0.607784 0.645000 0.600000 0.656667 0.588623 0.653333 0.575449 0.627500 0.549701 0.649167 0.538323 0.654167 0.528742 0.654167 0.513772 0.644167 0.501198
3 0.575000 0.311976 0.548333 0.312575 0.535833 0.319162 0.530000 0.331138 0.529167 0.346707 0.555000 0.363473 0.568333 0.365269 0.572500 0.376048 0.567500 0.392216 0.555833 0.407186 0.544167 0.449701 0.535000 0.465269 0.533333 0.485629 0.511667 0.523952 0.510000 0.538922 0.499167 0.569461 0.490833 0.579641 0.481667 0.614970 0.485000 0.650898 0.505000 0.660479 0.531667 0.667066 0.567500 0.663473 0.581667 0.655689 0.591667 0.643713 0.615833 0.579641 0.624167 0.542515 0.685833 0.391018 0.725833 0.392216 0.742500 0.386826 0.751667 0.365868 0.750833 0.356287 0.743333 0.349701 0.717500 0.340120 0.605000 0.320359
0 0.673333 0.447904 0.659167 0.449102 0.652500 0.452096 0.638333 0.470659 0.625000 0.479042 0.620833 0.486228 0.625833 0.497605 0.624167 0.505389 0.627500 0.517964 0.641667 0.540719 0.635833 0.553293 0.622500 0.608982 0.614167 0.626347 0.607500 0.661677 0.615000 0.678443 0.621667 0.684431 0.637500 0.688623 0.675000 0.692814 0.695000 0.685030 0.703333 0.676647 0.738333 0.552096 0.752500 0.546707 0.770833 0.546108 0.779167 0.540120 0.781667 0.528742 0.775000 0.517964 0.775000 0.512575 0.765833 0.504192 0.779167 0.502994 0.791667 0.497605 0.796667 0.489820 0.800000 0.473653 0.794167 0.464671 0.774167 0.458683
3 0.093333 0.219760 0.089167 0.236527 0.097500 0.256886 0.108333 0.263473 0.130000 0.270060 0.189167 0.279641 0.360000 0.295808 0.410000 0.305389 0.438333 0.305988 0.449167 0.320359 0.448333 0.332934 0.452500 0.337725 0.485833 0.343713 0.498333 0.340719 0.514167 0.316168 0.528333 0.256886 0.529167 0.230539 0.520833 0.210180 0.510833 0.205389 0.479167 0.203593 0.462500 0.230539 0.449167 0.236527 0.400000 0.229341 0.326667 0.223952 0.257500 0.213772 0.225000 0.213174 0.136667 0.202994 0.117500 0.205988
0 0.722500 0.588024 0.700833 0.577246 0.685833 0.575449 0.495000 0.609581 0.485000 0.606587 0.469167 0.588623 0.456667 0.585629 0.437500 0.590419 0.419167 0.602994 0.412500 0.612575 0.404167 0.603593 0.392500 0.597605 0.378333 0.597006 0.353333 0.602395 0.343333 0.610180 0.344167 0.628743 0.376667 0.705988 0.390833 0.720359 0.426667 0.722156 0.444167 0.727545 0.455833 0.727545 0.470000 0.718563 0.481667 0.716168 0.500000 0.706587 0.523333 0.686228 0.704167 0.655689 0.730000 0.640120 0.736667 0.631138 0.735000 0.617365
2 0.342500 0.474252 0.295000 0.495210 0.248333 0.532335 0.235833 0.553293 0.245833 0.568862 0.285833 0.605988 0.397500 0.687425 0.415833 0.710778 0.400833 0.730539 0.391667 0.762275 0.424167 0.792814 0.458333 0.798204 0.513333 0.770659 0.543333 0.746108 0.575000 0.730539 0.615000 0.697605 0.661667 0.666467 0.664167 0.650898 0.636667 0.619760 0.620000 0.607784 0.593333 0.597006 0.578333 0.594012 0.571667 0.602994 0.558333 0.605988 0.548333 0.614970 0.540000 0.617365 0.530833 0.613772 0.520833 0.605389 0.517500 0.594012 0.488333 0.577844 0.449167 0.541916 0.420000 0.522754 0.407500 0.505389 0.367500 0.482635
0 0.263333 0.465269 0.199167 0.482036 0.170000 0.493413 0.151667 0.504790 0.145000 0.516766 0.145833 0.526347 0.153333 0.541317 0.165833 0.551497 0.195000 0.558683 0.185833 0.570659 0.185000 0.580838 0.175833 0.598204 0.179167 0.610778 0.191667 0.617365 0.228333 0.619760 0.240833 0.629341 0.270000 0.670659 0.293333 0.719760 0.316667 0.755090 0.353333 0.774252 0.363333 0.774252 0.398333 0.756886 0.420000 0.753293 0.430833 0.737725 0.418333 0.721557 0.415000 0.705389 0.405000 0.696407 0.397500 0.675449 0.386667 0.664671 0.386667 0.640120 0.379167 0.631138 0.375833 0.607186 0.361667 0.587425 0.367500 0.558683 0.363333 0.544311 0.354167 0.535329 0.348333 0.511377 0.333333 0.495808 0.322500 0.476048 0.310000 0.465868 0.296667 0.462275
3 0.835833 0.474252 0.827500 0.464671 0.815833 0.460479 0.792500 0.457485 0.777500 0.459281 0.760833 0.465269 0.745833 0.490419 0.727500 0.494611 0.701667 0.488623 0.662500 0.491617 0.617500 0.487425 0.593333 0.489820 0.540833 0.482036 0.519167 0.483832 0.475000 0.477246 0.453333 0.479641 0.380000 0.473653 0.361667 0.476048 0.345833 0.483832 0.330833 0.509581 0.330000 0.523353 0.339167 0.537126 0.348333 0.542515 0.377500 0.549102 0.550000 0.554491 0.574167 0.560479 0.641667 0.564671 0.666667 0.572455 0.685833 0.584431 0.724167 0.590419 0.729167 0.604790 0.738333 0.610778 0.774167 0.616766 0.794167 0.611377 0.815833 0.582635 0.829167 0.538922 0.840000 0.525748 0.835833 0.519760
4 0.305000 0.264671 0.305000 0.313174 0.313333 0.352695 0.321667 0.368263 0.360000 0.398802 0.416667 0.419760 0.482500 0.412575 0.525833 0.371856 0.533333 0.359281 0.549167 0.348503 0.722500 0.341317 0.777500 0.335329 0.809167 0.326946 0.820833 0.319162 0.835833 0.276647 0.830833 0.241916 0.824167 0.231737 0.806667 0.220958 0.770000 0.213772 0.620833 0.223353 0.550833 0.220958 0.535000 0.208982 0.497500 0.198802 0.480000 0.188623 0.422500 0.174850 0.394167 0.176048 0.367500 0.182635 0.345833 0.195808 0.316667 0.232335
2 0.408333 0.437725 0.394167 0.437126 0.373333 0.448503 0.234167 0.559880 0.224167 0.561078 0.197500 0.553293 0.181667 0.554491 0.155000 0.568862 0.138333 0.589222 0.138333 0.601796 0.148333 0.615569 0.204167 0.658683 0.287500 0.707784 0.317500 0.716766 0.330000 0.715569 0.348333 0.707186 0.363333 0.695808 0.375833 0.678443 0.372500 0.659880 0.353333 0.641317 0.351667 0.632934 0.355000 0.628144 0.394167 0.600000 0.411667 0.581437 0.427500 0.571856 0.491667 0.512575 0.500833 0.494611 0.493333 0.482635 0.455000 0.457485
3 0.404167 0.569461 0.399167 0.582635 0.420833 0.605389 0.437500 0.606587 0.455833 0.598204 0.475833 0.595808 0.492500 0.604192 0.547500 0.659281 0.564167 0.671257 0.604167 0.718563 0.660833 0.776048 0.703333 0.811976 0.730833 0.821557 0.775833 0.809581 0.784167 0.791617 0.781667 0.781437 0.769167 0.764671 0.604167 0.594611 0.578333 0.550299 0.580000 0.543713 0.600833 0.532335 0.604167 0.524551 0.584167 0.502994 0.569167 0.498204 0.550833 0.500000 0.471667 0.531138 0.456667 0.541317 0.427500 0.553293
3 0.336667 0.263473 0.314167 0.262874 0.274167 0.273653 0.261667 0.285030 0.245000 0.353892 0.234167 0.467066 0.219167 0.559281 0.220000 0.590419 0.212500 0.597605 0.167500 0.605389 0.154167 0.614970 0.148333 0.625749 0.149167 0.653892 0.173333 0.660479 0.205000 0.680838 0.254167 0.685030 0.330000 0.682635 0.367500 0.676048 0.390000 0.668862 0.400000 0.661078 0.404167 0.636527 0.400833 0.625150 0.389167 0.615569 0.349167 0.597006 0.343333 0.589222 0.365833 0.430539 0.375833 0.295808 0.369167 0.277246 0.355833 0.267665
3 0.534167 0.144910 0.511667 0.150299 0.505833 0.170659 0.506667 0.175449 0.511667 0.179042 0.541667 0.185629 0.546667 0.193413 0.535000 0.240120 0.529167 0.284431 0.514167 0.354491 0.512500 0.380240 0.521667 0.394012 0.545000 0.399401 0.570000 0.401796 0.578333 0.398802 0.589167 0.382036 0.610000 0.253892 0.622500 0.198802 0.629167 0.193413 0.640000 0.194012 0.663333 0.189222 0.667500 0.184431 0.670833 0.167665 0.668333 0.159880 0.642500 0.151497 0.572500 0.144910
