0 0.636667 0.654491 0.617500 0.646707 0.595833 0.654491 0.572500 0.656886 0.560000 0.663473 0.530833 0.667665 0.518333 0.674850 0.482500 0.674251 0.470000 0.679042 0.437500 0.680239 0.410833 0.689222 0.381667 0.687425 0.374167 0.684431 0.351667 0.686228 0.339167 0.692216 0.305833 0.695808 0.280833 0.706587 0.256667 0.712575 0.242500 0.720359 0.236667 0.730539 0.239167 0.752096 0.260000 0.798802 0.275000 0.820958 0.289167 0.833533 0.313333 0.838922 0.338333 0.833533 0.350000 0.827545 0.364167 0.804790 0.381667 0.812575 0.399167 0.814371 0.413333 0.819761 0.434167 0.818563 0.443333 0.808982 0.448333 0.784431 0.460000 0.776647 0.519167 0.756886 0.584167 0.743713 0.636667 0.727545 0.664167 0.702994 0.664167 0.695808 0.641667 0.670659
4 0.616667 0.598802 0.590833 0.595808 0.575833 0.598802 0.544167 0.627545 0.542500 0.637126 0.584167 0.667066 0.587500 0.672455 0.570000 0.677844 0.543333 0.701198 0.525833 0.725150 0.463333 0.786228 0.457500 0.800000 0.459167 0.808383 0.471667 0.813174 0.487500 0.825749 0.540000 0.846108 0.559167 0.844910 0.574167 0.838323 0.590833 0.813772 0.618333 0.791018 0.632500 0.770060 0.675000 0.725150 0.683333 0.720958 0.700000 0.721557 0.711667 0.726347 0.742500 0.727545 0.761667 0.716766 0.784167 0.691617 0.763333 0.666467 0.720833 0.640120 0.663333 0.613174
0 0.193333 0.033533 0.185833 0.036527 0.182500 0.040120 0.191667 0.055090 0.194167 0.056886 0.197500 0.063473 0.199167 0.064072 0.203333 0.070659 0.202500 0.073054 0.197500 0.077844 0.197500 0.080240 0.199167 0.082036 0.200833 0.082036 0.205833 0.085030 0.211667 0.094012 0.213333 0.095210 0.216667 0.095210 0.220833 0.093413 0.224167 0.093413 0.226667 0.091617 0.237500 0.088623 0.238333 0.087425 0.243333 0.085629 0.243333 0.081437 0.240000 0.076048 0.235000 0.072455 0.236667 0.068862 0.235833 0.065269 0.232500 0.063473 0.224167 0.063473 0.221667 0.062275 0.204167 0.036527 0.200000 0.033533
4 0.322500 0.137725 0.289167 0.168263 0.255833 0.218563 0.260000 0.258084 0.285833 0.295210 0.335833 0.315569 0.356667 0.313772 0.425833 0.294611 0.437500 0.295210 0.566667 0.356886 0.613333 0.374850 0.641667 0.380838 0.657500 0.379641 0.676667 0.370060 0.712500 0.343713 0.725833 0.317365 0.721667 0.302994 0.708333 0.289222 0.680833 0.273054 0.584167 0.231737 0.534167 0.202395 0.531667 0.187425 0.512500 0.165868 0.506667 0.150898 0.490000 0.129940 0.475000 0.118563 0.453333 0.108383 0.415000 0.102395 0.375000 0.111377
2 0.320000 0.347305 0.315000 0.376647 0.317500 0.462874 0.329167 0.547904 0.341667 0.559281 0.396667 0.564671 0.440833 0.556886 0.451667 0.543713 0.459167 0.520958 0.468333 0.515569 0.482500 0.515569 0.493333 0.510778 0.575833 0.509581 0.595000 0.503593 0.624167 0.501796 0.649167 0.503593 0.720833 0.500000 0.748333 0.495210 0.760000 0.482036 0.764167 0.455689 0.757500 0.411976 0.744167 0.392814 0.719167 0.383234 0.619167 0.380838 0.580000 0.386228 0.551667 0.385030 0.538333 0.388623 0.503333 0.385030 0.489167 0.388024 0.478333 0.384431 0.462500 0.385629 0.449167 0.376647 0.436667 0.341317 0.425833 0.332335 0.405000 0.327545 0.355000 0.327545 0.334167 0.334132
4 0.230000 0.609581 0.212500 0.656287 0.208333 0.742515 0.217500 0.775449 0.243333 0.793413 0.277500 0.794611 0.289167 0.798204 0.305000 0.796407 0.340000 0.759281 0.360833 0.749701 0.415000 0.747904 0.585000 0.759281 0.619167 0.756886 0.634167 0.744311 0.647500 0.701796 0.646667 0.675449 0.636667 0.662275 0.622500 0.655689 0.455833 0.642515 0.365000 0.640120 0.351667 0.631737 0.335000 0.589820 0.309167 0.582036 0.265000 0.581437
0 0.498333 0.658084 0.473333 0.655689 0.423333 0.674850 0.411667 0.676647 0.283333 0.720958 0.273333 0.721557 0.245833 0.702395 0.231667 0.700599 0.222500 0.707186 0.220833 0.716766 0.210833 0.722754 0.182500 0.723353 0.152500 0.735329 0.146667 0.744311 0.150000 0.754491 0.163333 0.776647 0.199167 0.819162 0.217500 0.829940 0.232500 0.830539 0.283333 0.814970 0.297500 0.812575 0.314167 0.814970 0.325000 0.805389 0.320000 0.789820 0.322500 0.782635 0.330833 0.774850 0.347500 0.772455 0.362500 0.765868 0.385833 0.760479 0.395000 0.754491 0.414167 0.750898 0.449167 0.737126 0.495833 0.728743 0.520000 0.704192 0.519167 0.691018
0 0.929167 0.561078 0.911667 0.551497 0.895833 0.547904 0.840833 0.561677 0.829167 0.567066 0.808333 0.570659 0.797500 0.576048 0.765833 0.582036 0.715833 0.580838 0.695000 0.573653 0.677500 0.571856 0.660000 0.582036 0.639167 0.605389 0.616667 0.599401 0.600000 0.600000 0.584167 0.604192 0.570000 0.613772 0.565833 0.634132 0.570000 0.652096 0.584167 0.669461 0.594167 0.691617 0.613333 0.710778 0.625000 0.717964 0.638333 0.720359 0.667500 0.714371 0.680000 0.708982 0.687500 0.699401 0.710833 0.699401 0.724167 0.702395 0.738333 0.700000 0.751667 0.689820 0.759167 0.664671 0.769167 0.655090 0.816667 0.642515 0.838333 0.634132 0.905833 0.617964 0.935000 0.605389 0.944167 0.588024 0.937500 0.571257
0 0.724167 0.234731 0.705000 0.235928 0.680833 0.241317 0.670833 0.247305 0.664167 0.257485 0.665833 0.280240 0.681667 0.334132 0.682500 0.349701 0.675833 0.364671 0.674167 0.384431 0.660000 0.395808 0.652500 0.408982 0.659167 0.419760 0.695000 0.442515 0.683333 0.448503 0.676667 0.456886 0.675833 0.474850 0.679167 0.482036 0.690000 0.491617 0.706667 0.495210 0.745833 0.493413 0.815000 0.480240 0.832500 0.472455 0.839167 0.462275 0.833333 0.440719 0.818333 0.423952 0.819167 0.414371 0.829167 0.401796 0.827500 0.391018 0.820000 0.383832 0.803333 0.377246 0.786667 0.375449 0.777500 0.368263 0.761667 0.315569 0.749167 0.254491 0.742500 0.243114
3 0.347500 0.308982 0.339167 0.330539 0.345000 0.356886 0.425833 0.408982 0.674167 0.545509 0.714167 0.563473 0.719167 0.572455 0.703333 0.613174 0.715833 0.629940 0.740833 0.644311 0.755000 0.646707 0.773333 0.635928 0.820000 0.626946 0.863333 0.587425 0.898333 0.541317 0.913333 0.502395 0.910000 0.484431 0.866667 0.463473 0.847500 0.464671 0.797500 0.480838 0.782500 0.479641 0.593333 0.372455 0.427500 0.287425 0.396667 0.280838 0.377500 0.284431
3 0.430833 0.180838 0.388333 0.179641 0.301667 0.185030 0.247500 0.194611 0.226667 0.205389 0.230000 0.240120 0.247500 0.245509 0.283333 0.247305 0.292500 0.256886 0.293333 0.305988 0.305000 0.392814 0.312500 0.497006 0.318333 0.521557 0.325000 0.531737 0.335833 0.539521 0.350833 0.542515 0.408333 0.540719 0.416667 0.536527 0.426667 0.514371 0.405000 0.329940 0.400833 0.247305 0.408333 0.240120 0.422500 0.238922 0.453333 0.227545 0.455833 0.223353 0.454167 0.193413 0.449167 0.186228
2 0.445833 0.422156 0.427500 0.427545 0.396667 0.452695 0.281667 0.587425 0.245000 0.610180 0.189167 0.600000 0.162500 0.601796 0.132500 0.624551 0.120000 0.641916 0.123333 0.665868 0.166667 0.694012 0.221667 0.715569 0.261667 0.740719 0.310000 0.756287 0.385000 0.791617 0.400833 0.792216 0.415000 0.785629 0.459167 0.744910 0.464167 0.725748 0.474167 0.713772 0.475000 0.701198 0.456667 0.698204 0.454167 0.692216 0.435833 0.682635 0.431667 0.673653 0.442500 0.664072 0.455833 0.661078 0.493333 0.638323 0.485833 0.632934 0.469167 0.633533 0.524167 0.585629 0.540833 0.560479 0.563333 0.548503 0.570000 0.540719 0.568333 0.524551 0.582500 0.509581 0.589167 0.493413 0.588333 0.485030 0.541667 0.453293 0.485000 0.429940
0 0.701667 0.419760 0.651667 0.453892 0.636667 0.468862 0.628333 0.483832 0.629167 0.494012 0.634167 0.500599 0.659167 0.519162 0.675833 0.522156 0.684167 0.537126 0.685833 0.549701 0.698333 0.560479 0.708333 0.563473 0.750000 0.559880 0.765000 0.562874 0.805000 0.595210 0.820000 0.603593 0.882500 0.656886 0.901667 0.663473 0.915833 0.664072 0.930000 0.659880 0.955833 0.640719 0.961667 0.623353 0.960000 0.614371 0.932500 0.589222 0.905000 0.569461 0.899167 0.561677 0.883333 0.552695 0.866667 0.535329 0.849167 0.498802 0.851667 0.483234 0.848333 0.468862 0.826667 0.459281 0.788333 0.453892 0.784167 0.428144 0.773333 0.416766 0.760000 0.409581 0.736667 0.407784
0 0.385833 0.565868 0.375000 0.567066 0.366667 0.570659 0.351667 0.570060 0.335833 0.573054 0.298333 0.585030 0.290000 0.592814 0.287500 0.604790 0.294167 0.617365 0.313333 0.628743 0.310833 0.640120 0.300000 0.651497 0.303333 0.662874 0.311667 0.666467 0.338333 0.667665 0.345833 0.671856 0.370833 0.732335 0.376667 0.754491 0.388333 0.779042 0.395833 0.783234 0.405833 0.784431 0.424167 0.782036 0.445000 0.776048 0.452500 0.766467 0.450000 0.750898 0.415833 0.661677 0.416667 0.652695 0.435833 0.643713 0.442500 0.638323 0.444167 0.632934 0.436667 0.621557 0.416667 0.615569 0.423333 0.591018 0.420833 0.581437 0.414167 0.571856 0.408333 0.567665
