3 0.675000 0.555090 0.662500 0.552096 0.652500 0.553293 0.630000 0.577246 0.654167 0.594611 0.659167 0.606587 0.622500 0.634132 0.463333 0.779042 0.457500 0.791018 0.459167 0.795808 0.478333 0.811377 0.500833 0.823353 0.508333 0.824551 0.523333 0.819162 0.543333 0.805988 0.627500 0.728743 0.728333 0.643114 0.775833 0.655689 0.802500 0.633533 0.800000 0.625749 0.742500 0.588623
0 0.545833 0.372455 0.510000 0.393413 0.505833 0.405988 0.515833 0.420359 0.545833 0.440120 0.570000 0.462275 0.584167 0.469461 0.660000 0.531737 0.661667 0.539521 0.649167 0.547904 0.640000 0.561078 0.685833 0.573653 0.692500 0.596407 0.705000 0.606587 0.729167 0.614371 0.741667 0.612575 0.775833 0.594611 0.804167 0.566467 0.820000 0.555090 0.828333 0.540719 0.824167 0.526347 0.806667 0.512575 0.786667 0.503593 0.783333 0.485629 0.779167 0.482635 0.747500 0.477844 0.733333 0.482036 0.725000 0.477844 0.715833 0.464671 0.703333 0.459281 0.695833 0.441317 0.684167 0.430539 0.604167 0.374251 0.579167 0.367066 0.560000 0.368263
1 0.175000 0.432934 0.147500 0.460479 0.155833 0.479042 0.737500 0.851497 0.740000 0.859281 0.725000 0.887425 0.744167 0.908982 0.765000 0.919760 0.793333 0.915569 0.875000 0.868862 0.900833 0.842515 0.914167 0.807784 0.900833 0.795210 0.870000 0.780240 0.840000 0.794012 0.817500 0.791018 0.284167 0.455689 0.221667 0.422754 0.194167 0.421557
3 0.446667 0.395808 0.418333 0.397006 0.393333 0.411976 0.206667 0.627545 0.151667 0.669461 0.140000 0.671257 0.112500 0.660479 0.099167 0.661677 0.079167 0.685030 0.076667 0.699401 0.092500 0.716766 0.175000 0.761677 0.260000 0.795210 0.283333 0.792814 0.307500 0.765868 0.301667 0.752096 0.278333 0.739521 0.268333 0.727545 0.270833 0.712575 0.355833 0.604790 0.390833 0.571257 0.451667 0.499401 0.484167 0.451497 0.486667 0.425748
3 0.295833 0.650898 0.275833 0.661078 0.247500 0.679641 0.243333 0.683832 0.240833 0.689820 0.241667 0.692216 0.251667 0.700000 0.257500 0.698802 0.266667 0.694012 0.270000 0.694611 0.277500 0.701198 0.280000 0.701796 0.281667 0.704790 0.288333 0.708982 0.320000 0.737126 0.325000 0.738922 0.357500 0.767665 0.368333 0.773054 0.373333 0.773054 0.392500 0.761677 0.390833 0.755090 0.377500 0.743114 0.370833 0.738922 0.365833 0.732934 0.360000 0.729341 0.350000 0.719760 0.350833 0.719162 0.340833 0.710778 0.341667 0.710180 0.334167 0.702395 0.330000 0.700000 0.330833 0.699401 0.302500 0.676048 0.301667 0.672455 0.310833 0.664671 0.312500 0.659880 0.301667 0.650898
2 0.590833 0.392216 0.577500 0.392216 0.554167 0.398204 0.544167 0.396407 0.507500 0.400599 0.480833 0.408383 0.465000 0.421557 0.464167 0.461078 0.472500 0.479641 0.488333 0.564671 0.500000 0.597006 0.492500 0.606587 0.480000 0.608383 0.460000 0.617964 0.448333 0.634132 0.448333 0.649102 0.453333 0.666467 0.463333 0.680838 0.480833 0.690419 0.539167 0.692814 0.640833 0.682635 0.664167 0.676647 0.702500 0.673054 0.726667 0.664671 0.741667 0.650299 0.744167 0.630539 0.730833 0.598204 0.705833 0.586228 0.665000 0.583234 0.652500 0.577246 0.654167 0.555689 0.648333 0.543713 0.645000 0.516766 0.638333 0.505988 0.641667 0.496407 0.623333 0.441916 0.619167 0.415569 0.605000 0.397006
4 0.531667 0.264072 0.513333 0.267665 0.492500 0.280240 0.485833 0.297006 0.486667 0.310778 0.515833 0.368862 0.530833 0.411377 0.529167 0.426946 0.509167 0.464072 0.507500 0.477844 0.511667 0.487425 0.532500 0.511377 0.572500 0.525150 0.594167 0.527545 0.612500 0.526347 0.656667 0.518563 0.695833 0.505389 0.726667 0.479042 0.739167 0.449102 0.732500 0.423952 0.726667 0.414371 0.715833 0.407186 0.687500 0.401796 0.650000 0.386228 0.645000 0.369461 0.628333 0.343114 0.611667 0.301796 0.593333 0.273653 0.575833 0.263473
0 0.597500 0.431737 0.579167 0.437126 0.566667 0.446108 0.552500 0.463473 0.552500 0.469461 0.550833 0.471856 0.550000 0.486826 0.552500 0.492216 0.552500 0.496407 0.558333 0.507784 0.568333 0.518563 0.577500 0.524551 0.588333 0.526946 0.597500 0.532934 0.603333 0.543114 0.607500 0.546108 0.614167 0.548503 0.628333 0.550898 0.640000 0.549701 0.644167 0.548503 0.656667 0.538922 0.658333 0.534132 0.657500 0.531138 0.659167 0.526347 0.659167 0.519162 0.660833 0.516168 0.668333 0.510778 0.674167 0.501796 0.675833 0.491018 0.670833 0.470659 0.659167 0.455689 0.629167 0.434731 0.621667 0.431138 0.618333 0.431737 0.610833 0.430539 0.600000 0.432335
0 0.356667 0.338922 0.340000 0.353892 0.338333 0.364671 0.344167 0.375449 0.367500 0.398204 0.388333 0.412575 0.449167 0.467066 0.449167 0.478443 0.440833 0.491617 0.441667 0.510778 0.456667 0.519760 0.489167 0.527545 0.496667 0.531737 0.504167 0.539521 0.505000 0.550299 0.515833 0.564671 0.540000 0.572455 0.555000 0.574251 0.577500 0.567665 0.626667 0.540719 0.645833 0.524551 0.654167 0.505988 0.650000 0.489820 0.638333 0.478443 0.608333 0.469461 0.596667 0.469461 0.592500 0.462275 0.593333 0.451497 0.577500 0.437725 0.561667 0.430539 0.536667 0.427545 0.520833 0.420958 0.435000 0.350299 0.406667 0.330539 0.381667 0.328743
0 0.151667 0.632934 0.136667 0.671856 0.135833 0.680239 0.154167 0.701796 0.165000 0.705988 0.210000 0.712575 0.215833 0.722156 0.230000 0.732335 0.243333 0.735928 0.268333 0.735928 0.311667 0.719162 0.373333 0.733533 0.405000 0.744910 0.479167 0.764671 0.501667 0.764072 0.514167 0.759281 0.520833 0.751497 0.530833 0.724551 0.530833 0.718563 0.522500 0.706587 0.510000 0.700599 0.481667 0.694611 0.465833 0.686826 0.376667 0.662874 0.347500 0.652096 0.334167 0.618563 0.330000 0.613174 0.317500 0.606587 0.297500 0.603593 0.261667 0.608982 0.253333 0.605988 0.242500 0.596407 0.224167 0.589820 0.202500 0.588024 0.180000 0.601198
