2 0.445833 0.597006 0.428333 0.576048 0.391667 0.567066 0.369167 0.567665 0.349167 0.576647 0.341667 0.591617 0.330833 0.597006 0.282500 0.593413 0.265833 0.595210 0.196667 0.583832 0.181667 0.585030 0.162500 0.579641 0.136667 0.579042 0.117500 0.574251 0.095000 0.574850 0.085833 0.580240 0.074167 0.619760 0.073333 0.646707 0.090000 0.662275 0.107500 0.670060 0.147500 0.674850 0.181667 0.683234 0.260000 0.691018 0.268333 0.695210 0.317500 0.704790 0.326667 0.713772 0.318333 0.737126 0.328333 0.749701 0.339167 0.754491 0.380833 0.761677 0.405000 0.756287 0.415000 0.750299 0.429167 0.725150 0.429167 0.716168 0.438333 0.696407 0.445000 0.651497
3 0.684167 0.325150 0.661667 0.316168 0.647500 0.304192 0.631667 0.301198 0.605833 0.303593 0.501667 0.358683 0.253333 0.518563 0.227500 0.518563 0.182500 0.500599 0.159167 0.505389 0.128333 0.523952 0.126667 0.555090 0.141667 0.576048 0.189167 0.617964 0.244167 0.653892 0.287500 0.669461 0.315833 0.666467 0.343333 0.650299 0.351667 0.633533 0.336667 0.605988 0.345000 0.582635 0.659167 0.383234 0.696667 0.348503 0.693333 0.334132
0 0.430000 0.415569 0.420000 0.402395 0.405000 0.394012 0.390000 0.392814 0.377500 0.395210 0.354167 0.404192 0.334167 0.395210 0.320000 0.394611 0.307500 0.400000 0.286667 0.423353 0.250833 0.428743 0.207500 0.432335 0.176667 0.438922 0.170833 0.442515 0.163333 0.451497 0.165000 0.464671 0.171667 0.474252 0.182500 0.481437 0.204167 0.482036 0.211667 0.484431 0.235833 0.482635 0.251667 0.484431 0.263333 0.480838 0.290833 0.479641 0.302500 0.482036 0.316667 0.488623 0.335000 0.490419 0.345000 0.486826 0.358333 0.477246 0.364167 0.476647 0.377500 0.479641 0.395000 0.478443 0.410000 0.474252 0.423333 0.467066 0.430000 0.459880 0.434167 0.450898 0.433333 0.430539
0 0.488333 0.259880 0.470000 0.270659 0.469167 0.276048 0.460833 0.285030 0.462500 0.294611 0.503333 0.325749 0.512500 0.335928 0.522500 0.341317 0.529167 0.342515 0.535833 0.349102 0.543333 0.352695 0.553333 0.363473 0.546667 0.379042 0.549167 0.390419 0.554167 0.395808 0.565000 0.400000 0.580833 0.400000 0.586667 0.405988 0.592500 0.418563 0.607500 0.428144 0.615833 0.429940 0.629167 0.429341 0.651667 0.419162 0.688333 0.389820 0.697500 0.374850 0.691667 0.362275 0.675833 0.352695 0.658333 0.350898 0.654167 0.331737 0.648333 0.324551 0.635833 0.321557 0.614167 0.327545 0.605000 0.326946 0.585833 0.313772 0.580000 0.311976 0.512500 0.262874 0.498333 0.258084
3 0.283333 0.650299 0.285000 0.709581 0.306667 0.745509 0.323333 0.755090 0.352500 0.754491 0.365833 0.741317 0.380000 0.736527 0.386667 0.720958 0.396667 0.717365 0.444167 0.717964 0.454167 0.720359 0.526667 0.717365 0.560000 0.719162 0.621667 0.715569 0.645833 0.720359 0.676667 0.719162 0.710000 0.709581 0.719167 0.697006 0.720000 0.683234 0.715833 0.670659 0.704167 0.659880 0.682500 0.653293 0.621667 0.651497 0.545833 0.655689 0.520833 0.650898 0.510000 0.653293 0.448333 0.652096 0.386667 0.655689 0.373333 0.649701 0.362500 0.630539 0.352500 0.622755 0.323333 0.618563 0.307500 0.622755
3 0.114167 0.549102 0.105833 0.607784 0.106667 0.646707 0.111667 0.663473 0.119167 0.668862 0.156667 0.668263 0.160833 0.645509 0.170000 0.636527 0.217500 0.640719 0.433333 0.647904 0.460833 0.647305 0.477500 0.641916 0.483333 0.621557 0.484167 0.602395 0.480000 0.597605 0.463333 0.592216 0.435000 0.589222 0.325833 0.586826 0.170833 0.579042 0.158333 0.546707 0.129167 0.543713 0.120000 0.544311
1 0.087500 0.586826 0.085000 0.617964 0.119167 0.632934 0.783333 0.694611 0.800833 0.704790 0.799167 0.729940 0.837500 0.739521 0.856667 0.729940 0.864167 0.715569 0.875000 0.611377 0.860833 0.600000 0.830833 0.600000 0.812500 0.626347 0.785000 0.629940 0.716667 0.620958 0.587500 0.613174 0.531667 0.600599 0.349167 0.588623 0.140000 0.567066 0.102500 0.569461
1 0.705833 0.500000 0.694167 0.501796 0.690000 0.504192 0.690833 0.517365 0.708333 0.522754 0.690000 0.727545 0.696667 0.735329 0.716667 0.737126 0.725000 0.732335 0.728333 0.727545 0.742500 0.561677 0.745000 0.557485 0.745000 0.528144 0.750833 0.523353 0.765833 0.521557 0.770000 0.513772 0.768333 0.507784 0.756667 0.503593
3 0.325000 0.174251 0.313333 0.174251 0.294167 0.182036 0.277500 0.183234 0.266667 0.191018 0.260000 0.202395 0.266667 0.276048 0.283333 0.335928 0.308333 0.460479 0.294167 0.472455 0.262500 0.484431 0.257500 0.498802 0.261667 0.520359 0.289167 0.533533 0.300833 0.534731 0.370833 0.530539 0.396667 0.523353 0.427500 0.519760 0.459167 0.506587 0.469167 0.492216 0.465833 0.470659 0.455833 0.461078 0.422500 0.455689 0.405000 0.441916 0.355000 0.211377 0.342500 0.182036
0 0.655833 0.568862 0.637500 0.540120 0.625833 0.529940 0.611667 0.523952 0.574167 0.523952 0.529167 0.536527 0.499167 0.528144 0.469167 0.529341 0.438333 0.544311 0.412500 0.579641 0.269167 0.604192 0.246667 0.612575 0.231667 0.627545 0.234167 0.652096 0.249167 0.668862 0.265000 0.674850 0.302500 0.674850 0.435833 0.650299 0.448333 0.653293 0.473333 0.671856 0.498333 0.677844 0.515833 0.676048 0.564167 0.652695 0.611667 0.649701 0.645833 0.635329 0.655833 0.623952 0.660833 0.599401
0 0.561667 0.542515 0.555000 0.549102 0.555000 0.553892 0.558333 0.556287 0.558333 0.557485 0.573333 0.567066 0.575000 0.567066 0.582500 0.572455 0.587500 0.574251 0.587500 0.575449 0.589167 0.575449 0.598333 0.581437 0.600833 0.582036 0.600000 0.582635 0.601667 0.583832 0.601667 0.587425 0.600000 0.589222 0.600000 0.595210 0.605000 0.599401 0.612500 0.600599 0.615000 0.602994 0.614167 0.603593 0.617500 0.604192 0.625000 0.610180 0.630833 0.611976 0.640833 0.610778 0.656667 0.600000 0.664167 0.592216 0.667500 0.586228 0.667500 0.582635 0.663333 0.579042 0.663333 0.577844 0.645000 0.571856 0.643333 0.568862 0.643333 0.565269 0.639167 0.561677 0.634167 0.562275 0.632500 0.563473 0.631667 0.562874 0.625000 0.565269 0.620000 0.565269 0.606667 0.557485 0.605000 0.557485 0.605000 0.556287 0.603333 0.556287 0.600833 0.554491 0.601667 0.553892 0.592500 0.550299 0.592500 0.549102 0.590833 0.549102 0.578333 0.540719 0.570000 0.538922 0.567500 0.541317 0.566667 0.540719
2 0.578333 0.229341 0.534167 0.219162 0.481667 0.220359 0.442500 0.227545 0.428333 0.239521 0.425000 0.262275 0.429167 0.297006 0.427500 0.349701 0.420000 0.380240 0.420833 0.431737 0.409167 0.438922 0.370000 0.450299 0.355833 0.461677 0.344167 0.480838 0.346667 0.516766 0.357500 0.534132 0.379167 0.544311 0.444167 0.555090 0.500833 0.555090 0.546667 0.550898 0.624167 0.534731 0.639167 0.526347 0.651667 0.508982 0.653333 0.475449 0.646667 0.463473 0.634167 0.451497 0.615000 0.441317 0.591667 0.434731 0.587500 0.428144 0.584167 0.289820 0.590833 0.262275 0.586667 0.235928
1 0.252500 0.412575 0.245000 0.431138 0.270000 0.452096 0.679167 0.682036 0.689167 0.693413 0.682500 0.714970 0.689167 0.724551 0.705000 0.732335 0.721667 0.733533 0.743333 0.729341 0.775000 0.710778 0.795833 0.690419 0.807500 0.670060 0.806667 0.650299 0.795833 0.643114 0.774167 0.637725 0.760000 0.643713 0.737500 0.644910 0.722500 0.639521 0.294167 0.401796 0.274167 0.401796
