0 0.500000 0.499401 0.480833 0.480240 0.440833 0.450299 0.431667 0.440120 0.417500 0.432934 0.410000 0.432934 0.385000 0.450299 0.378333 0.452695 0.361667 0.453293 0.344167 0.462874 0.323333 0.488024 0.310000 0.496407 0.300000 0.499401 0.291667 0.507784 0.274167 0.515569 0.255000 0.530539 0.244167 0.533533 0.208333 0.556886 0.193333 0.574850 0.190000 0.582635 0.191667 0.591617 0.216667 0.617365 0.229167 0.622156 0.246667 0.620359 0.395000 0.542515 0.401667 0.541317 0.429167 0.553293 0.445000 0.550299 0.447500 0.537126 0.454167 0.530539 0.461667 0.526946 0.480833 0.525150 0.496667 0.515569 0.502500 0.507784
1 0.835833 0.576048 0.823333 0.571856 0.791667 0.574251 0.115000 0.835928 0.083333 0.810180 0.064167 0.811976 0.032500 0.826946 0.031667 0.838922 0.062500 0.898204 0.109167 0.949102 0.137500 0.961677 0.159167 0.956886 0.180000 0.946108 0.167500 0.904790 0.851667 0.637725 0.869167 0.623353 0.869167 0.607784
4 0.382500 0.029341 0.348333 0.040719 0.338333 0.046707 0.321667 0.063473 0.310000 0.089222 0.313333 0.108383 0.320000 0.121557 0.330000 0.128144 0.357500 0.133533 0.363333 0.137725 0.388333 0.146707 0.392500 0.161677 0.405000 0.181437 0.422500 0.224551 0.439167 0.249102 0.453333 0.256886 0.474167 0.258683 0.509167 0.253293 0.527500 0.242515 0.534167 0.224551 0.533333 0.215569 0.508333 0.164072 0.495000 0.125150 0.496667 0.111377 0.515000 0.078443 0.516667 0.066467 0.513333 0.057485 0.494167 0.035928 0.460833 0.023952 0.430833 0.021557
0 0.507500 0.276048 0.509167 0.310180 0.521667 0.332335 0.533333 0.341916 0.561667 0.343713 0.587500 0.338323 0.618333 0.337725 0.640833 0.347904 0.654167 0.350299 0.675000 0.343114 0.695833 0.318563 0.740833 0.310778 0.855000 0.303593 0.873333 0.294012 0.878333 0.281437 0.875833 0.256886 0.864167 0.243114 0.819167 0.240120 0.750833 0.246108 0.695000 0.244311 0.681667 0.239521 0.664167 0.221557 0.647500 0.217365 0.633333 0.218563 0.620833 0.228144 0.605833 0.234731 0.580000 0.231737 0.565833 0.234731 0.540833 0.233533 0.525833 0.237126 0.517500 0.244910
4 0.353333 0.361677 0.270833 0.370659 0.251667 0.377246 0.246667 0.382635 0.245833 0.398802 0.256667 0.430539 0.253333 0.452096 0.258333 0.467665 0.257500 0.481437 0.263333 0.496407 0.265000 0.517365 0.270000 0.525150 0.270833 0.542515 0.267500 0.547305 0.240833 0.552096 0.226667 0.557485 0.215833 0.568263 0.220833 0.599401 0.225000 0.605988 0.236667 0.611377 0.275000 0.611976 0.346667 0.605988 0.386667 0.599401 0.426667 0.589820 0.457500 0.571856 0.460833 0.561078 0.451667 0.529940 0.412500 0.528144 0.399167 0.522754 0.400000 0.508982 0.389167 0.501796 0.386667 0.494611 0.390000 0.480838 0.376667 0.452695 0.375833 0.424551 0.363333 0.375449
0 0.495000 0.202994 0.478333 0.205988 0.467500 0.211377 0.460833 0.218563 0.450833 0.237725 0.440833 0.276647 0.416667 0.340719 0.403333 0.347305 0.390000 0.347904 0.365833 0.358084 0.356667 0.372455 0.365000 0.397605 0.356667 0.416168 0.355833 0.434132 0.360000 0.445509 0.370000 0.458084 0.397500 0.469461 0.453333 0.481437 0.480833 0.480240 0.502500 0.469461 0.508333 0.462275 0.514167 0.443713 0.510833 0.436527 0.512500 0.429940 0.534167 0.419162 0.541667 0.405389 0.535000 0.389222 0.519167 0.375449 0.505833 0.368263 0.505000 0.360479 0.544167 0.251497 0.547500 0.227545 0.540000 0.215569 0.517500 0.207186
2 0.590833 0.450299 0.518333 0.468263 0.419167 0.510778 0.349167 0.549102 0.338333 0.561078 0.330833 0.586228 0.345000 0.616766 0.370000 0.636527 0.389167 0.642515 0.414167 0.637725 0.432500 0.642515 0.456667 0.673653 0.485000 0.693413 0.520833 0.745509 0.540000 0.763473 0.543333 0.776048 0.564167 0.799401 0.572500 0.818563 0.592500 0.834731 0.606667 0.838922 0.717500 0.793413 0.729167 0.775449 0.730000 0.764671 0.714167 0.730539 0.686667 0.694611 0.683333 0.682635 0.665000 0.661078 0.608333 0.569461 0.609167 0.549102 0.621667 0.541916 0.638333 0.539521 0.652500 0.529341 0.662500 0.516766 0.660000 0.502994 0.639167 0.469461 0.615000 0.453892
0 0.791667 0.399401 0.766667 0.417365 0.750833 0.449701 0.740000 0.455689 0.745000 0.462275 0.737500 0.471257 0.725833 0.477844 0.728333 0.486228 0.724167 0.505389 0.719167 0.508383 0.693333 0.506587 0.682500 0.516766 0.689167 0.530539 0.689167 0.544311 0.673333 0.555689 0.663333 0.573653 0.668333 0.582036 0.698333 0.588024 0.719167 0.596407 0.742500 0.598802 0.755833 0.605389 0.762500 0.605988 0.771667 0.604192 0.780000 0.596407 0.782500 0.570659 0.790833 0.561078 0.812500 0.550898 0.811667 0.541916 0.791667 0.525748 0.790000 0.519162 0.795000 0.513772 0.803333 0.489820 0.816667 0.467066 0.819167 0.455090 0.831667 0.438323 0.835833 0.424551 0.835000 0.414970 0.828333 0.408982
2 0.593333 0.327545 0.575000 0.336527 0.544167 0.383832 0.521667 0.430539 0.521667 0.443713 0.494167 0.499401 0.482500 0.512575 0.474167 0.538323 0.452500 0.550299 0.424167 0.541317 0.383333 0.547305 0.367500 0.569461 0.355833 0.598802 0.367500 0.625150 0.427500 0.646108 0.566667 0.671856 0.645833 0.679641 0.682500 0.666467 0.702500 0.640719 0.705000 0.609581 0.696667 0.599401 0.664167 0.591018 0.665000 0.567066 0.706667 0.435928 0.737500 0.385030 0.743333 0.361677 0.739167 0.352695 0.714167 0.343713 0.662500 0.333533
2 0.291667 0.084431 0.235833 0.095808 0.205000 0.105988 0.190833 0.122156 0.187500 0.141916 0.200000 0.167066 0.207500 0.196407 0.235833 0.252096 0.246667 0.293413 0.238333 0.306587 0.206667 0.311976 0.195000 0.325150 0.195000 0.334731 0.205000 0.362874 0.225000 0.377844 0.237500 0.381437 0.273333 0.378443 0.287500 0.373653 0.313333 0.370659 0.375000 0.352695 0.448333 0.324551 0.463333 0.304192 0.457500 0.278443 0.443333 0.261078 0.424167 0.253892 0.398333 0.255689 0.385000 0.246108 0.370000 0.219162 0.359167 0.208383 0.341667 0.161677 0.317500 0.118563 0.313333 0.101198 0.301667 0.087425
4 0.488333 0.465868 0.461667 0.452695 0.442500 0.450898 0.387500 0.470060 0.381667 0.480240 0.400833 0.522754 0.400833 0.537126 0.377500 0.534731 0.328333 0.548503 0.291667 0.567066 0.175000 0.606587 0.159167 0.617365 0.155000 0.628144 0.174167 0.663473 0.196667 0.689222 0.220000 0.707186 0.243333 0.708982 0.265000 0.704790 0.283333 0.693413 0.323333 0.677245 0.340833 0.675449 0.426667 0.636527 0.440000 0.634731 0.450833 0.626946 0.467500 0.627545 0.480833 0.632934 0.498333 0.646707 0.523333 0.657485 0.546667 0.658084 0.597500 0.639521 0.596667 0.607186 0.571667 0.556886 0.531667 0.504790
0 0.380833 0.826946 0.375833 0.833533 0.372500 0.843713 0.376667 0.852695 0.403333 0.865868 0.427500 0.873054 0.491667 0.897605 0.495833 0.904192 0.495000 0.913174 0.498333 0.921557 0.504167 0.928144 0.517500 0.931138 0.542500 0.929341 0.549167 0.930539 0.557500 0.935329 0.563333 0.942515 0.574167 0.948503 0.585833 0.949701 0.603333 0.947904 0.609167 0.944910 0.629167 0.925749 0.639167 0.910778 0.645833 0.894611 0.644167 0.881437 0.638333 0.873653 0.629167 0.868263 0.620833 0.865269 0.599167 0.865868 0.590833 0.868263 0.578333 0.855689 0.561667 0.850299 0.548333 0.849701 0.535833 0.852695 0.522500 0.852096 0.511667 0.847305 0.488333 0.841916 0.436667 0.822755 0.407500 0.814970 0.394167 0.816766
2 0.215000 0.364072 0.199167 0.392216 0.191667 0.418563 0.190000 0.446707 0.202500 0.497605 0.211667 0.504192 0.251667 0.511976 0.282500 0.510778 0.299167 0.505389 0.308333 0.498802 0.319167 0.482635 0.327500 0.477844 0.355000 0.477246 0.380833 0.480240 0.410000 0.479042 0.430000 0.481437 0.490833 0.477844 0.504167 0.470659 0.518333 0.453293 0.525833 0.436527 0.526667 0.408982 0.514167 0.394611 0.491667 0.386826 0.453333 0.386826 0.434167 0.383234 0.340833 0.383832 0.334167 0.380240 0.324167 0.365269 0.310833 0.352695 0.285000 0.345509 0.245000 0.346707 0.225833 0.355090
