3 0.451667 0.177246 0.433333 0.185629 0.421667 0.214371 0.430000 0.261677 0.440833 0.428743 0.450833 0.464072 0.450000 0.479641 0.416667 0.489222 0.392500 0.501796 0.390833 0.529341 0.404167 0.540120 0.438333 0.547904 0.574167 0.549102 0.618333 0.528742 0.628333 0.515569 0.621667 0.488623 0.563333 0.478443 0.554167 0.462874 0.554167 0.419760 0.544167 0.347904 0.549167 0.313772 0.545833 0.285030 0.540000 0.273653 0.535000 0.207784 0.530000 0.195808 0.505833 0.179042 0.482500 0.175449
0 0.200000 0.479042 0.195000 0.491018 0.195833 0.495210 0.202500 0.502994 0.224167 0.511377 0.230000 0.511377 0.253333 0.517964 0.259167 0.517964 0.315833 0.532335 0.320833 0.538922 0.320833 0.545509 0.329167 0.557485 0.340833 0.561677 0.364167 0.558683 0.378333 0.563473 0.400000 0.564671 0.406667 0.564072 0.418333 0.559880 0.432500 0.544311 0.440000 0.531138 0.440000 0.526946 0.444167 0.522156 0.444167 0.508982 0.435833 0.498802 0.427500 0.495210 0.413333 0.492216 0.407500 0.493413 0.400833 0.492216 0.393333 0.482635 0.380000 0.477246 0.374167 0.477246 0.361667 0.480838 0.344167 0.492216 0.337500 0.492216 0.301667 0.482635 0.293333 0.482036 0.241667 0.468862 0.223333 0.465868 0.208333 0.468862
0 0.706667 0.265269 0.689167 0.268862 0.671667 0.277844 0.666667 0.288024 0.668333 0.299401 0.682500 0.332335 0.685833 0.352695 0.689167 0.358683 0.697500 0.364072 0.697500 0.371856 0.704167 0.387425 0.700000 0.399401 0.688333 0.407186 0.682500 0.419760 0.682500 0.426347 0.692500 0.435329 0.703333 0.437725 0.707500 0.441317 0.709167 0.447305 0.704167 0.461078 0.710833 0.478443 0.721667 0.485629 0.731667 0.488623 0.763333 0.487425 0.793333 0.478443 0.808333 0.476048 0.833333 0.466467 0.844167 0.456287 0.845000 0.442515 0.830833 0.427545 0.815833 0.422156 0.824167 0.413174 0.830833 0.399401 0.828333 0.389820 0.819167 0.383832 0.796667 0.382036 0.785833 0.377844 0.762500 0.335329 0.756667 0.313174 0.737500 0.274850 0.727500 0.266467
0 0.695833 0.500000 0.578333 0.501796 0.560000 0.503593 0.542500 0.513772 0.542500 0.542515 0.530000 0.556886 0.532500 0.567665 0.526667 0.579042 0.534167 0.588623 0.565000 0.600000 0.570833 0.613772 0.559167 0.650898 0.562500 0.665269 0.558333 0.673653 0.558333 0.704790 0.545000 0.735329 0.545000 0.743114 0.562500 0.769461 0.578333 0.776048 0.634167 0.778443 0.645833 0.771257 0.650833 0.764072 0.665000 0.604790 0.671667 0.598204 0.711667 0.586228 0.717500 0.580838 0.714167 0.572455 0.700833 0.562874 0.701667 0.552096 0.712500 0.537126 0.713333 0.516168 0.709167 0.506587
3 0.725000 0.352096 0.705833 0.346108 0.670833 0.355090 0.574167 0.400599 0.469167 0.444910 0.420833 0.473054 0.383333 0.447904 0.370000 0.449701 0.348333 0.459281 0.340833 0.470060 0.342500 0.487425 0.365000 0.520359 0.397500 0.553293 0.430833 0.574850 0.460833 0.571257 0.474167 0.562874 0.479167 0.538922 0.472500 0.529940 0.479167 0.521557 0.540833 0.492814 0.603333 0.468263 0.730833 0.406587 0.753333 0.391617 0.755000 0.383234 0.742500 0.365868
2 0.110000 0.526347 0.112500 0.571856 0.125833 0.608982 0.127500 0.638323 0.146667 0.686228 0.155833 0.726946 0.174167 0.738922 0.223333 0.739521 0.250000 0.735928 0.279167 0.725150 0.291667 0.716766 0.285000 0.707784 0.288333 0.696407 0.283333 0.685629 0.285000 0.680239 0.293333 0.676048 0.310833 0.674251 0.327500 0.678443 0.343333 0.676647 0.346667 0.672455 0.430000 0.664671 0.465000 0.657485 0.505000 0.658084 0.520000 0.651497 0.546667 0.646707 0.570833 0.635928 0.572500 0.595808 0.554167 0.544910 0.535833 0.523952 0.507500 0.521557 0.441667 0.525748 0.315833 0.542515 0.280833 0.550299 0.242500 0.549701 0.225000 0.527545 0.192500 0.504790 0.137500 0.507186
0 0.606667 0.230539 0.585000 0.244311 0.559167 0.255090 0.537500 0.270659 0.519167 0.277246 0.508333 0.296407 0.563333 0.329940 0.564167 0.334132 0.556667 0.346707 0.557500 0.357485 0.574167 0.361677 0.611667 0.353892 0.683333 0.419162 0.697500 0.425748 0.722500 0.453293 0.735833 0.460479 0.745833 0.462874 0.752500 0.461677 0.780000 0.447904 0.793333 0.435329 0.781667 0.402994 0.766667 0.388024 0.756667 0.384431 0.750000 0.376048 0.705000 0.343713 0.703333 0.340719 0.711667 0.330539 0.693333 0.323353 0.680833 0.323353 0.684167 0.312575 0.698333 0.298204 0.700833 0.288024 0.696667 0.283234 0.682500 0.279641 0.675000 0.270659 0.662500 0.271856 0.652500 0.268263 0.647500 0.250898 0.625833 0.230539 0.614167 0.228743
1 0.330000 0.259281 0.237500 0.295808 0.212500 0.318563 0.216667 0.329940 0.238333 0.347305 0.269167 0.345509 0.280000 0.349102 0.299167 0.385030 0.371667 0.474252 0.470000 0.621557 0.507500 0.665269 0.555833 0.754491 0.568333 0.765868 0.590833 0.774252 0.600833 0.773054 0.648333 0.752695 0.649167 0.740120 0.637500 0.714970 0.565833 0.621557 0.568333 0.610180 0.531667 0.571856 0.525000 0.549102 0.484167 0.508383 0.495000 0.501198 0.460833 0.467066 0.440833 0.429940 0.355833 0.313174 0.352500 0.301796 0.383333 0.283234 0.375000 0.263473 0.357500 0.254491
1 0.246667 0.107186 0.216667 0.125150 0.224167 0.152695 0.546667 0.574850 0.549167 0.590419 0.528333 0.616766 0.532500 0.635329 0.541667 0.641317 0.563333 0.641916 0.592500 0.632934 0.691667 0.589820 0.706667 0.576048 0.685000 0.546707 0.644167 0.553892 0.630000 0.546707 0.536667 0.431138 0.475833 0.341916 0.310833 0.126347 0.282500 0.104192 0.265000 0.102395
2 0.572500 0.112575 0.545000 0.122754 0.501667 0.145509 0.472500 0.168263 0.470833 0.175449 0.478333 0.180240 0.495000 0.219162 0.531667 0.256287 0.550000 0.268862 0.595833 0.317964 0.599167 0.326347 0.580833 0.340719 0.581667 0.355689 0.593333 0.370060 0.607500 0.380240 0.633333 0.389820 0.651667 0.385629 0.715833 0.356287 0.761667 0.328743 0.830833 0.299401 0.840833 0.288623 0.827500 0.265269 0.796667 0.243114 0.785000 0.241916 0.743333 0.255689 0.733333 0.253892 0.692500 0.212575 0.671667 0.197006 0.666667 0.188024 0.644167 0.170659 0.639167 0.161677 0.630833 0.157485 0.601667 0.125749 0.581667 0.113174
1 0.760000 0.211976 0.708333 0.207186 0.667500 0.250898 0.358333 0.838323 0.346667 0.843713 0.289167 0.840719 0.268333 0.867665 0.265000 0.882036 0.291667 0.905988 0.414167 0.946707 0.468333 0.956287 0.500833 0.945509 0.513333 0.926347 0.516667 0.905988 0.480833 0.888024 0.479167 0.871856 0.525833 0.763473 0.790833 0.270659 0.794167 0.233533
3 0.947500 0.397605 0.920000 0.395210 0.900833 0.398802 0.889167 0.405389 0.872500 0.422156 0.859167 0.447904 0.791667 0.548503 0.777500 0.563473 0.759167 0.594611 0.750833 0.599401 0.728333 0.600000 0.701667 0.604790 0.686667 0.615569 0.678333 0.635329 0.681667 0.647904 0.708333 0.679641 0.716667 0.683832 0.773333 0.700000 0.807500 0.700599 0.848333 0.693413 0.857500 0.685629 0.863333 0.673054 0.863333 0.663473 0.850833 0.629940 0.850833 0.617964 0.964167 0.444311 0.966667 0.413772 0.962500 0.407186
0 0.321667 0.550299 0.293333 0.566467 0.287500 0.573653 0.284167 0.586826 0.290000 0.605988 0.306667 0.619162 0.304167 0.630539 0.305833 0.644311 0.320000 0.657485 0.339167 0.664671 0.351667 0.665269 0.368333 0.671257 0.382500 0.689222 0.422500 0.757485 0.437500 0.767066 0.455833 0.768263 0.467500 0.765269 0.487500 0.754491 0.494167 0.746108 0.494167 0.738922 0.482500 0.714970 0.449167 0.663473 0.437500 0.638323 0.454167 0.627545 0.458333 0.620359 0.454167 0.599401 0.444167 0.590419 0.431667 0.583832 0.419167 0.556886 0.404167 0.544311 0.390833 0.540120 0.375833 0.540120
4 0.370833 0.176048 0.372500 0.224551 0.408333 0.311377 0.421667 0.331138 0.452500 0.358084 0.469167 0.362275 0.530833 0.349701 0.533333 0.331737 0.528333 0.304192 0.535000 0.296407 0.550833 0.297006 0.563333 0.291617 0.602500 0.287425 0.650833 0.274251 0.677500 0.273054 0.765000 0.256886 0.791667 0.244311 0.787500 0.211976 0.769167 0.172455 0.755000 0.156287 0.736667 0.151497 0.706667 0.159281 0.666667 0.162874 0.653333 0.167066 0.632500 0.167066 0.594167 0.179641 0.540833 0.189820 0.527500 0.189222 0.510833 0.195808 0.488333 0.186228 0.454167 0.155689 0.432500 0.150898 0.385000 0.159281 0.377500 0.163473
4 0.810833 0.174251 0.799167 0.170060 0.768333 0.173653 0.681667 0.197006 0.656667 0.201796 0.636667 0.208982 0.631667 0.208982 0.623333 0.204790 0.608333 0.188024 0.597500 0.182036 0.561667 0.190419 0.547500 0.198802 0.543333 0.205988 0.540833 0.231138 0.546667 0.252695 0.568333 0.287425 0.584167 0.299401 0.590833 0.310180 0.610000 0.326347 0.637500 0.327545 0.663333 0.316766 0.671667 0.299401 0.674167 0.277844 0.685833 0.276647 0.735833 0.262275 0.750833 0.259880 0.817500 0.241317 0.832500 0.234731 0.840000 0.220359 0.835833 0.205389 0.825000 0.186228
3 0.744167 0.322755 0.735000 0.300000 0.716667 0.281437 0.685000 0.279641 0.677500 0.282036 0.650833 0.311976 0.462500 0.299401 0.389167 0.291018 0.340000 0.289820 0.322500 0.292814 0.305833 0.301198 0.296667 0.322156 0.295833 0.338922 0.318333 0.352096 0.339167 0.356287 0.639167 0.383234 0.650000 0.391617 0.663333 0.416168 0.669167 0.419760 0.690000 0.423353 0.700833 0.421557 0.710833 0.414371 0.732500 0.383832 0.740833 0.359880
3 0.325000 0.582036 0.322500 0.610778 0.332500 0.685629 0.345000 0.719162 0.360000 0.731138 0.402500 0.725748 0.414167 0.705988 0.440000 0.692216 0.455000 0.694611 0.508333 0.692216 0.519167 0.687425 0.532500 0.691018 0.568333 0.689820 0.623333 0.683832 0.744167 0.679042 0.791667 0.667665 0.822500 0.652096 0.821667 0.603593 0.815000 0.596407 0.801667 0.591617 0.761667 0.589820 0.424167 0.608383 0.403333 0.605389 0.392500 0.589222 0.390000 0.574251 0.378333 0.565868 0.340833 0.567665 0.330000 0.573653
0 0.473333 0.186826 0.462500 0.191617 0.460833 0.191018 0.436667 0.202395 0.434167 0.202395 0.421667 0.207784 0.415833 0.206587 0.414167 0.204790 0.410000 0.204790 0.409167 0.203593 0.408333 0.204192 0.405000 0.202994 0.403333 0.204192 0.397500 0.204192 0.388333 0.208383 0.389167 0.208982 0.386667 0.210180 0.385833 0.212575 0.383333 0.213772 0.381667 0.216168 0.380833 0.215569 0.379167 0.216766 0.376667 0.216766 0.360833 0.224551 0.357500 0.230539 0.357500 0.233533 0.359167 0.235329 0.358333 0.235928 0.360000 0.237126 0.359167 0.237725 0.377500 0.256287 0.382500 0.258683 0.389167 0.259281 0.400000 0.254491 0.404167 0.253892 0.411667 0.249701 0.415000 0.249102 0.416667 0.250299 0.422500 0.250299 0.424167 0.249102 0.425000 0.249701 0.428333 0.247904 0.430833 0.247904 0.438333 0.242515 0.437500 0.241916 0.440000 0.238922 0.439167 0.233533 0.441667 0.228144 0.454167 0.222156 0.456667 0.222156 0.474167 0.213174 0.475833 0.213772 0.491667 0.205988
