1 0.737500 0.146108 0.605833 0.174850 0.585833 0.186228 0.588333 0.211976 0.604167 0.228743 0.653333 0.228743 0.664167 0.240120 0.728333 0.417365 0.734167 0.463473 0.748333 0.489222 0.758333 0.535928 0.807500 0.654491 0.863333 0.825749 0.885833 0.854491 0.937500 0.855689 0.970000 0.843713 0.976667 0.805389 0.861667 0.470659 0.823333 0.379042 0.801667 0.291018 0.775000 0.223353 0.780000 0.204192 0.819167 0.183234 0.821667 0.153293 0.817500 0.145509 0.795000 0.141317
1 0.577500 0.471856 0.516667 0.449701 0.486667 0.447305 0.475833 0.453293 0.460833 0.473054 0.477500 0.492814 0.474167 0.510778 0.162500 0.850299 0.155833 0.867665 0.171667 0.881437 0.205000 0.894012 0.221667 0.885030 0.543333 0.541916 0.557500 0.530539 0.595000 0.535329 0.606667 0.531138 0.620833 0.513174 0.619167 0.501198 0.601667 0.484431
3 0.504167 0.089222 0.500833 0.089820 0.495000 0.094611 0.492500 0.110180 0.493333 0.114970 0.490000 0.125150 0.490833 0.128743 0.489167 0.130539 0.488333 0.140120 0.486667 0.140719 0.483333 0.158683 0.481667 0.159281 0.482500 0.164072 0.480833 0.164671 0.476667 0.189820 0.477500 0.194611 0.473333 0.198802 0.462500 0.198802 0.455833 0.200599 0.453333 0.202395 0.451667 0.213174 0.453333 0.215569 0.465833 0.218563 0.475833 0.218563 0.477500 0.219760 0.499167 0.221557 0.506667 0.220359 0.523333 0.221557 0.530833 0.218563 0.534167 0.218563 0.536667 0.210778 0.535833 0.205988 0.533333 0.204192 0.520000 0.201796 0.517500 0.199401 0.526667 0.142515 0.525000 0.140719 0.530833 0.105988 0.530833 0.098204 0.527500 0.092216
3 0.370833 0.579641 0.349167 0.594611 0.343333 0.616168 0.365000 0.636527 0.408333 0.637725 0.422500 0.643114 0.460833 0.725748 0.475000 0.770659 0.498333 0.813174 0.500833 0.828743 0.534167 0.905389 0.548333 0.918563 0.558333 0.921557 0.623333 0.912575 0.632500 0.907784 0.637500 0.893413 0.627500 0.852096 0.594167 0.797605 0.570000 0.728743 0.545000 0.684431 0.545833 0.673054 0.532500 0.639521 0.533333 0.620958 0.541667 0.613174 0.555833 0.610180 0.574167 0.600000 0.580833 0.581437 0.559167 0.564072 0.524167 0.556287 0.452500 0.561078
1 0.069167 0.569461 0.050833 0.590419 0.063333 0.607784 0.465000 0.886826 0.465833 0.892216 0.450000 0.915569 0.465833 0.929940 0.475833 0.934731 0.501667 0.929341 0.553333 0.897006 0.583333 0.870659 0.583333 0.853892 0.565833 0.840719 0.555000 0.837725 0.534167 0.847904 0.516667 0.843114 0.439167 0.795210 0.246667 0.657485 0.117500 0.570659 0.092500 0.562275
0 0.400833 0.510778 0.390833 0.528144 0.390833 0.531737 0.399167 0.538323 0.556667 0.598204 0.558333 0.604790 0.553333 0.614371 0.552500 0.623952 0.561667 0.633533 0.587500 0.631138 0.646667 0.655090 0.657500 0.656287 0.664167 0.651497 0.691667 0.617964 0.695000 0.607784 0.716667 0.586228 0.718333 0.577844 0.715833 0.573653 0.689167 0.561677 0.680000 0.559281 0.669167 0.560479 0.655833 0.556287 0.642500 0.549102 0.634167 0.537725 0.623333 0.539521 0.600833 0.549102 0.592500 0.549701 0.560000 0.536527 0.520000 0.523952 0.479167 0.505988 0.466667 0.502994 0.445833 0.492216 0.431667 0.488623 0.422500 0.490419
4 0.624167 0.038922 0.595833 0.068862 0.575833 0.100599 0.575833 0.115569 0.583333 0.125749 0.594167 0.132335 0.645000 0.149102 0.660833 0.161078 0.711667 0.177246 0.745833 0.194012 0.760833 0.196407 0.770000 0.208383 0.763333 0.235928 0.771667 0.261677 0.778333 0.267665 0.815000 0.283832 0.832500 0.277844 0.856667 0.264671 0.881667 0.244311 0.928333 0.188623 0.948333 0.150299 0.950833 0.129940 0.945833 0.117964 0.912500 0.098204 0.889167 0.094012 0.875833 0.101198 0.843333 0.128144 0.835000 0.128144 0.796667 0.099401 0.750833 0.084431 0.740833 0.076048 0.684167 0.052695 0.665000 0.041916 0.640000 0.035329
2 0.521667 0.783832 0.505833 0.757485 0.481667 0.740120 0.453333 0.732934 0.426667 0.732335 0.405833 0.736527 0.390000 0.743713 0.360833 0.770060 0.257500 0.773653 0.204167 0.779641 0.188333 0.788623 0.180833 0.796407 0.171667 0.814371 0.172500 0.830539 0.180000 0.848503 0.187500 0.855090 0.208333 0.864072 0.244167 0.866467 0.366667 0.862275 0.379167 0.871257 0.390833 0.872455 0.396667 0.885030 0.412500 0.892216 0.429167 0.895210 0.460833 0.894611 0.483333 0.888024 0.500000 0.878443 0.525833 0.832335 0.525833 0.806587
3 0.845833 0.419760 0.828333 0.365269 0.808333 0.338323 0.778333 0.327545 0.742500 0.330539 0.726667 0.338922 0.714167 0.370659 0.689167 0.385030 0.272500 0.417964 0.214167 0.431138 0.206667 0.438323 0.204167 0.455090 0.216667 0.473653 0.217500 0.487425 0.230000 0.498204 0.255000 0.505988 0.383333 0.503593 0.715000 0.474850 0.735000 0.486228 0.758333 0.519760 0.792500 0.524551 0.824167 0.520958 0.848333 0.495210 0.851667 0.470060
0 0.756667 0.387425 0.752500 0.389820 0.753333 0.390419 0.751667 0.394611 0.752500 0.402994 0.754167 0.405389 0.753333 0.410778 0.755000 0.417365 0.754167 0.422754 0.755833 0.426347 0.755833 0.435928 0.754167 0.437725 0.744167 0.440120 0.741667 0.443114 0.742500 0.446108 0.748333 0.449701 0.747500 0.450299 0.749167 0.452096 0.749167 0.456886 0.745833 0.459281 0.745833 0.462275 0.744167 0.463473 0.745833 0.467665 0.748333 0.468862 0.749167 0.470659 0.766667 0.470659 0.775833 0.469461 0.790000 0.469461 0.795000 0.468263 0.795833 0.468862 0.799167 0.465269 0.799167 0.459281 0.795000 0.453892 0.795000 0.449102 0.800000 0.443713 0.796667 0.438922 0.785833 0.436527 0.783333 0.432934 0.783333 0.426347 0.781667 0.422754 0.781667 0.406587 0.780000 0.403593 0.780833 0.401198 0.779167 0.390419 0.775000 0.386826 0.769167 0.387425 0.767500 0.386228 0.762500 0.386228 0.757500 0.388024
2 0.796667 0.495210 0.763333 0.488024 0.726667 0.495210 0.685833 0.520958 0.659167 0.531138 0.561667 0.593413 0.549167 0.594611 0.517500 0.584431 0.486667 0.580240 0.450000 0.589820 0.409167 0.617365 0.400833 0.631737 0.398333 0.657485 0.422500 0.704790 0.442500 0.729940 0.480000 0.764072 0.561667 0.811377 0.580833 0.811377 0.626667 0.796407 0.647500 0.785030 0.665833 0.769461 0.675833 0.752096 0.676667 0.737725 0.666667 0.711377 0.670000 0.705389 0.755833 0.653293 0.787500 0.638922 0.847500 0.594611 0.852500 0.577246 0.840833 0.540120 0.829167 0.523353
3 0.559167 0.087425 0.512500 0.114970 0.477500 0.144311 0.468333 0.159281 0.473333 0.170060 0.492500 0.182635 0.519167 0.183234 0.533333 0.177246 0.544167 0.180838 0.559167 0.195210 0.716667 0.316168 0.745833 0.332934 0.753333 0.334731 0.760833 0.332335 0.781667 0.319162 0.797500 0.302395 0.796667 0.291617 0.788333 0.279641 0.605833 0.131737 0.605000 0.123952 0.619167 0.107784 0.619167 0.101198 0.600000 0.084431 0.586667 0.081437 0.570000 0.083234
0 0.343333 0.708982 0.327500 0.700599 0.317500 0.698802 0.309167 0.699401 0.295000 0.708383 0.290833 0.720359 0.285833 0.725150 0.272500 0.726946 0.253333 0.725150 0.250000 0.727545 0.245833 0.734731 0.252500 0.745509 0.255000 0.755090 0.247500 0.757485 0.144167 0.816766 0.142500 0.820359 0.144167 0.827545 0.165000 0.847305 0.175833 0.849701 0.189167 0.845509 0.258333 0.805988 0.290000 0.791018 0.297500 0.791018 0.317500 0.800599 0.323333 0.800599 0.334167 0.794012 0.335000 0.779641 0.342500 0.779042 0.350000 0.776048 0.363333 0.775449 0.372500 0.771856 0.385000 0.761677 0.383333 0.749102 0.365833 0.728743
3 0.721667 0.083832 0.685833 0.086228 0.660833 0.092814 0.638333 0.109581 0.630833 0.134731 0.657500 0.410180 0.669167 0.448503 0.636667 0.465269 0.602500 0.474850 0.596667 0.480240 0.593333 0.500599 0.603333 0.523952 0.629167 0.530539 0.645833 0.543114 0.665000 0.549701 0.742500 0.547305 0.822500 0.533533 0.865833 0.516168 0.879167 0.498802 0.871667 0.465868 0.839167 0.447904 0.809167 0.440719 0.800833 0.432934 0.787500 0.267066 0.766667 0.125749 0.747500 0.091018
