2 0.517500 0.293413 0.497500 0.304192 0.486667 0.321557 0.487500 0.359880 0.503333 0.376647 0.555000 0.388024 0.564167 0.398204 0.552500 0.439521 0.546667 0.491617 0.542500 0.612575 0.556667 0.626347 0.595833 0.633533 0.650000 0.635928 0.709167 0.630539 0.719167 0.623353 0.730000 0.597605 0.730000 0.565868 0.744167 0.468263 0.743333 0.402395 0.757500 0.393413 0.805000 0.390419 0.819167 0.383832 0.835000 0.356886 0.832500 0.313174 0.817500 0.305988 0.736667 0.304192 0.660833 0.295210 0.550000 0.290419
2 0.655833 0.456886 0.642500 0.461677 0.638333 0.464671 0.623333 0.471257 0.624167 0.471856 0.617500 0.476048 0.615000 0.480240 0.628333 0.498204 0.670000 0.537126 0.669167 0.540120 0.657500 0.547305 0.656667 0.551497 0.666667 0.563473 0.671667 0.565868 0.680000 0.567066 0.737500 0.540719 0.754167 0.529940 0.756667 0.524551 0.750833 0.515569 0.743333 0.508982 0.733333 0.507784 0.727500 0.509581 0.721667 0.513174 0.717500 0.512575 0.711667 0.508383 0.705000 0.499401 0.673333 0.471257 0.665000 0.461677 0.660000 0.458084
3 0.435833 0.511377 0.393333 0.597006 0.387500 0.631737 0.396667 0.643713 0.433333 0.649102 0.440833 0.646108 0.456667 0.623353 0.465833 0.619760 0.480000 0.620958 0.519167 0.632934 0.585833 0.645509 0.626667 0.658683 0.725833 0.682635 0.810833 0.695808 0.839167 0.690419 0.846667 0.677844 0.854167 0.643713 0.836667 0.629940 0.768333 0.610778 0.631667 0.580838 0.618333 0.574850 0.500833 0.549701 0.495000 0.544311 0.500833 0.510778 0.489167 0.502395 0.457500 0.497006 0.445833 0.501796
4 0.432500 0.350299 0.384167 0.359281 0.343333 0.377844 0.330000 0.388024 0.307500 0.414970 0.310000 0.429940 0.321667 0.449701 0.328333 0.452695 0.366667 0.453293 0.388333 0.463473 0.397500 0.483832 0.420000 0.516168 0.450000 0.571257 0.466667 0.589820 0.477500 0.592814 0.510833 0.590419 0.550833 0.576048 0.555833 0.572455 0.561667 0.558683 0.557500 0.543114 0.494167 0.429940 0.529167 0.397006 0.529167 0.385030 0.515000 0.359880 0.509167 0.355689 0.476667 0.349102
0 0.655833 0.430539 0.645000 0.443114 0.640833 0.450299 0.640833 0.454491 0.647500 0.459281 0.648333 0.458683 0.650000 0.459880 0.655833 0.459880 0.660000 0.462275 0.661667 0.466467 0.668333 0.468862 0.682500 0.464671 0.690833 0.468862 0.691667 0.468263 0.695000 0.470659 0.695833 0.470060 0.698333 0.471856 0.699167 0.471257 0.715833 0.479042 0.716667 0.478443 0.719167 0.480240 0.720000 0.479641 0.722500 0.481437 0.728333 0.481437 0.734167 0.477246 0.737500 0.473653 0.737500 0.470659 0.735833 0.468263 0.726667 0.462275 0.725000 0.462275 0.714167 0.456287 0.713333 0.456886 0.698333 0.448503 0.693333 0.444910 0.691667 0.440120 0.688333 0.436527 0.684167 0.434731 0.676667 0.435329 0.669167 0.429940 0.668333 0.430539 0.665833 0.428743 0.660000 0.428743
3 0.475000 0.514970 0.455833 0.514970 0.430000 0.520359 0.406667 0.536527 0.393333 0.597605 0.385000 0.704790 0.372500 0.791018 0.374167 0.819162 0.365000 0.827545 0.323333 0.835329 0.308333 0.852096 0.309167 0.879641 0.330000 0.884431 0.353333 0.901198 0.363333 0.904192 0.405000 0.907186 0.480833 0.904192 0.531667 0.891617 0.542500 0.882635 0.545833 0.860479 0.542500 0.850299 0.495833 0.825749 0.487500 0.816168 0.506667 0.665269 0.513333 0.544311 0.500833 0.522754
3 0.510833 0.253892 0.496667 0.252096 0.481667 0.253892 0.468333 0.263473 0.461667 0.279641 0.465833 0.286826 0.486667 0.301198 0.488333 0.308982 0.471667 0.329940 0.450000 0.368862 0.442500 0.373054 0.440833 0.380240 0.420833 0.407784 0.411667 0.426347 0.388333 0.454491 0.370000 0.485030 0.367500 0.495808 0.370833 0.503593 0.414167 0.522156 0.435000 0.518563 0.440000 0.508982 0.461667 0.488024 0.466667 0.477246 0.466667 0.468263 0.475833 0.450898 0.497500 0.419162 0.508333 0.409581 0.516667 0.387425 0.535000 0.367066 0.545000 0.349701 0.565833 0.336527 0.603333 0.336527 0.617500 0.325749 0.615833 0.310180 0.605000 0.294611 0.578333 0.282635 0.560833 0.270659
3 0.382500 0.604790 0.341667 0.640120 0.319167 0.668862 0.312500 0.685030 0.315000 0.694012 0.339167 0.705988 0.357500 0.704192 0.383333 0.711976 0.407500 0.725150 0.420000 0.728743 0.505833 0.767665 0.541667 0.788623 0.570000 0.801796 0.605833 0.807784 0.617500 0.807784 0.635833 0.795808 0.645000 0.779042 0.645833 0.773653 0.639167 0.764671 0.563333 0.722156 0.417500 0.647305 0.415833 0.640120 0.425833 0.625150 0.428333 0.614970 0.400833 0.600599
3 0.532500 0.208982 0.441667 0.265269 0.418333 0.288623 0.410833 0.302994 0.411667 0.308982 0.442500 0.328144 0.467500 0.322755 0.481667 0.314371 0.500000 0.320958 0.511667 0.335329 0.559167 0.362874 0.657500 0.438323 0.720833 0.480240 0.748333 0.490419 0.759167 0.489820 0.776667 0.482635 0.792500 0.470659 0.801667 0.453892 0.802500 0.441916 0.790000 0.423952 0.679167 0.341317 0.567500 0.267066 0.565000 0.256886 0.585833 0.236527 0.585833 0.227545 0.559167 0.207784
0 0.496667 0.452096 0.460000 0.464072 0.456667 0.470659 0.456667 0.484431 0.461667 0.498204 0.475000 0.518563 0.475833 0.530539 0.485000 0.538323 0.483333 0.547305 0.486667 0.552695 0.484167 0.556886 0.490833 0.561677 0.494167 0.568862 0.504167 0.579042 0.504167 0.586228 0.491667 0.592216 0.480000 0.602395 0.484167 0.611976 0.498333 0.619162 0.513333 0.632934 0.512500 0.647305 0.519167 0.665269 0.531667 0.674251 0.548333 0.671257 0.566667 0.664671 0.584167 0.662874 0.609167 0.652096 0.630833 0.647904 0.640000 0.641317 0.641667 0.631737 0.628333 0.616766 0.618333 0.609581 0.614167 0.594012 0.622500 0.579042 0.620833 0.574251 0.613333 0.568862 0.584167 0.566467 0.573333 0.559880 0.570833 0.551497 0.546667 0.513772 0.545000 0.505389 0.532500 0.489820 0.530833 0.478443 0.518333 0.459880 0.510833 0.453892
3 0.850833 0.435329 0.832500 0.423353 0.803333 0.422754 0.749167 0.441317 0.712500 0.461677 0.675833 0.475449 0.599167 0.517365 0.518333 0.553892 0.501667 0.557485 0.485000 0.570659 0.453333 0.585629 0.435833 0.585629 0.402500 0.567665 0.358333 0.586228 0.350833 0.599401 0.358333 0.622156 0.394167 0.677245 0.421667 0.702994 0.450833 0.724551 0.477500 0.734132 0.494167 0.732934 0.527500 0.716766 0.532500 0.706587 0.517500 0.670060 0.523333 0.658683 0.595000 0.628144 0.606667 0.618563 0.821667 0.516766 0.853333 0.509581 0.857500 0.498802 0.870833 0.492216 0.875833 0.478443 0.886667 0.471856 0.878333 0.468862
2 0.533333 0.671856 0.527500 0.670659 0.518333 0.674251 0.512500 0.678443 0.512500 0.682036 0.515833 0.684431 0.516667 0.687425 0.508333 0.692814 0.501667 0.695808 0.500833 0.695210 0.485833 0.703593 0.482500 0.704192 0.463333 0.714970 0.463333 0.717964 0.467500 0.722754 0.482500 0.736527 0.488333 0.735928 0.540833 0.711976 0.550833 0.717964 0.554167 0.718563 0.564167 0.716168 0.570000 0.711976 0.571667 0.707784 0.566667 0.700599 0.555000 0.689820 0.555000 0.688623 0.540000 0.676048
0 0.322500 0.273054 0.315833 0.282635 0.324167 0.302395 0.337500 0.316168 0.366667 0.355090 0.383333 0.382635 0.405000 0.407784 0.402500 0.415569 0.389167 0.420958 0.377500 0.431138 0.385000 0.437126 0.412500 0.446108 0.414167 0.456287 0.411667 0.464072 0.419167 0.477246 0.435000 0.487425 0.448333 0.488024 0.474167 0.480838 0.527500 0.455090 0.538333 0.444910 0.540833 0.434731 0.528333 0.417365 0.515000 0.407186 0.520000 0.386228 0.500000 0.383832 0.475000 0.368862 0.463333 0.341317 0.456667 0.335329 0.453333 0.327545 0.425000 0.298802 0.405833 0.274850 0.389167 0.263473 0.368333 0.260479
4 0.408333 0.277844 0.370833 0.273054 0.329167 0.274251 0.213333 0.292814 0.173333 0.305988 0.147500 0.320359 0.138333 0.332335 0.141667 0.365868 0.147500 0.378443 0.155000 0.383832 0.227500 0.384431 0.234167 0.389222 0.230833 0.432934 0.249167 0.471856 0.247500 0.484431 0.264167 0.534731 0.265000 0.549102 0.279167 0.574251 0.293333 0.579042 0.350000 0.572455 0.397500 0.560479 0.415833 0.549102 0.420833 0.539521 0.420833 0.523952 0.400000 0.480240 0.402500 0.464671 0.382500 0.422754 0.375000 0.389820 0.366667 0.380240 0.373333 0.366467 0.405833 0.351497 0.431667 0.326347 0.433333 0.312575 0.425000 0.284431
3 0.547500 0.438323 0.540000 0.439521 0.530000 0.445509 0.517500 0.461677 0.504167 0.489820 0.468333 0.547904 0.420833 0.635329 0.415833 0.639521 0.409167 0.640719 0.383333 0.636527 0.371667 0.638323 0.365833 0.642515 0.359167 0.656886 0.360833 0.664671 0.367500 0.669461 0.392500 0.680239 0.464167 0.699401 0.501667 0.704790 0.517500 0.700599 0.525833 0.680838 0.520000 0.672455 0.510833 0.667066 0.507500 0.649102 0.513333 0.644311 0.529167 0.617964 0.528333 0.611377 0.536667 0.605389 0.560000 0.558084 0.593333 0.501198 0.597500 0.483234 0.598333 0.462874 0.594167 0.453892
