2 0.517500 0.197006 0.490000 0.197605 0.481667 0.200000 0.466667 0.210778 0.455833 0.222754 0.452500 0.232934 0.456667 0.244311 0.469167 0.255689 0.469167 0.262874 0.444167 0.285629 0.439167 0.295210 0.394167 0.328743 0.385833 0.339521 0.372500 0.347904 0.360000 0.362275 0.345833 0.371257 0.334167 0.383832 0.338333 0.392216 0.403333 0.429940 0.423333 0.428743 0.442500 0.422156 0.475000 0.391018 0.580000 0.316168 0.596667 0.320359 0.609167 0.332934 0.630000 0.334132 0.666667 0.311377 0.670833 0.287425 0.652500 0.269461 0.577500 0.223952
4 0.547500 0.579641 0.520000 0.574251 0.491667 0.582036 0.447500 0.617964 0.430833 0.635928 0.387500 0.668862 0.366667 0.676647 0.313333 0.684431 0.297500 0.690419 0.283333 0.703593 0.271667 0.723353 0.275833 0.754491 0.285833 0.770659 0.329167 0.802994 0.365000 0.819761 0.386667 0.823952 0.415000 0.824551 0.434167 0.822156 0.458333 0.815569 0.480000 0.801198 0.490833 0.789820 0.494167 0.779042 0.484167 0.756886 0.486667 0.749102 0.481667 0.729341 0.560833 0.659281 0.585000 0.631138 0.586667 0.614970 0.564167 0.589820
2 0.438333 0.445509 0.424167 0.446108 0.386667 0.468862 0.366667 0.495210 0.223333 0.634731 0.210833 0.641317 0.197500 0.641916 0.138333 0.626946 0.121667 0.632934 0.099167 0.650898 0.084167 0.675449 0.082500 0.685629 0.089167 0.696407 0.148333 0.738922 0.304167 0.821557 0.338333 0.831737 0.355833 0.831138 0.383333 0.818563 0.405833 0.800599 0.418333 0.781437 0.414167 0.760479 0.378333 0.740120 0.374167 0.729341 0.380833 0.713174 0.452500 0.650299 0.534167 0.561677 0.561667 0.538922 0.569167 0.522754 0.558333 0.503593 0.475000 0.459281
4 0.650000 0.589222 0.642500 0.584431 0.626667 0.580240 0.590000 0.584431 0.581667 0.587425 0.568333 0.619760 0.555000 0.629940 0.461667 0.649102 0.437500 0.650299 0.413333 0.656287 0.393333 0.658084 0.370833 0.665269 0.365833 0.673653 0.365833 0.693413 0.369167 0.709581 0.379167 0.728144 0.390000 0.734731 0.406667 0.736527 0.521667 0.719760 0.587500 0.707186 0.599167 0.711976 0.625833 0.738922 0.643333 0.739521 0.675000 0.732934 0.690833 0.708383 0.691667 0.683832 0.680000 0.641916 0.667500 0.613174
0 0.767500 0.353892 0.754167 0.353892 0.745000 0.357485 0.720833 0.383832 0.712500 0.386826 0.698333 0.388024 0.689167 0.392814 0.688333 0.402395 0.699167 0.420958 0.690833 0.431138 0.631667 0.471856 0.590833 0.503593 0.587500 0.514371 0.590833 0.518563 0.590000 0.529940 0.595833 0.534731 0.620000 0.540719 0.638333 0.535329 0.746667 0.459880 0.751667 0.459281 0.775833 0.468862 0.788333 0.467665 0.793333 0.463473 0.793333 0.454491 0.803333 0.440719 0.809167 0.437126 0.824167 0.434731 0.839167 0.424551 0.844167 0.414970 0.840000 0.407784 0.825833 0.399401 0.799167 0.376048
3 0.429167 0.495808 0.425833 0.519162 0.431667 0.532335 0.441667 0.540719 0.465833 0.552695 0.486667 0.556287 0.576667 0.586826 0.603333 0.592814 0.657500 0.611377 0.665833 0.616766 0.719167 0.632335 0.725833 0.638323 0.726667 0.654491 0.735000 0.674251 0.755000 0.686228 0.780833 0.690419 0.797500 0.687425 0.840833 0.667665 0.849167 0.658084 0.869167 0.617365 0.869167 0.590419 0.857500 0.562275 0.841667 0.553892 0.816667 0.551497 0.785000 0.556287 0.766667 0.562275 0.748333 0.562275 0.495000 0.483832 0.457500 0.481437 0.442500 0.485629
0 0.569167 0.556287 0.543333 0.565868 0.535833 0.577246 0.535833 0.591617 0.546667 0.637126 0.546667 0.657485 0.549167 0.664671 0.557500 0.671856 0.560833 0.702994 0.554167 0.714970 0.536667 0.725748 0.530000 0.735329 0.528333 0.745509 0.532500 0.753293 0.550833 0.761078 0.555833 0.771257 0.547500 0.786826 0.550000 0.808383 0.564167 0.821557 0.578333 0.826347 0.613333 0.826946 0.666667 0.818563 0.697500 0.810778 0.717500 0.796407 0.720000 0.781437 0.710000 0.764671 0.689167 0.753892 0.700000 0.745509 0.711667 0.728144 0.710833 0.716766 0.705000 0.709581 0.673333 0.703593 0.661667 0.698204 0.652500 0.670060 0.647500 0.664072 0.639167 0.616168 0.625000 0.571856 0.615000 0.558683 0.600833 0.554491
3 0.616667 0.397605 0.583333 0.399401 0.569167 0.424551 0.570833 0.444910 0.611667 0.459880 0.616667 0.480240 0.599167 0.504790 0.565833 0.577246 0.516667 0.653892 0.473333 0.737725 0.460000 0.775449 0.465833 0.792814 0.477500 0.802994 0.520833 0.820359 0.542500 0.823952 0.554167 0.822755 0.565833 0.815569 0.581667 0.794611 0.655000 0.662275 0.685833 0.594611 0.696667 0.585030 0.740000 0.514970 0.753333 0.506587 0.802500 0.508383 0.815833 0.493413 0.825000 0.470659 0.792500 0.448503 0.708333 0.424551 0.671667 0.409581
2 0.364167 0.392814 0.347500 0.400000 0.316667 0.444311 0.293333 0.489222 0.292500 0.501796 0.275000 0.528144 0.264167 0.555689 0.252500 0.567066 0.243333 0.591617 0.223333 0.602395 0.195833 0.593413 0.155833 0.598802 0.129167 0.647305 0.139167 0.672455 0.194167 0.693413 0.340833 0.722754 0.403333 0.729341 0.438333 0.717365 0.458333 0.693413 0.461667 0.662874 0.454167 0.653293 0.424167 0.645509 0.425000 0.623353 0.438333 0.578443 0.469167 0.507784 0.469167 0.497605 0.500833 0.449102 0.506667 0.427545 0.501667 0.417964 0.480833 0.410180 0.432500 0.399401
1 0.179167 0.196407 0.165833 0.224551 0.183333 0.248503 0.196667 0.255689 0.230833 0.249102 0.250000 0.253892 0.628333 0.764072 0.660833 0.781437 0.697500 0.776048 0.726667 0.758683 0.726667 0.735329 0.716667 0.715569 0.350000 0.221557 0.352500 0.211976 0.387500 0.183234 0.374167 0.157485 0.364167 0.149102 0.326667 0.146707 0.270833 0.159281
0 0.649167 0.516766 0.610000 0.504790 0.540833 0.489222 0.523333 0.495808 0.511667 0.522754 0.486667 0.535329 0.480833 0.548503 0.485833 0.556886 0.481667 0.565269 0.487500 0.573054 0.485000 0.580838 0.495833 0.587425 0.493333 0.595808 0.480833 0.604790 0.473333 0.629341 0.455833 0.645509 0.450833 0.661078 0.436667 0.665868 0.428333 0.685030 0.430833 0.698802 0.444167 0.711377 0.483333 0.725150 0.490000 0.725150 0.506667 0.716766 0.523333 0.685629 0.567500 0.627545 0.579167 0.601796 0.587500 0.590419 0.591667 0.588623 0.621667 0.590419 0.628333 0.587425 0.635000 0.577246 0.624167 0.564671 0.640000 0.549701 0.643333 0.541317 0.651667 0.532335 0.653333 0.526347
4 0.525000 0.243713 0.427500 0.255689 0.410000 0.261078 0.405000 0.269461 0.408333 0.306587 0.439167 0.364671 0.461667 0.434132 0.475000 0.454491 0.475000 0.465868 0.466667 0.474850 0.447500 0.473054 0.413333 0.498802 0.430833 0.540719 0.448333 0.546707 0.509167 0.543114 0.565833 0.530539 0.635833 0.520359 0.682500 0.505988 0.704167 0.493413 0.709167 0.485030 0.689167 0.441317 0.663333 0.440719 0.629167 0.446108 0.615833 0.439521 0.605000 0.427545 0.537500 0.254491
2 0.549167 0.471856 0.519167 0.484431 0.508333 0.498802 0.484167 0.558084 0.480000 0.594611 0.455833 0.656886 0.441667 0.664671 0.415000 0.658084 0.389167 0.665269 0.380000 0.675449 0.370000 0.707784 0.381667 0.731737 0.425000 0.745509 0.535833 0.758084 0.618333 0.758683 0.645833 0.744910 0.660000 0.717964 0.655000 0.692216 0.649167 0.686826 0.623333 0.677844 0.616667 0.671856 0.615833 0.661078 0.623333 0.632934 0.620833 0.620958 0.637500 0.573054 0.640000 0.552096 0.647500 0.539521 0.655000 0.490419 0.648333 0.481437 0.620833 0.475449
0 0.395833 0.270659 0.395833 0.282635 0.398333 0.297006 0.397500 0.301198 0.405000 0.302395 0.405833 0.303593 0.420000 0.303593 0.424167 0.302395 0.430833 0.303593 0.432500 0.305389 0.435833 0.305988 0.442500 0.305389 0.446667 0.302395 0.447500 0.298802 0.450000 0.295210 0.452500 0.294012 0.470833 0.294012 0.482500 0.292814 0.496667 0.293413 0.517500 0.292216 0.520833 0.290419 0.522500 0.285629 0.522500 0.277844 0.520000 0.273653 0.515833 0.271257 0.450833 0.271257 0.446667 0.270060 0.442500 0.264671 0.435833 0.261078 0.429167 0.261078 0.424167 0.262874 0.421667 0.265269 0.402500 0.264671 0.399167 0.265868 0.397500 0.270060
2 0.955000 0.374251 0.945833 0.360479 0.932500 0.353892 0.896667 0.344910 0.864167 0.341916 0.829167 0.347305 0.807500 0.376647 0.791667 0.385030 0.775833 0.382036 0.760000 0.385629 0.674167 0.372455 0.647500 0.375449 0.552500 0.361677 0.477500 0.357485 0.452500 0.380240 0.440000 0.425748 0.440000 0.458683 0.450000 0.473653 0.470833 0.485629 0.486667 0.486826 0.495000 0.491617 0.598333 0.508383 0.627500 0.507186 0.655833 0.513174 0.672500 0.511976 0.708333 0.522156 0.725000 0.520958 0.735833 0.527545 0.750833 0.527545 0.764167 0.540120 0.763333 0.576048 0.776667 0.594611 0.812500 0.605988 0.850833 0.611377 0.875833 0.607784 0.896667 0.595808 0.905833 0.581437 0.936667 0.479641
