1 0.168333 0.444311 0.170833 0.468263 0.199167 0.480240 0.751667 0.529940 0.767500 0.535928 0.777500 0.559880 0.795833 0.567066 0.814167 0.564671 0.828333 0.535928 0.836667 0.461677 0.830000 0.453293 0.816667 0.450299 0.794167 0.450898 0.780833 0.472455 0.765000 0.476647 0.620833 0.464072 0.489167 0.447305 0.200000 0.423353 0.183333 0.425748
2 0.573333 0.507784 0.550000 0.492216 0.510833 0.488024 0.481667 0.495210 0.474167 0.501198 0.468333 0.518563 0.460833 0.524551 0.450833 0.526946 0.406667 0.527545 0.395000 0.530539 0.345000 0.528144 0.299167 0.529940 0.281667 0.526946 0.260000 0.529940 0.235000 0.527545 0.215833 0.530539 0.205833 0.535928 0.202500 0.553293 0.203333 0.580240 0.209167 0.603593 0.227500 0.620359 0.250833 0.628144 0.333333 0.634132 0.350833 0.631138 0.390000 0.631138 0.469167 0.636527 0.480833 0.644910 0.475833 0.661078 0.491667 0.680239 0.504167 0.684431 0.553333 0.685030 0.574167 0.677844 0.580833 0.671856 0.590000 0.641317 0.587500 0.565269
3 0.336667 0.844910 0.332500 0.843114 0.329167 0.844311 0.329167 0.846707 0.323333 0.851497 0.323333 0.859281 0.318333 0.860479 0.310000 0.865269 0.294167 0.870659 0.290833 0.873653 0.285000 0.875449 0.268333 0.884431 0.263333 0.885629 0.257500 0.888623 0.249167 0.890419 0.244167 0.895210 0.247500 0.903593 0.255000 0.907186 0.258333 0.907186 0.280000 0.897605 0.285000 0.896407 0.299167 0.889222 0.308333 0.886228 0.315833 0.882036 0.320833 0.880838 0.337500 0.872455 0.345000 0.877844 0.348333 0.879042 0.350833 0.879042 0.355833 0.876647 0.357500 0.874850 0.357500 0.872455 0.355000 0.869461 0.355833 0.866467 0.345000 0.852695 0.342500 0.851497 0.340833 0.848503 0.336667 0.846108
0 0.200000 0.221557 0.185000 0.253293 0.165000 0.312575 0.165000 0.326946 0.169167 0.335928 0.175000 0.338922 0.213333 0.344311 0.231667 0.357485 0.246667 0.359281 0.263333 0.367665 0.280000 0.366467 0.291667 0.357485 0.315000 0.349102 0.328333 0.359880 0.343333 0.361677 0.348333 0.370659 0.360000 0.364671 0.376667 0.371257 0.390000 0.370060 0.425000 0.380240 0.434167 0.386826 0.449167 0.386228 0.490833 0.399401 0.537500 0.395210 0.554167 0.386228 0.573333 0.347904 0.571667 0.339521 0.559167 0.329341 0.337500 0.274251 0.329167 0.265269 0.328333 0.241916 0.317500 0.229341 0.281667 0.237126 0.272500 0.235329 0.259167 0.223353 0.238333 0.217365 0.215833 0.215569
3 0.312500 0.125749 0.276667 0.128743 0.261667 0.141317 0.256667 0.170060 0.268333 0.186228 0.295000 0.200000 0.295833 0.211377 0.280833 0.238922 0.194167 0.458683 0.186667 0.498802 0.188333 0.505988 0.199167 0.511976 0.248333 0.521557 0.278333 0.521557 0.295000 0.511976 0.308333 0.497605 0.424167 0.229341 0.436667 0.222156 0.473333 0.223353 0.486667 0.218563 0.500833 0.188024 0.495000 0.172455 0.480833 0.161677 0.459167 0.152695 0.373333 0.132335
2 0.329167 0.355090 0.272500 0.422156 0.246667 0.473054 0.245000 0.485030 0.228333 0.510778 0.225833 0.535329 0.237500 0.550898 0.260000 0.562874 0.305000 0.573054 0.334167 0.564671 0.363333 0.537725 0.380000 0.533533 0.405833 0.546707 0.425833 0.549701 0.481667 0.565868 0.494167 0.573054 0.562500 0.588024 0.609167 0.602395 0.637500 0.602994 0.651667 0.596407 0.663333 0.581437 0.665000 0.568263 0.690000 0.532934 0.693333 0.521557 0.690000 0.499401 0.664167 0.483832 0.640833 0.475449 0.600000 0.465868 0.490833 0.428743 0.437500 0.414970 0.432500 0.407784 0.435000 0.375449 0.404167 0.355090 0.363333 0.346707
1 0.536667 0.188623 0.478333 0.190419 0.463333 0.199401 0.454167 0.222754 0.436667 0.393413 0.441667 0.412575 0.426667 0.467066 0.439167 0.519760 0.422500 0.528742 0.432500 0.596407 0.422500 0.607186 0.408333 0.820359 0.396667 0.828743 0.358333 0.837126 0.344167 0.858084 0.352500 0.883234 0.378333 0.891018 0.464167 0.895808 0.529167 0.891617 0.576667 0.877245 0.583333 0.857485 0.573333 0.832335 0.546667 0.827545 0.534167 0.811976 0.541667 0.762275 0.535833 0.619162 0.550000 0.555689 0.543333 0.538922 0.560833 0.417964 0.555000 0.388623 0.562500 0.371856 0.555000 0.350898 0.583333 0.248503 0.577500 0.213174 0.558333 0.194012
0 0.877500 0.733533 0.858333 0.751497 0.859167 0.753892 0.863333 0.756886 0.865833 0.756886 0.873333 0.761078 0.875000 0.764671 0.880000 0.765269 0.880833 0.764072 0.887500 0.762275 0.919167 0.779641 0.925833 0.781437 0.932500 0.776647 0.935000 0.773054 0.933333 0.770060 0.908333 0.756886 0.900000 0.750898 0.900000 0.748503 0.902500 0.744910 0.901667 0.743114 0.895833 0.743114 0.888333 0.740120 0.884167 0.734132
0 0.780833 0.514970 0.771667 0.503593 0.763333 0.500599 0.750000 0.500000 0.605833 0.528144 0.595000 0.527545 0.578333 0.510778 0.569167 0.507784 0.550000 0.513772 0.543333 0.526946 0.513333 0.522754 0.490000 0.525748 0.474167 0.532934 0.470833 0.544311 0.478333 0.576048 0.488333 0.598802 0.502500 0.616766 0.515000 0.623353 0.522500 0.623952 0.543333 0.619162 0.563333 0.603593 0.579167 0.605389 0.593333 0.613174 0.600833 0.613772 0.614167 0.608383 0.619167 0.582036 0.662500 0.570659 0.742500 0.556287 0.776667 0.547904 0.785000 0.536527 0.785000 0.524551
2 0.670000 0.231138 0.628333 0.226347 0.592500 0.240719 0.567500 0.264671 0.565833 0.273054 0.579167 0.293413 0.575000 0.301198 0.535833 0.325749 0.520833 0.342515 0.483333 0.360479 0.433333 0.392216 0.413333 0.398204 0.369167 0.420958 0.350833 0.435928 0.349167 0.444910 0.389167 0.485030 0.424167 0.513174 0.455833 0.516766 0.479167 0.510180 0.520000 0.486826 0.569167 0.467066 0.633333 0.429940 0.655833 0.423952 0.692500 0.405988 0.716667 0.404192 0.739167 0.425748 0.763333 0.434731 0.775833 0.432934 0.824167 0.409581 0.838333 0.389222 0.838333 0.381437 0.814167 0.344910 0.747500 0.285629 0.697500 0.247305
3 0.576667 0.652096 0.550000 0.620958 0.540000 0.619760 0.512500 0.623952 0.504167 0.633533 0.501667 0.652695 0.488333 0.661677 0.453333 0.664072 0.196667 0.697006 0.175833 0.708383 0.172500 0.719162 0.176667 0.724551 0.176667 0.737725 0.186667 0.752096 0.213333 0.757485 0.231667 0.757485 0.254167 0.753293 0.345000 0.745509 0.427500 0.732335 0.495833 0.727545 0.510000 0.722754 0.520833 0.732934 0.529167 0.747904 0.537500 0.752695 0.567500 0.750299 0.578333 0.744311 0.586667 0.722754 0.586667 0.691617
4 0.816667 0.539521 0.794167 0.538323 0.759167 0.544311 0.672500 0.576048 0.565000 0.605389 0.552500 0.606587 0.544167 0.602994 0.541667 0.589820 0.507500 0.568862 0.481667 0.574251 0.450000 0.586228 0.446667 0.600000 0.459167 0.644311 0.476667 0.668263 0.501667 0.721557 0.519167 0.744910 0.540833 0.762874 0.556667 0.767066 0.610833 0.749102 0.609167 0.732335 0.597500 0.708383 0.605000 0.698204 0.616667 0.691617 0.807500 0.636527 0.821667 0.629341 0.840000 0.625749 0.853333 0.617964 0.850000 0.601796 0.837500 0.582635 0.833333 0.562275
1 0.275000 0.751497 0.274167 0.762275 0.279167 0.768263 0.288333 0.772455 0.551667 0.794012 0.568333 0.797006 0.598333 0.797006 0.611667 0.802395 0.613333 0.814970 0.621667 0.819162 0.636667 0.817964 0.641667 0.811976 0.651667 0.771856 0.650000 0.757485 0.645833 0.753892 0.625833 0.753293 0.620000 0.764671 0.612500 0.768263 0.290833 0.741317 0.278333 0.745509
4 0.211667 0.234731 0.187500 0.265868 0.173333 0.296407 0.172500 0.311976 0.179167 0.334731 0.188333 0.349701 0.204167 0.365868 0.229167 0.377844 0.251667 0.384431 0.275000 0.381437 0.295833 0.370659 0.308333 0.370060 0.325833 0.362874 0.340833 0.361078 0.362500 0.370659 0.395000 0.377844 0.466667 0.402994 0.508333 0.412575 0.533333 0.409581 0.564167 0.385629 0.575000 0.370659 0.576667 0.350299 0.564167 0.334132 0.539167 0.320359 0.458333 0.295808 0.399167 0.271856 0.383333 0.258683 0.360833 0.223952 0.342500 0.209581 0.320833 0.202994 0.286667 0.200000 0.245000 0.211377 0.227500 0.220958
3 0.267500 0.205988 0.258333 0.219162 0.265000 0.232934 0.301667 0.264072 0.373333 0.302395 0.449167 0.356886 0.504167 0.387425 0.510833 0.397006 0.545833 0.420958 0.562500 0.441317 0.560833 0.451497 0.549167 0.461078 0.540833 0.478443 0.544167 0.489222 0.553333 0.497605 0.583333 0.502994 0.619167 0.496407 0.680000 0.465269 0.741667 0.416168 0.750000 0.392814 0.740000 0.372455 0.704167 0.362275 0.652500 0.380240 0.551667 0.317964 0.503333 0.281437 0.455833 0.255090 0.355000 0.184431 0.335000 0.177246 0.315833 0.176647
4 0.617500 0.698204 0.588333 0.722156 0.569167 0.750299 0.547500 0.798802 0.532500 0.849102 0.535000 0.869461 0.544167 0.886826 0.555000 0.893413 0.609167 0.904192 0.615000 0.902395 0.637500 0.872455 0.647500 0.866467 0.658333 0.871257 0.676667 0.871257 0.703333 0.880838 0.734167 0.885030 0.860833 0.916766 0.887500 0.918563 0.896667 0.915569 0.917500 0.883234 0.930000 0.840120 0.924167 0.826946 0.905000 0.817964 0.884167 0.815569 0.822500 0.795808 0.765833 0.789222 0.697500 0.769461 0.690000 0.756886 0.693333 0.734132 0.687500 0.720958 0.666667 0.707186
3 0.521667 0.431138 0.491667 0.428743 0.452500 0.431138 0.440000 0.446108 0.437500 0.459880 0.459167 0.658683 0.458333 0.718563 0.455000 0.726347 0.403333 0.740120 0.400000 0.749701 0.403333 0.774850 0.413333 0.781437 0.468333 0.783234 0.574167 0.776048 0.607500 0.770060 0.626667 0.759880 0.626667 0.736527 0.620000 0.724551 0.580833 0.722754 0.565000 0.716766 0.545000 0.473653 0.539167 0.449102
3 0.432500 0.286826 0.395833 0.292216 0.374167 0.300599 0.362500 0.309581 0.359167 0.335329 0.370000 0.346108 0.415833 0.355090 0.424167 0.361677 0.420000 0.385629 0.424167 0.421557 0.425000 0.604192 0.435000 0.625150 0.451667 0.638323 0.492500 0.646108 0.515833 0.640719 0.524167 0.634132 0.532500 0.617365 0.538333 0.557485 0.532500 0.489820 0.535000 0.395808 0.541667 0.380240 0.540000 0.361677 0.548333 0.352695 0.578333 0.344311 0.585833 0.329341 0.586667 0.316168 0.579167 0.304192 0.539167 0.291018 0.499167 0.286826
