1 0.840833 0.283234 0.807500 0.263473 0.771667 0.269461 0.167500 0.595808 0.139167 0.601198 0.105833 0.580240 0.080000 0.588024 0.065000 0.600599 0.066667 0.613772 0.091667 0.633533 0.132500 0.685030 0.175833 0.716766 0.195833 0.720359 0.208333 0.715569 0.228333 0.695210 0.213333 0.673054 0.220833 0.657485 0.827500 0.331737 0.854167 0.304192
4 0.761667 0.394012 0.735000 0.392814 0.699167 0.397006 0.600000 0.422156 0.573333 0.432335 0.550000 0.446108 0.536667 0.457485 0.533333 0.467066 0.548333 0.500000 0.558333 0.507186 0.589167 0.506587 0.602500 0.503593 0.614167 0.505988 0.615000 0.514970 0.627500 0.529341 0.630000 0.545509 0.651667 0.574251 0.683333 0.646108 0.695833 0.661078 0.705833 0.663473 0.758333 0.655090 0.792500 0.643114 0.809167 0.634132 0.811667 0.616766 0.800833 0.601796 0.783333 0.556287 0.765833 0.535928 0.759167 0.516168 0.749167 0.501198 0.749167 0.491617 0.740833 0.483234 0.740833 0.478443 0.750833 0.466467 0.785000 0.444311 0.789167 0.429341 0.773333 0.397605
3 0.680000 0.523952 0.670000 0.528144 0.667500 0.530539 0.665833 0.535329 0.672500 0.548503 0.675000 0.550299 0.675000 0.552096 0.676667 0.552695 0.679167 0.558084 0.682500 0.561078 0.686667 0.569461 0.688333 0.570060 0.688333 0.571856 0.690000 0.572455 0.690000 0.574251 0.698333 0.584431 0.700000 0.589222 0.703333 0.592814 0.703333 0.594611 0.705000 0.595210 0.705000 0.597605 0.706667 0.598204 0.706667 0.600000 0.708333 0.600599 0.708333 0.602395 0.713333 0.608982 0.714167 0.612575 0.712500 0.614371 0.701667 0.620359 0.705000 0.628743 0.708333 0.631737 0.715833 0.632335 0.750000 0.623952 0.755833 0.620359 0.758333 0.620359 0.765000 0.615569 0.766667 0.615569 0.770833 0.611377 0.770000 0.605389 0.767500 0.601796 0.764167 0.599401 0.752500 0.601198 0.746667 0.601198 0.743333 0.599401 0.729167 0.577246 0.723333 0.571257 0.723333 0.568862 0.721667 0.568263 0.718333 0.561078 0.714167 0.556886 0.714167 0.555090 0.706667 0.544910 0.700000 0.532335 0.695000 0.528742 0.695000 0.526946 0.690833 0.524551 0.685000 0.523353
3 0.279167 0.540719 0.249167 0.563473 0.225000 0.588623 0.214167 0.607186 0.170833 0.657485 0.168333 0.672455 0.212500 0.691018 0.258333 0.662275 0.269167 0.661677 0.313333 0.685030 0.568333 0.797605 0.610000 0.810180 0.623333 0.810180 0.635000 0.805389 0.660833 0.783832 0.674167 0.765269 0.675833 0.753892 0.670000 0.743114 0.534167 0.679641 0.457500 0.650898 0.364167 0.607186 0.332500 0.597605 0.325833 0.589222 0.330833 0.577844 0.341667 0.568263 0.343333 0.556287 0.305000 0.535329 0.293333 0.534731
1 0.721667 0.538323 0.708333 0.535928 0.697500 0.540120 0.658333 0.576048 0.641667 0.588024 0.610833 0.617964 0.528333 0.686826 0.510000 0.682036 0.501667 0.688024 0.500000 0.692216 0.505000 0.698204 0.547500 0.724551 0.555833 0.726347 0.562500 0.723353 0.565833 0.716168 0.556667 0.707186 0.556667 0.704192 0.571667 0.695808 0.584167 0.681437 0.602500 0.667066 0.616667 0.650299 0.622500 0.647904 0.710833 0.569461 0.728333 0.556287 0.732500 0.549102
0 0.435833 0.569461 0.428333 0.590419 0.429167 0.608383 0.435000 0.620359 0.455000 0.626946 0.477500 0.627545 0.500000 0.631737 0.510000 0.636527 0.515833 0.643713 0.525000 0.647305 0.539167 0.646707 0.549167 0.643114 0.565000 0.630539 0.580000 0.629341 0.610000 0.632335 0.683333 0.644910 0.694167 0.644910 0.710000 0.640719 0.719167 0.629940 0.723333 0.608383 0.718333 0.600000 0.698333 0.593413 0.627500 0.583234 0.592500 0.574251 0.583333 0.570060 0.570833 0.548503 0.555833 0.543713 0.540000 0.549102 0.524167 0.551497 0.509167 0.545509 0.493333 0.544910 0.474167 0.540120 0.462500 0.540719 0.455000 0.544910
3 0.805833 0.308383 0.794167 0.303593 0.779167 0.303593 0.725833 0.311976 0.649167 0.330539 0.576667 0.342515 0.474167 0.365868 0.461667 0.363473 0.448333 0.341317 0.440000 0.334132 0.400833 0.341317 0.395000 0.350299 0.396667 0.367066 0.424167 0.441317 0.438333 0.463473 0.445833 0.470659 0.455000 0.473054 0.488333 0.465868 0.491667 0.458683 0.488333 0.434731 0.504167 0.426946 0.561667 0.416766 0.590833 0.407784 0.645000 0.400599 0.732500 0.383832 0.815833 0.358084 0.823333 0.353293 0.825000 0.343713
1 0.466667 0.172455 0.422500 0.172455 0.402500 0.180240 0.394167 0.197006 0.393333 0.211976 0.424167 0.231138 0.429167 0.240120 0.391667 0.340719 0.393333 0.353293 0.385000 0.362874 0.388333 0.373054 0.376667 0.385629 0.378333 0.394012 0.354167 0.443114 0.295833 0.612575 0.293333 0.638922 0.278333 0.668263 0.289167 0.694611 0.318333 0.706587 0.352500 0.695808 0.361667 0.686228 0.512500 0.257485 0.520000 0.252096 0.533333 0.252096 0.562500 0.241916 0.572500 0.221557 0.568333 0.210180 0.535833 0.189820
3 0.639167 0.449701 0.597500 0.441317 0.536667 0.440719 0.510000 0.445509 0.497500 0.454491 0.495000 0.478443 0.505000 0.489222 0.522500 0.500599 0.525833 0.510180 0.495000 0.602395 0.468333 0.699401 0.470000 0.722754 0.481667 0.732335 0.499167 0.735329 0.518333 0.734132 0.540000 0.727545 0.550000 0.717964 0.566667 0.673653 0.572500 0.643713 0.612500 0.534731 0.615833 0.514970 0.637500 0.508383 0.660833 0.505988 0.674167 0.487425 0.673333 0.474850
0 0.729167 0.444910 0.715000 0.441317 0.695833 0.447904 0.590000 0.508383 0.565833 0.518563 0.555833 0.518563 0.529167 0.505988 0.521667 0.506587 0.508333 0.514970 0.507500 0.534132 0.468333 0.540120 0.447500 0.552096 0.441667 0.558683 0.443333 0.571856 0.468333 0.601198 0.497500 0.626347 0.521667 0.638323 0.541667 0.638922 0.559167 0.629341 0.565833 0.611377 0.572500 0.605389 0.591667 0.602395 0.602500 0.604790 0.615833 0.604192 0.625000 0.594012 0.611667 0.565868 0.623333 0.561677 0.757500 0.483832 0.759167 0.477844 0.753333 0.466467
1 0.447500 0.337725 0.434167 0.333533 0.430000 0.334132 0.423333 0.339521 0.420833 0.344311 0.430833 0.352695 0.429167 0.356886 0.393333 0.390419 0.387500 0.393413 0.361667 0.420359 0.350833 0.428144 0.334167 0.445509 0.269167 0.504192 0.268333 0.511976 0.271667 0.515569 0.282500 0.520958 0.293333 0.520359 0.300000 0.516766 0.405833 0.417964 0.435000 0.393413 0.453333 0.373653 0.462500 0.371257 0.470000 0.374850 0.475833 0.375449 0.483333 0.371856 0.486667 0.364671 0.482500 0.359281
0 0.270833 0.485629 0.239167 0.504790 0.220000 0.521557 0.195833 0.534731 0.191667 0.540120 0.191667 0.545509 0.210833 0.561677 0.219167 0.565868 0.227500 0.566467 0.246667 0.580838 0.250000 0.592814 0.262500 0.593413 0.283333 0.589222 0.290833 0.591018 0.345833 0.628144 0.368333 0.646707 0.384167 0.656287 0.397500 0.668862 0.409167 0.674850 0.415000 0.675449 0.423333 0.673054 0.442500 0.662275 0.458333 0.648503 0.460000 0.644910 0.455833 0.638323 0.409167 0.602994 0.340000 0.555090 0.340000 0.549701 0.347500 0.543713 0.353333 0.533533 0.348333 0.522754 0.329167 0.521557 0.319167 0.517365 0.282500 0.488024
3 0.828333 0.433533 0.795833 0.422754 0.772500 0.422754 0.722500 0.443114 0.642500 0.504192 0.615833 0.530539 0.591667 0.542515 0.525833 0.588623 0.475833 0.628743 0.455833 0.623952 0.439167 0.624551 0.413333 0.639521 0.406667 0.653892 0.419167 0.676647 0.470000 0.714371 0.529167 0.747305 0.561667 0.761078 0.579167 0.762874 0.587500 0.760479 0.605000 0.746108 0.609167 0.731737 0.585000 0.697605 0.844167 0.478443 0.850833 0.457485
4 0.755833 0.499401 0.735000 0.489222 0.679167 0.492216 0.570000 0.516766 0.531667 0.519162 0.499167 0.531138 0.470833 0.534132 0.458333 0.540120 0.445000 0.531737 0.421667 0.504192 0.407500 0.495808 0.391667 0.494012 0.365833 0.497605 0.324167 0.508982 0.307500 0.531138 0.305000 0.581437 0.330833 0.653892 0.350833 0.688623 0.374167 0.713772 0.410833 0.737126 0.457500 0.727545 0.480833 0.717964 0.503333 0.680239 0.504167 0.660479 0.511667 0.655689 0.570000 0.644910 0.587500 0.637725 0.602500 0.638323 0.690000 0.622156 0.781667 0.595808 0.791667 0.584431 0.792500 0.558683 0.774167 0.520359
3 0.715000 0.350898 0.707500 0.346108 0.692500 0.347305 0.684167 0.350299 0.674167 0.351497 0.667500 0.354491 0.664167 0.353892 0.663333 0.355090 0.645000 0.358683 0.644167 0.359880 0.642500 0.359281 0.637500 0.361677 0.620000 0.364671 0.611667 0.368263 0.600000 0.369461 0.583333 0.374850 0.578333 0.374850 0.572500 0.378443 0.568333 0.378443 0.561667 0.371856 0.561667 0.370060 0.555000 0.366467 0.551667 0.365868 0.543333 0.368263 0.539167 0.371856 0.539167 0.377246 0.540833 0.379042 0.539167 0.384431 0.542500 0.389820 0.541667 0.391018 0.545833 0.401796 0.556667 0.419760 0.562500 0.423952 0.565000 0.424551 0.570000 0.421557 0.570000 0.419162 0.580833 0.413174 0.582500 0.409581 0.580833 0.405389 0.585000 0.401796 0.595000 0.400599 0.606667 0.396407 0.608333 0.397006 0.614167 0.394611 0.620000 0.394611 0.625833 0.392216 0.632500 0.391617 0.642500 0.386826 0.648333 0.386826 0.664167 0.380838 0.669167 0.380838 0.676667 0.377844 0.683333 0.377246 0.686667 0.375449 0.688333 0.376048 0.689167 0.374850 0.700833 0.374251 0.710833 0.371856 0.717500 0.367665 0.719167 0.364072 0.717500 0.354491
