1 0.769167 0.293413 0.733333 0.284431 0.705000 0.297605 0.195833 0.752695 0.140833 0.732934 0.108333 0.756886 0.106667 0.767066 0.118333 0.784431 0.200833 0.835928 0.271667 0.863473 0.290000 0.861078 0.307500 0.849102 0.315000 0.829341 0.282500 0.802994 0.283333 0.797605 0.780000 0.358084 0.801667 0.328144 0.800833 0.319760
4 0.427500 0.682036 0.388333 0.738323 0.367500 0.804790 0.371667 0.834132 0.383333 0.850299 0.397500 0.858084 0.435000 0.868263 0.457500 0.869461 0.495833 0.838922 0.517500 0.832335 0.559167 0.843713 0.571667 0.843713 0.741667 0.892216 0.765000 0.889222 0.805833 0.865868 0.820000 0.844311 0.826667 0.813174 0.813333 0.793413 0.792500 0.782635 0.705000 0.760479 0.651667 0.741317 0.580000 0.722754 0.572500 0.713174 0.572500 0.701796 0.564167 0.692814 0.559167 0.671856 0.544167 0.659281 0.486667 0.643114 0.469167 0.650898
3 0.563333 0.743713 0.550000 0.726347 0.535833 0.716766 0.515000 0.710778 0.500000 0.714371 0.487500 0.720359 0.482500 0.747904 0.478333 0.751497 0.264167 0.794611 0.200833 0.810180 0.185833 0.821557 0.185000 0.828144 0.194167 0.850299 0.199167 0.856287 0.211667 0.861677 0.228333 0.863473 0.468333 0.817964 0.495000 0.810778 0.509167 0.812575 0.534167 0.834132 0.553333 0.834731 0.571667 0.828743 0.578333 0.814371 0.580000 0.797006 0.574167 0.765868
4 0.791667 0.491617 0.785833 0.497006 0.786667 0.497605 0.783333 0.500000 0.779167 0.505988 0.779167 0.513174 0.785833 0.517964 0.792500 0.520958 0.793333 0.520359 0.821667 0.532335 0.829167 0.534132 0.841667 0.540120 0.847500 0.541916 0.850000 0.541317 0.850833 0.545509 0.848333 0.548503 0.849167 0.554491 0.854167 0.559880 0.857500 0.561677 0.857500 0.562874 0.868333 0.568263 0.869167 0.567665 0.871667 0.569461 0.879167 0.570659 0.894167 0.564072 0.902500 0.557485 0.904167 0.557485 0.920000 0.539521 0.926667 0.526347 0.925000 0.519760 0.922500 0.516168 0.923333 0.514970 0.917500 0.508982 0.900833 0.501796 0.894167 0.501796 0.880833 0.510180 0.880000 0.509581 0.875000 0.511377 0.857500 0.503593 0.856667 0.504192 0.851667 0.501796 0.850833 0.502395 0.847500 0.500000 0.846667 0.500599 0.835000 0.495210 0.831667 0.495210 0.814167 0.488024 0.804167 0.486826
0 0.549167 0.594012 0.547500 0.571856 0.540000 0.561677 0.533333 0.558683 0.511667 0.556886 0.484167 0.564671 0.470000 0.557485 0.465000 0.549102 0.457500 0.543713 0.440000 0.544910 0.420000 0.567066 0.375833 0.564072 0.288333 0.551497 0.255000 0.549102 0.240833 0.556886 0.232500 0.573653 0.233333 0.591018 0.246667 0.600000 0.399167 0.620359 0.409167 0.624551 0.414167 0.644311 0.420833 0.650299 0.441667 0.650898 0.455000 0.640719 0.474167 0.649102 0.480000 0.653892 0.503333 0.658683 0.521667 0.657485 0.531667 0.648503 0.545000 0.616168
1 0.670000 0.077246 0.635833 0.065868 0.599167 0.062874 0.567500 0.086826 0.565833 0.101796 0.597500 0.131737 0.245000 0.492216 0.163333 0.584431 0.157500 0.613772 0.187500 0.638323 0.219167 0.643713 0.255000 0.627545 0.304167 0.567066 0.681667 0.176048 0.738333 0.183832 0.763333 0.165269 0.768333 0.152096 0.759167 0.135928 0.703333 0.094012
1 0.890000 0.102994 0.873333 0.059281 0.861667 0.049102 0.859167 0.040719 0.842500 0.035329 0.819167 0.040120 0.814167 0.064671 0.805833 0.070060 0.333333 0.134731 0.267500 0.150299 0.261667 0.155689 0.260833 0.171856 0.266667 0.184431 0.275000 0.188623 0.320833 0.190419 0.815000 0.121557 0.827500 0.123353 0.845000 0.143114 0.866667 0.143114 0.889167 0.134132 0.885000 0.116168
0 0.894167 0.597605 0.877500 0.588623 0.815000 0.596407 0.695833 0.634132 0.682500 0.630539 0.665000 0.617365 0.650000 0.615569 0.635833 0.620958 0.629167 0.634132 0.622500 0.638922 0.609167 0.639521 0.597500 0.634731 0.560833 0.644311 0.552500 0.649701 0.549167 0.662874 0.568333 0.702994 0.598333 0.745509 0.610000 0.753892 0.623333 0.754491 0.650000 0.747904 0.676667 0.731737 0.688333 0.733533 0.699167 0.739521 0.713333 0.738323 0.725833 0.730539 0.728333 0.701198 0.733333 0.694012 0.749167 0.692216 0.808333 0.671856 0.877500 0.653293 0.901667 0.641916 0.906667 0.635928 0.906667 0.622156
4 0.860833 0.312575 0.830833 0.307186 0.805833 0.314970 0.726667 0.326347 0.690833 0.339521 0.660833 0.342515 0.635833 0.349701 0.619167 0.349102 0.606667 0.355090 0.591667 0.352695 0.579167 0.345509 0.545000 0.314371 0.519167 0.309581 0.465000 0.320958 0.456667 0.359281 0.470833 0.417365 0.497500 0.478443 0.527500 0.513772 0.545000 0.526347 0.561667 0.529940 0.617500 0.519162 0.628333 0.511377 0.625833 0.473653 0.630833 0.464671 0.644167 0.465269 0.670000 0.455090 0.697500 0.454491 0.742500 0.440120 0.870833 0.417964 0.893333 0.408982 0.898333 0.396407 0.888333 0.356287
0 0.689167 0.551497 0.675000 0.536527 0.663333 0.528742 0.656667 0.527545 0.636667 0.529341 0.609167 0.540120 0.594167 0.537126 0.580833 0.538922 0.565833 0.547305 0.559167 0.555689 0.556667 0.565868 0.552500 0.571257 0.479167 0.593413 0.466667 0.600000 0.459167 0.610180 0.462500 0.620359 0.475833 0.631737 0.490000 0.632934 0.510000 0.628743 0.535833 0.619760 0.549167 0.617365 0.576667 0.608982 0.580000 0.608982 0.592500 0.616168 0.600833 0.618563 0.613333 0.619162 0.623333 0.616766 0.631667 0.611976 0.642500 0.602395 0.658333 0.600000 0.665833 0.596407 0.674167 0.596407 0.689167 0.588024 0.694167 0.582036 0.694167 0.564072
1 0.762500 0.258084 0.755000 0.253892 0.727500 0.252096 0.713333 0.256287 0.291667 0.523952 0.244167 0.516766 0.225833 0.526347 0.217500 0.537126 0.224167 0.559880 0.261667 0.600599 0.284167 0.615569 0.302500 0.620958 0.320000 0.622156 0.338333 0.613174 0.350000 0.602395 0.340833 0.577246 0.342500 0.568263 0.406667 0.530539 0.452500 0.495210 0.465833 0.490419 0.470833 0.481437 0.487500 0.476647 0.493333 0.469461 0.541667 0.444311 0.713333 0.334132 0.732500 0.316766 0.762500 0.301198 0.774167 0.280240
2 0.350000 0.519162 0.248333 0.553293 0.235833 0.575449 0.247500 0.608982 0.305000 0.710180 0.324167 0.752695 0.321667 0.768263 0.310000 0.774252 0.295000 0.776048 0.272500 0.794012 0.273333 0.805988 0.289167 0.837126 0.318333 0.854491 0.345000 0.853892 0.401667 0.840120 0.488333 0.807784 0.545833 0.780240 0.556667 0.770060 0.565000 0.750898 0.556667 0.724551 0.535000 0.704192 0.520000 0.698204 0.493333 0.701198 0.482500 0.697006 0.464167 0.668263 0.445000 0.654491 0.414167 0.602395 0.399167 0.585629 0.397500 0.574850 0.384167 0.558683 0.375833 0.537126 0.360000 0.522754
3 0.428333 0.673054 0.416667 0.669461 0.400833 0.674850 0.386667 0.682635 0.386667 0.699401 0.378333 0.710778 0.370833 0.714970 0.362500 0.715569 0.325000 0.728743 0.319167 0.734132 0.309167 0.734731 0.285833 0.741916 0.151667 0.793413 0.127500 0.809581 0.115833 0.823952 0.137500 0.859880 0.145833 0.862874 0.156667 0.862874 0.180000 0.857485 0.426667 0.768862 0.440000 0.770060 0.458333 0.788024 0.466667 0.791018 0.475000 0.791018 0.495833 0.782635 0.500833 0.777246 0.501667 0.770060 0.491667 0.747904 0.453333 0.695808
0 0.642500 0.503593 0.611667 0.522754 0.609167 0.529341 0.610833 0.540719 0.614167 0.545509 0.658333 0.579042 0.702500 0.616168 0.701667 0.623353 0.692500 0.634132 0.695000 0.640719 0.700833 0.645509 0.720000 0.650299 0.730833 0.650299 0.725000 0.661078 0.727500 0.669461 0.740833 0.679042 0.753333 0.680838 0.765833 0.674850 0.826667 0.629940 0.828333 0.625150 0.818333 0.608982 0.816667 0.597605 0.811667 0.593413 0.801667 0.591617 0.795833 0.587425 0.783333 0.582635 0.758333 0.579042 0.701667 0.533533 0.696667 0.526946 0.673333 0.509581 0.653333 0.503593
1 0.865833 0.452695 0.838333 0.421557 0.822500 0.416766 0.798333 0.417964 0.787500 0.422754 0.769167 0.449701 0.226667 0.509581 0.190000 0.520958 0.181667 0.541317 0.195000 0.560479 0.222500 0.564072 0.766667 0.505988 0.785000 0.510778 0.807500 0.529940 0.832500 0.529940 0.845833 0.526946 0.861667 0.510180 0.868333 0.479042
0 0.689167 0.064671 0.668333 0.066467 0.647500 0.073054 0.621667 0.074251 0.591667 0.084431 0.563333 0.083832 0.549167 0.091617 0.544167 0.101198 0.551667 0.120359 0.567500 0.135329 0.571667 0.151497 0.570833 0.158084 0.557500 0.172455 0.558333 0.177844 0.567500 0.186228 0.597500 0.189820 0.610833 0.194611 0.640833 0.273653 0.650833 0.287425 0.651667 0.305988 0.662500 0.329341 0.675000 0.338922 0.687500 0.340719 0.738333 0.330539 0.747500 0.298802 0.744167 0.280838 0.732500 0.259281 0.731667 0.248503 0.735833 0.244910 0.723333 0.235928 0.725000 0.219760 0.732500 0.210778 0.720833 0.201796 0.702500 0.179641 0.705833 0.171856 0.722500 0.167665 0.738333 0.158084 0.737500 0.146707 0.715833 0.132335 0.714167 0.125749 0.702500 0.117964 0.701667 0.109581 0.707500 0.095808 0.698333 0.071856
