4 0.239167 0.240120 0.215000 0.262275 0.202500 0.283234 0.177500 0.355689 0.175000 0.402994 0.181667 0.423353 0.194167 0.433533 0.247500 0.444311 0.259167 0.441916 0.285833 0.398802 0.293333 0.393413 0.308333 0.404790 0.330833 0.407784 0.351667 0.414970 0.393333 0.417964 0.508333 0.440120 0.530000 0.438922 0.540000 0.434132 0.542500 0.420958 0.555000 0.402994 0.561667 0.374251 0.560000 0.353892 0.550000 0.343114 0.536667 0.336527 0.505833 0.335928 0.451667 0.323353 0.417500 0.320958 0.335833 0.308383 0.323333 0.302395 0.318333 0.290419 0.320000 0.279042 0.310000 0.255689 0.286667 0.246108 0.253333 0.239521
0 0.375000 0.477246 0.376667 0.478443 0.382500 0.479042 0.378333 0.476647
0 0.450833 0.586228 0.438333 0.577246 0.424167 0.574251 0.348333 0.590419 0.321667 0.598802 0.264167 0.598802 0.250000 0.591617 0.230833 0.588623 0.217500 0.595210 0.203333 0.613772 0.195000 0.620359 0.185000 0.613772 0.174167 0.610778 0.159167 0.611377 0.144167 0.615569 0.131667 0.626347 0.132500 0.647305 0.165000 0.705389 0.176667 0.714970 0.190833 0.717964 0.215000 0.711976 0.237500 0.698204 0.249167 0.698204 0.266667 0.702994 0.278333 0.700599 0.285833 0.695808 0.290833 0.688024 0.293333 0.670659 0.303333 0.663473 0.416667 0.634132 0.429167 0.633533 0.454167 0.623952 0.462500 0.608383
0 0.245000 0.583234 0.220000 0.603593 0.220833 0.610778 0.228333 0.622156 0.242500 0.633533 0.262500 0.644910 0.269167 0.654491 0.281667 0.658683 0.292500 0.674251 0.298333 0.675449 0.321667 0.688024 0.324167 0.693413 0.316667 0.701796 0.312500 0.711976 0.324167 0.719760 0.341667 0.721557 0.348333 0.726347 0.356667 0.727545 0.365833 0.741317 0.384167 0.755090 0.396667 0.756287 0.420000 0.738922 0.432500 0.732335 0.444167 0.718563 0.462500 0.707186 0.465833 0.701796 0.463333 0.691018 0.430000 0.677844 0.418333 0.665868 0.418333 0.655689 0.413333 0.649102 0.404167 0.646707 0.381667 0.652695 0.367500 0.651497 0.358333 0.643713 0.336667 0.632335 0.310833 0.613174 0.295833 0.605988 0.285833 0.595808 0.265833 0.584431 0.256667 0.581437
3 0.413333 0.374850 0.393333 0.381437 0.375833 0.393413 0.372500 0.408982 0.384167 0.434731 0.412500 0.443713 0.434167 0.444910 0.446667 0.453892 0.448333 0.487425 0.460833 0.519760 0.465000 0.547904 0.460833 0.556886 0.467500 0.568263 0.472500 0.611377 0.482500 0.640120 0.484167 0.688024 0.494167 0.729940 0.502500 0.745509 0.516667 0.754491 0.586667 0.752695 0.595000 0.750299 0.610000 0.736527 0.605833 0.723353 0.608333 0.682635 0.586667 0.636527 0.584167 0.603593 0.578333 0.592216 0.580000 0.564671 0.565000 0.526347 0.566667 0.498802 0.559167 0.470659 0.570000 0.443713 0.619167 0.418563 0.620000 0.401796 0.605000 0.386228 0.572500 0.371257 0.520000 0.371257 0.488333 0.367066
2 0.301667 0.550898 0.293333 0.568862 0.279167 0.670060 0.277500 0.776647 0.290000 0.790419 0.343333 0.801198 0.373333 0.801198 0.400833 0.796407 0.415000 0.782635 0.425833 0.759281 0.438333 0.752695 0.454167 0.753892 0.470833 0.749701 0.560000 0.755689 0.595833 0.750299 0.727500 0.757485 0.755000 0.753892 0.771667 0.738922 0.780833 0.694012 0.776667 0.653293 0.767500 0.639521 0.740833 0.626347 0.611667 0.614371 0.585000 0.617964 0.556667 0.614371 0.536667 0.616766 0.499167 0.609581 0.482500 0.611976 0.471667 0.606587 0.454167 0.607186 0.440000 0.594012 0.435000 0.558683 0.420000 0.543114 0.405000 0.538323 0.343333 0.532934 0.319167 0.538323
1 0.505833 0.102994 0.350833 0.120958 0.337500 0.129341 0.344167 0.158084 0.386667 0.164671 0.400833 0.188623 0.425000 0.340719 0.420833 0.389820 0.430000 0.411976 0.470833 0.699401 0.485000 0.728743 0.514167 0.734731 0.560833 0.728743 0.573333 0.711377 0.574167 0.691617 0.497500 0.173054 0.507500 0.155090 0.547500 0.148503 0.550000 0.116168 0.530833 0.105389
0 0.517500 0.397006 0.476667 0.423353 0.437500 0.455090 0.426667 0.471257 0.430833 0.485030 0.469167 0.517365 0.481667 0.541317 0.497500 0.543713 0.505833 0.537725 0.524167 0.534132 0.539167 0.537725 0.575833 0.571856 0.588333 0.577844 0.601667 0.591617 0.628333 0.609581 0.655000 0.640719 0.666667 0.646108 0.696667 0.652096 0.711667 0.649701 0.756667 0.621557 0.752500 0.603593 0.600000 0.486228 0.595833 0.479042 0.613333 0.454491 0.612500 0.443114 0.600000 0.438323 0.585833 0.440120 0.572500 0.433533 0.565000 0.415569 0.555833 0.407186 0.536667 0.396407
0 0.210000 0.528742 0.193333 0.564072 0.228333 0.588024 0.290833 0.602395 0.299167 0.611976 0.311667 0.606587 0.330000 0.614371 0.340833 0.624551 0.355833 0.621557 0.391667 0.625150 0.396667 0.629341 0.393333 0.638323 0.395000 0.655090 0.412500 0.663473 0.438333 0.656886 0.447500 0.658683 0.464167 0.656886 0.479167 0.668263 0.507500 0.678443 0.520000 0.680239 0.534167 0.676048 0.543333 0.648503 0.556667 0.631737 0.564167 0.601198 0.574167 0.590419 0.573333 0.577844 0.560000 0.569461 0.545000 0.566467 0.509167 0.566467 0.486667 0.556287 0.471667 0.538922 0.456667 0.538922 0.425833 0.559880 0.414167 0.561078 0.314167 0.537725 0.294167 0.535928 0.260833 0.524551 0.226667 0.520958
4 0.577500 0.317964 0.557500 0.322156 0.545833 0.331737 0.509167 0.350898 0.492500 0.366467 0.475833 0.374251 0.463333 0.383832 0.455833 0.385629 0.447500 0.392814 0.430833 0.392814 0.396667 0.381437 0.380833 0.383832 0.355000 0.400599 0.362500 0.420958 0.381667 0.442515 0.426667 0.479641 0.445833 0.491617 0.464167 0.498802 0.476667 0.501796 0.488333 0.501198 0.518333 0.483234 0.520833 0.477246 0.505000 0.456287 0.504167 0.450898 0.510833 0.448503 0.524167 0.436527 0.538333 0.431737 0.559167 0.413772 0.580833 0.402994 0.585833 0.398204 0.621667 0.377844 0.633333 0.367066 0.631667 0.359281 0.625833 0.355689 0.622500 0.349102 0.610833 0.337725
0 0.493333 0.551497 0.489167 0.550299 0.483333 0.551497 0.473333 0.555689 0.471667 0.557485 0.462500 0.561677 0.460833 0.563473 0.454167 0.565868 0.452500 0.567665 0.439167 0.573054 0.430833 0.572455 0.425000 0.573653 0.420000 0.576647 0.420833 0.577844 0.419167 0.581437 0.414167 0.583832 0.411667 0.583832 0.406667 0.586826 0.404167 0.591018 0.405833 0.595210 0.421667 0.608982 0.426667 0.611976 0.433333 0.613772 0.441667 0.610778 0.445000 0.605988 0.450000 0.602994 0.454167 0.603593 0.455833 0.602395 0.456667 0.602994 0.460000 0.601796 0.463333 0.597006 0.461667 0.588024 0.500000 0.564072 0.500000 0.558683
