3 0.294167 0.651497 0.255000 0.669461 0.209167 0.698204 0.190833 0.719162 0.188333 0.727545 0.191667 0.732335 0.213333 0.747904 0.255000 0.735329 0.260833 0.737126 0.390833 0.846108 0.447500 0.898204 0.467500 0.908383 0.480833 0.911377 0.490000 0.909581 0.515000 0.895808 0.527500 0.883234 0.520833 0.862874 0.366667 0.727545 0.345000 0.710778 0.330000 0.703593 0.329167 0.691617 0.350000 0.671856 0.353333 0.665868 0.330833 0.646108 0.315833 0.645509
2 0.305000 0.366467 0.274167 0.391018 0.270000 0.399401 0.270000 0.416168 0.284167 0.438323 0.375833 0.525150 0.373333 0.541916 0.378333 0.549701 0.365833 0.560479 0.365833 0.573054 0.373333 0.588623 0.389167 0.604790 0.415000 0.619162 0.441667 0.625150 0.518333 0.612575 0.544167 0.600599 0.586667 0.571856 0.606667 0.543114 0.609167 0.522156 0.599167 0.498204 0.587500 0.485030 0.566667 0.471257 0.545000 0.464072 0.492500 0.461677 0.420833 0.394611 0.379167 0.362874 0.352500 0.357485 0.340000 0.358084
3 0.595833 0.081437 0.560000 0.089222 0.547500 0.097006 0.540000 0.119760 0.543333 0.130539 0.554167 0.140120 0.584167 0.146707 0.602500 0.156287 0.607500 0.242515 0.603333 0.256287 0.607500 0.267665 0.605833 0.308383 0.611667 0.328144 0.609167 0.408383 0.616667 0.430539 0.627500 0.441916 0.640833 0.446108 0.700833 0.446707 0.716667 0.432934 0.720833 0.388623 0.708333 0.337725 0.712500 0.265868 0.703333 0.231138 0.707500 0.208982 0.703333 0.182036 0.718333 0.157485 0.760833 0.144910 0.768333 0.134731 0.768333 0.118563 0.750833 0.101198 0.726667 0.089820 0.690000 0.089820 0.659167 0.081437
3 0.874167 0.214371 0.851667 0.194012 0.810000 0.192216 0.748333 0.211377 0.494167 0.313174 0.445000 0.291018 0.406667 0.302994 0.399167 0.310778 0.394167 0.334132 0.401667 0.359880 0.427500 0.392814 0.462500 0.423952 0.497500 0.438922 0.515000 0.440719 0.542500 0.429940 0.552500 0.422156 0.559167 0.380240 0.622500 0.349701 0.750833 0.300000 0.854167 0.253293 0.875000 0.236527 0.878333 0.226347
0 0.838333 0.405389 0.817500 0.406587 0.794167 0.411976 0.782500 0.425150 0.780833 0.447305 0.790833 0.542515 0.790833 0.577246 0.785000 0.588623 0.751667 0.598204 0.741667 0.607784 0.745833 0.623952 0.770833 0.636527 0.755000 0.663473 0.751667 0.676048 0.756667 0.698204 0.764167 0.704790 0.795833 0.711976 0.844167 0.712575 0.887500 0.709581 0.935000 0.697006 0.944167 0.684431 0.940833 0.662874 0.918333 0.639521 0.928333 0.623353 0.948333 0.610180 0.945833 0.598204 0.935833 0.589820 0.895833 0.582036 0.886667 0.538323 0.882500 0.451497 0.877500 0.421557 0.867500 0.411976
3 0.727500 0.558683 0.719167 0.562275 0.718333 0.561677 0.717500 0.568263 0.719167 0.572455 0.720000 0.571856 0.724167 0.574251 0.727500 0.574251 0.730000 0.575449 0.730833 0.574850 0.735000 0.577246 0.734167 0.587425 0.735833 0.589222 0.735000 0.594611 0.737500 0.610180 0.736667 0.659281 0.739167 0.661677 0.738333 0.662275 0.743333 0.666467 0.757500 0.667066 0.764167 0.662874 0.766667 0.657485 0.766667 0.644311 0.768333 0.638922 0.768333 0.607186 0.766667 0.604192 0.768333 0.600599 0.766667 0.594012 0.768333 0.583832 0.766667 0.580240 0.770833 0.575449 0.780000 0.574850 0.785000 0.571856 0.785833 0.563473 0.782500 0.561078 0.775000 0.559281 0.765000 0.559281 0.760833 0.557485 0.740833 0.557485 0.736667 0.558683 0.733333 0.558084 0.731667 0.559281
4 0.775833 0.523353 0.745833 0.526347 0.703333 0.550299 0.642500 0.621557 0.610833 0.647904 0.572500 0.689820 0.561667 0.692814 0.520833 0.685629 0.473333 0.696407 0.448333 0.716168 0.427500 0.742515 0.440000 0.767066 0.463333 0.791617 0.492500 0.812575 0.557500 0.847904 0.626667 0.874251 0.690000 0.881437 0.713333 0.873653 0.740833 0.850299 0.758333 0.825150 0.752500 0.808982 0.716667 0.783234 0.711667 0.773653 0.715833 0.764671 0.742500 0.742515 0.834167 0.647904 0.860833 0.611976 0.869167 0.589820 0.859167 0.572455 0.827500 0.541916
3 0.924167 0.310778 0.910833 0.264671 0.902500 0.250898 0.886667 0.245509 0.856667 0.247904 0.840000 0.259880 0.808333 0.266467 0.773333 0.267066 0.760833 0.270659 0.638333 0.281437 0.540833 0.284431 0.511667 0.293413 0.490000 0.304192 0.485000 0.327545 0.497500 0.351497 0.519167 0.358084 0.745000 0.350898 0.839167 0.344311 0.855000 0.351497 0.870000 0.381437 0.911667 0.379641 0.923333 0.367066
0 0.285000 0.280838 0.251667 0.292814 0.248333 0.302994 0.255000 0.314371 0.264167 0.321557 0.297500 0.358683 0.308333 0.373653 0.329167 0.394012 0.327500 0.400599 0.317500 0.405389 0.309167 0.413174 0.316667 0.417964 0.336667 0.422754 0.340833 0.431138 0.339167 0.437126 0.345833 0.446707 0.359167 0.454491 0.370000 0.454491 0.390833 0.447305 0.427500 0.425748 0.435833 0.417365 0.437500 0.408383 0.426667 0.396407 0.415000 0.388623 0.414167 0.380240 0.416667 0.371856 0.400833 0.370659 0.385833 0.364072 0.378333 0.358683 0.376667 0.352096 0.371667 0.347904 0.369167 0.340719 0.361667 0.334132 0.360000 0.329940 0.332500 0.305988 0.327500 0.298204 0.303333 0.282036
0 0.554167 0.023952 0.518333 0.032335 0.467500 0.047904 0.444167 0.057485 0.431667 0.069461 0.433333 0.079042 0.425833 0.087425 0.423333 0.098204 0.433333 0.111976 0.442500 0.116168 0.455833 0.128144 0.471667 0.137126 0.485000 0.139521 0.493333 0.143713 0.495000 0.156287 0.502500 0.166467 0.525000 0.224551 0.539167 0.250299 0.550833 0.261078 0.561667 0.266467 0.570000 0.267066 0.619167 0.253892 0.628333 0.246108 0.632500 0.232335 0.624167 0.219162 0.620833 0.204790 0.610000 0.189222 0.604167 0.173653 0.574167 0.119760 0.575833 0.112575 0.597500 0.100599 0.602500 0.092814 0.595000 0.080240 0.573333 0.068263 0.573333 0.062275 0.579167 0.057485 0.581667 0.050299 0.575000 0.032934 0.566667 0.026347
4 0.625000 0.195808 0.608333 0.204790 0.597500 0.214970 0.571667 0.249701 0.563333 0.267066 0.523333 0.314970 0.511667 0.333533 0.500833 0.340719 0.494167 0.341916 0.482500 0.331737 0.452500 0.331737 0.440833 0.338323 0.421667 0.364072 0.426667 0.374850 0.435000 0.381437 0.468333 0.400000 0.570000 0.440120 0.610833 0.447305 0.623333 0.444910 0.635000 0.431138 0.645833 0.409581 0.615000 0.395808 0.607500 0.389820 0.607500 0.370659 0.687500 0.268263 0.705833 0.236527 0.705833 0.230539 0.675000 0.217964 0.646667 0.201796
0 0.804167 0.144910 0.786667 0.147904 0.777500 0.156287 0.770833 0.170060 0.775833 0.180838 0.774167 0.189222 0.766667 0.195210 0.747500 0.201198 0.739167 0.216168 0.749167 0.229341 0.763333 0.238323 0.765833 0.243114 0.738333 0.290419 0.731667 0.307186 0.725833 0.313174 0.725833 0.319760 0.718333 0.326946 0.714167 0.346108 0.737500 0.356886 0.754167 0.359281 0.777500 0.359281 0.790000 0.355090 0.807500 0.320359 0.825000 0.300599 0.826667 0.289820 0.836667 0.279042 0.841667 0.267066 0.853333 0.261078 0.870833 0.259880 0.877500 0.257485 0.891667 0.244910 0.892500 0.236527 0.896667 0.230539 0.896667 0.216766 0.912500 0.191617 0.910833 0.180240 0.888333 0.166467 0.846667 0.153892
2 0.690833 0.238922 0.665000 0.246108 0.652500 0.256886 0.622500 0.302395 0.610000 0.336527 0.580000 0.383234 0.565833 0.389222 0.548333 0.381437 0.521667 0.385030 0.511667 0.393413 0.498333 0.420958 0.500833 0.435928 0.505000 0.440120 0.541667 0.456287 0.626667 0.476048 0.697500 0.484431 0.722500 0.474252 0.738333 0.453293 0.739167 0.433533 0.734167 0.426946 0.715000 0.417964 0.710833 0.412575 0.711667 0.402994 0.722500 0.381437 0.723333 0.369461 0.745833 0.331737 0.751667 0.314371 0.760000 0.304790 0.764167 0.288623 0.772500 0.278443 0.775833 0.263473 0.772500 0.256886 0.755833 0.250299 0.721667 0.241916
2 0.537500 0.325749 0.510833 0.325749 0.478333 0.337725 0.447500 0.367665 0.443333 0.401198 0.451667 0.419760 0.467500 0.436527 0.465833 0.444311 0.340000 0.576647 0.305833 0.600599 0.282500 0.631138 0.284167 0.641916 0.316667 0.673054 0.369167 0.698204 0.411667 0.710180 0.437500 0.705988 0.460833 0.687425 0.540833 0.602994 0.584167 0.571856 0.630833 0.523952 0.695833 0.532335 0.720833 0.528144 0.749167 0.515569 0.781667 0.480240 0.787500 0.456287 0.779167 0.440719 0.754167 0.415569 0.725000 0.395210 0.670833 0.366467 0.620833 0.347305
0 0.168333 0.381437 0.159167 0.385629 0.150000 0.393413 0.135833 0.398802 0.117500 0.413772 0.103333 0.417365 0.098333 0.423952 0.099167 0.432335 0.110833 0.441317 0.124167 0.446108 0.128333 0.451497 0.135000 0.455689 0.136667 0.462275 0.134167 0.470659 0.136667 0.473653 0.145833 0.476647 0.165000 0.472455 0.173333 0.472455 0.221667 0.512575 0.234167 0.519760 0.241667 0.530539 0.256667 0.541317 0.265000 0.544311 0.275833 0.543114 0.301667 0.526946 0.294167 0.505389 0.288333 0.498802 0.270000 0.486228 0.265833 0.480240 0.266667 0.477246 0.260833 0.477246 0.255833 0.474252 0.250833 0.464671 0.251667 0.458084 0.221667 0.445509 0.220833 0.440120 0.229167 0.434132 0.234167 0.426347 0.229167 0.419162 0.212500 0.415569 0.209167 0.412575 0.199167 0.410180 0.195000 0.406587 0.191667 0.395210 0.176667 0.383234
3 0.821667 0.307784 0.791667 0.291018 0.757500 0.294012 0.733333 0.314970 0.731667 0.328743 0.737500 0.344311 0.728333 0.356886 0.607500 0.395808 0.584167 0.398204 0.570000 0.406587 0.350833 0.473054 0.333333 0.482635 0.323333 0.495210 0.325000 0.507784 0.345000 0.546108 0.351667 0.551497 0.375000 0.555090 0.438333 0.542515 0.505833 0.513772 0.610833 0.483832 0.680833 0.456287 0.747500 0.439521 0.776667 0.440719 0.802500 0.461677 0.822500 0.468862 0.854167 0.462275 0.867500 0.446707 0.875000 0.424551 0.860000 0.394012 0.857500 0.366467
