4 0.476667 0.536527 0.446667 0.508383 0.430833 0.504192 0.396667 0.505988 0.367500 0.514970 0.360833 0.523353 0.361667 0.550299 0.356667 0.558084 0.347500 0.562275 0.320833 0.563473 0.167500 0.586826 0.140000 0.598204 0.132500 0.607186 0.125833 0.639521 0.139167 0.668862 0.157500 0.679641 0.200000 0.682635 0.289167 0.665868 0.330833 0.662874 0.370833 0.655689 0.380000 0.659281 0.395833 0.677245 0.430000 0.689820 0.483333 0.683832 0.490833 0.680239 0.499167 0.663473 0.504167 0.625150 0.494167 0.576048
0 0.661667 0.318563 0.647500 0.320359 0.635833 0.328144 0.600833 0.408383 0.575000 0.447305 0.564167 0.455689 0.560833 0.464671 0.548333 0.471257 0.535000 0.473653 0.527500 0.479042 0.531667 0.505988 0.525833 0.515569 0.514167 0.523353 0.506667 0.538922 0.508333 0.548503 0.524167 0.560479 0.588333 0.578443 0.641667 0.585629 0.652500 0.585629 0.670000 0.572455 0.673333 0.561677 0.670833 0.536527 0.687500 0.529940 0.697500 0.517365 0.695833 0.508383 0.668333 0.488024 0.664167 0.477844 0.670833 0.467665 0.677500 0.438922 0.692500 0.411377 0.695833 0.394611 0.710833 0.370659 0.717500 0.346707 0.713333 0.335329 0.701667 0.328144 0.682500 0.325749
3 0.373333 0.577246 0.370000 0.573653 0.360000 0.572455 0.327500 0.579641 0.325833 0.579042 0.323333 0.580838 0.320000 0.580838 0.313333 0.583234 0.311667 0.582635 0.301667 0.585629 0.288333 0.587425 0.279167 0.590419 0.277500 0.589820 0.274167 0.591018 0.270000 0.588623 0.266667 0.582635 0.262500 0.582036 0.255000 0.584431 0.253333 0.586826 0.253333 0.593413 0.255000 0.596407 0.254167 0.598802 0.256667 0.602994 0.255833 0.604192 0.258333 0.608383 0.260000 0.617964 0.271667 0.622156 0.275000 0.620958 0.276667 0.621557 0.279167 0.617964 0.277500 0.613772 0.277500 0.610180 0.279167 0.608982 0.285833 0.608383 0.296667 0.605389 0.300833 0.605389 0.355000 0.592814 0.366667 0.591617 0.375000 0.586826 0.375000 0.582635 0.372500 0.579042
0 0.346667 0.497006 0.339167 0.497006 0.333333 0.502395 0.334167 0.505988 0.337500 0.508982 0.335833 0.510778 0.327500 0.510180 0.324167 0.511377 0.319167 0.511377 0.316667 0.512575 0.316667 0.517964 0.319167 0.519162 0.320000 0.521557 0.319167 0.523952 0.316667 0.525150 0.283333 0.555090 0.283333 0.558084 0.291667 0.562275 0.293333 0.564072 0.296667 0.565269 0.301667 0.564072 0.340000 0.534132 0.352500 0.537725 0.357500 0.535329 0.357500 0.529940 0.359167 0.529341 0.360833 0.525748 0.364167 0.523952 0.365833 0.524551 0.370000 0.523353 0.375000 0.519760 0.376667 0.516766 0.375000 0.513772 0.365000 0.507784 0.359167 0.505988 0.355000 0.502994 0.350000 0.501198
3 0.834167 0.574251 0.823333 0.534731 0.795000 0.485629 0.759167 0.451497 0.742500 0.447305 0.709167 0.453293 0.693333 0.461677 0.678333 0.479641 0.673333 0.501796 0.662500 0.508982 0.313333 0.563473 0.251667 0.583234 0.243333 0.589820 0.240000 0.608383 0.260000 0.643713 0.275833 0.652695 0.296667 0.656886 0.340833 0.654491 0.460833 0.631138 0.661667 0.603593 0.704167 0.591617 0.731667 0.608982 0.746667 0.624551 0.765000 0.632934 0.805833 0.623952 0.812500 0.606587 0.834167 0.585629
3 0.755000 0.216766 0.738333 0.197605 0.719167 0.187425 0.690833 0.188623 0.647500 0.203593 0.651667 0.244910 0.639167 0.259880 0.542500 0.280240 0.529167 0.286826 0.274167 0.347904 0.205833 0.355090 0.190000 0.365269 0.175000 0.366467 0.163333 0.382036 0.149167 0.385030 0.172500 0.440719 0.190000 0.455689 0.216667 0.462275 0.270000 0.459880 0.384167 0.435928 0.543333 0.394012 0.629167 0.378443 0.684167 0.361677 0.701667 0.364671 0.717500 0.382635 0.733333 0.391617 0.790833 0.382036 0.803333 0.356287 0.794167 0.291018
4 0.465833 0.287425 0.435833 0.288623 0.425833 0.295210 0.414167 0.313174 0.413333 0.320359 0.439167 0.333533 0.442500 0.339521 0.433333 0.349102 0.435833 0.355689 0.433333 0.362275 0.422500 0.370659 0.414167 0.392814 0.405833 0.400000 0.394167 0.416766 0.381667 0.441317 0.375000 0.449102 0.374167 0.460479 0.395000 0.468862 0.442500 0.482036 0.456667 0.480240 0.466667 0.470060 0.480000 0.444311 0.493333 0.434132 0.537500 0.368862 0.544167 0.365868 0.565833 0.371257 0.578333 0.371856 0.590833 0.368263 0.601667 0.355090 0.607500 0.342515 0.604167 0.334132 0.585000 0.323353 0.526667 0.301796
0 0.673333 0.323952 0.664167 0.307186 0.657500 0.301796 0.645833 0.297605 0.616667 0.298204 0.602500 0.302395 0.585000 0.292814 0.568333 0.292216 0.548333 0.303593 0.537500 0.320958 0.531667 0.323353 0.455833 0.326946 0.440000 0.329341 0.400000 0.329940 0.375000 0.333533 0.363333 0.341317 0.360000 0.356287 0.361667 0.370659 0.370833 0.379641 0.386667 0.385030 0.400833 0.383832 0.410000 0.385629 0.420833 0.383234 0.449167 0.383234 0.459167 0.380838 0.530000 0.378443 0.540833 0.384431 0.544167 0.391018 0.562500 0.402994 0.577500 0.404192 0.587500 0.401796 0.605000 0.392814 0.620833 0.393413 0.646667 0.388623 0.665833 0.377246 0.673333 0.361677
3 0.507500 0.465269 0.500833 0.421557 0.492500 0.403593 0.485000 0.397006 0.468333 0.393413 0.444167 0.396407 0.418333 0.406587 0.389167 0.408982 0.299167 0.409581 0.290000 0.407186 0.265833 0.410180 0.243333 0.406587 0.185833 0.407186 0.131667 0.402395 0.085833 0.409581 0.075000 0.414371 0.070833 0.420359 0.072500 0.457485 0.085833 0.468862 0.105833 0.473054 0.145000 0.473653 0.193333 0.479042 0.412500 0.490419 0.424167 0.495808 0.431667 0.525150 0.451667 0.531138 0.475000 0.530539 0.491667 0.523353 0.505833 0.483234
2 0.499167 0.482635 0.468333 0.470060 0.418333 0.479641 0.349167 0.508383 0.308333 0.519760 0.223333 0.556886 0.165833 0.532335 0.145833 0.531138 0.099167 0.542515 0.060000 0.562874 0.045833 0.584431 0.056667 0.627545 0.079167 0.665269 0.103333 0.688623 0.124167 0.720958 0.145833 0.740719 0.181667 0.762874 0.210833 0.771257 0.235833 0.773653 0.276667 0.764072 0.320000 0.737126 0.325000 0.721557 0.325000 0.686826 0.332500 0.676647 0.376667 0.653892 0.480833 0.626946 0.545833 0.592814 0.560833 0.571257 0.555833 0.541317 0.535000 0.511377
0 0.512500 0.396407 0.512500 0.380240 0.504167 0.354491 0.486667 0.339521 0.458333 0.332335 0.406667 0.332335 0.382500 0.317365 0.355000 0.312575 0.329167 0.316766 0.313333 0.322755 0.280833 0.345509 0.255833 0.345509 0.235000 0.341317 0.168333 0.338922 0.144167 0.335329 0.115000 0.337725 0.099167 0.343114 0.090000 0.350299 0.083333 0.370659 0.091667 0.392216 0.110000 0.402395 0.147500 0.408383 0.196667 0.410180 0.222500 0.414970 0.271667 0.418563 0.280833 0.423952 0.288333 0.439521 0.297500 0.447305 0.328333 0.458084 0.348333 0.457485 0.380833 0.447904 0.402500 0.453892 0.423333 0.453293 0.434167 0.458084 0.470000 0.454491 0.484167 0.447904 0.501667 0.426946
0 0.562500 0.519162 0.554167 0.516766 0.539167 0.516766 0.426667 0.549102 0.383333 0.559281 0.373333 0.558683 0.354167 0.542515 0.341667 0.539521 0.325833 0.546108 0.318333 0.562874 0.283333 0.560479 0.258333 0.566467 0.245000 0.574850 0.243333 0.589820 0.255000 0.619760 0.270000 0.644311 0.285833 0.661078 0.303333 0.669461 0.311667 0.669461 0.332500 0.662874 0.351667 0.644311 0.370000 0.644910 0.384167 0.651497 0.395000 0.652096 0.408333 0.644311 0.409167 0.616168 0.452500 0.601198 0.541667 0.577844 0.575000 0.566467 0.580833 0.559281 0.582500 0.550898 0.580000 0.540120
4 0.250833 0.376647 0.230000 0.385030 0.210000 0.397605 0.161667 0.441916 0.141667 0.469461 0.137500 0.485030 0.140833 0.496407 0.171667 0.514970 0.181667 0.515569 0.215833 0.493413 0.225833 0.490419 0.230000 0.501198 0.255833 0.519162 0.282500 0.530539 0.300000 0.543114 0.347500 0.570060 0.362500 0.574850 0.372500 0.573653 0.378333 0.567066 0.400000 0.552695 0.410833 0.540719 0.421667 0.523353 0.418333 0.514371 0.405833 0.502994 0.395833 0.500599 0.368333 0.486228 0.360833 0.478443 0.350000 0.474850 0.320833 0.458084 0.304167 0.452096 0.298333 0.446108 0.287500 0.442515 0.284167 0.435928 0.285000 0.427545 0.291667 0.417365 0.294167 0.402994 0.287500 0.392216 0.263333 0.377246 0.257500 0.375449
0 0.406667 0.671856 0.403333 0.668862 0.395833 0.667665 0.387500 0.667665 0.386667 0.668862 0.382500 0.669461 0.375000 0.667665 0.372500 0.664671 0.367500 0.664072 0.366667 0.665269 0.363333 0.665269 0.360833 0.667066 0.359167 0.671257 0.355833 0.673653 0.351667 0.674850 0.284167 0.673054 0.283333 0.674251 0.280833 0.674251 0.279167 0.675449 0.278333 0.677844 0.279167 0.691018 0.280000 0.692814 0.285833 0.694611 0.301667 0.695808 0.309167 0.695210 0.310000 0.696407 0.317500 0.695808 0.325833 0.697006 0.341667 0.697006 0.351667 0.698204 0.354167 0.700000 0.359167 0.708982 0.362500 0.710180 0.368333 0.710180 0.370833 0.707784 0.377500 0.706587 0.385833 0.707784 0.388333 0.708982 0.395833 0.708383 0.397500 0.709581 0.398333 0.708383 0.400833 0.708383 0.402500 0.707186 0.401667 0.705988 0.404167 0.704790 0.403333 0.701796 0.405000 0.701198 0.404167 0.697605 0.407500 0.681437
3 0.366667 0.253892 0.344167 0.294611 0.343333 0.330539 0.352500 0.336527 0.380000 0.344311 0.394167 0.339521 0.416667 0.321557 0.431667 0.319760 0.590833 0.372455 0.675000 0.397006 0.712500 0.411377 0.728333 0.414371 0.755833 0.413174 0.768333 0.404790 0.769167 0.398204 0.780833 0.385030 0.784167 0.370060 0.763333 0.352096 0.749167 0.344910 0.635000 0.306587 0.535000 0.277844 0.482500 0.256886 0.466667 0.255689 0.462500 0.247904 0.468333 0.223353 0.461667 0.213772 0.427500 0.204192 0.414167 0.208982 0.395000 0.222156
