0 0.572500 0.611377 0.555000 0.613772 0.540000 0.625150 0.530833 0.644910 0.518333 0.660479 0.515833 0.675449 0.500833 0.690419 0.499167 0.704790 0.487500 0.717964 0.481667 0.736527 0.469167 0.749102 0.461667 0.766467 0.450000 0.775449 0.424167 0.774252 0.410833 0.777844 0.403333 0.783234 0.400833 0.788623 0.406667 0.812575 0.383333 0.837725 0.376667 0.856287 0.380833 0.862275 0.400833 0.874850 0.510000 0.902395 0.521667 0.902994 0.539167 0.894611 0.546667 0.879641 0.548333 0.853892 0.576667 0.831138 0.565000 0.808383 0.566667 0.800599 0.560833 0.780240 0.575000 0.768263 0.582500 0.756886 0.582500 0.746108 0.605000 0.705389 0.614167 0.658683 0.624167 0.638323 0.620000 0.628743 0.607500 0.620359
3 0.344167 0.116168 0.337500 0.122754 0.337500 0.128743 0.356667 0.147305 0.360000 0.149102 0.375833 0.164072 0.382500 0.168263 0.390833 0.177246 0.403333 0.187425 0.405833 0.192216 0.397500 0.201198 0.403333 0.208383 0.407500 0.210180 0.414167 0.209581 0.442500 0.196407 0.450833 0.190419 0.450833 0.189222 0.457500 0.182635 0.457500 0.179042 0.452500 0.173054 0.448333 0.171257 0.432500 0.176048 0.430000 0.175449 0.405000 0.153293 0.401667 0.151497 0.400833 0.149701 0.395000 0.145509 0.387500 0.137725 0.384167 0.135928 0.365833 0.118563 0.362500 0.117365 0.360000 0.114970 0.355833 0.113772 0.350833 0.113772
2 0.585833 0.079641 0.571667 0.079042 0.529167 0.097605 0.397500 0.188623 0.385000 0.189222 0.375000 0.182635 0.355833 0.177246 0.331667 0.179042 0.306667 0.191617 0.289167 0.211377 0.287500 0.225749 0.313333 0.258084 0.380833 0.313174 0.420000 0.340120 0.440833 0.349102 0.471667 0.348503 0.485833 0.342515 0.508333 0.326347 0.515000 0.318563 0.516667 0.302395 0.497500 0.273653 0.497500 0.264072 0.519167 0.255090 0.567500 0.219162 0.578333 0.216766 0.655833 0.161677 0.666667 0.147305 0.665000 0.133533 0.640000 0.116168 0.616667 0.094611
3 0.237500 0.368862 0.214167 0.376647 0.194167 0.388024 0.187500 0.396407 0.188333 0.406587 0.255833 0.478443 0.298333 0.516168 0.343333 0.565269 0.363333 0.580240 0.364167 0.588024 0.355833 0.595210 0.344167 0.599401 0.338333 0.607186 0.352500 0.627545 0.365833 0.633533 0.405833 0.623353 0.438333 0.608982 0.450833 0.599401 0.500833 0.574850 0.510000 0.562874 0.490833 0.543114 0.484167 0.540719 0.443333 0.551497 0.436667 0.550299 0.283333 0.389820 0.256667 0.370060 0.248333 0.367665
0 0.579167 0.237725 0.541667 0.235329 0.530000 0.241317 0.525000 0.253293 0.527500 0.268263 0.525000 0.341916 0.527500 0.347305 0.528333 0.368263 0.520833 0.376647 0.513333 0.376048 0.493333 0.380838 0.508333 0.402395 0.507500 0.407784 0.497500 0.418563 0.497500 0.431737 0.503333 0.441916 0.508333 0.445509 0.524167 0.449102 0.590833 0.445509 0.611667 0.439521 0.619167 0.431737 0.620833 0.424551 0.615833 0.401796 0.634167 0.386826 0.630833 0.382635 0.615833 0.375449 0.609167 0.365868 0.608333 0.355090 0.615000 0.332934 0.615000 0.316766 0.606667 0.258683 0.600000 0.247305
0 0.575000 0.421557 0.549167 0.399401 0.525000 0.382036 0.515000 0.376647 0.503333 0.376048 0.486667 0.386826 0.470833 0.389222 0.465000 0.394012 0.455833 0.397006 0.452500 0.402994 0.458333 0.416766 0.448333 0.426946 0.441667 0.427545 0.422500 0.436527 0.415833 0.442515 0.408333 0.444910 0.386667 0.458084 0.363333 0.465269 0.357500 0.468862 0.348333 0.483832 0.350000 0.492216 0.370833 0.511976 0.380000 0.513174 0.386667 0.511976 0.412500 0.497006 0.420000 0.494611 0.450833 0.475449 0.465833 0.469461 0.470833 0.465269 0.495833 0.452096 0.501667 0.452096 0.522500 0.459880 0.530833 0.460479 0.535000 0.456287 0.537500 0.446707 0.544167 0.443114 0.556667 0.441317 0.570833 0.433533 0.575000 0.428743
1 0.304167 0.186228 0.280000 0.189820 0.267500 0.200000 0.260000 0.253293 0.312500 0.742515 0.305833 0.754491 0.267500 0.767066 0.263333 0.788623 0.276667 0.813174 0.312500 0.811976 0.333333 0.819162 0.424167 0.808982 0.463333 0.797006 0.473333 0.780838 0.468333 0.758683 0.421667 0.749701 0.413333 0.741317 0.365833 0.272455 0.345000 0.196407 0.332500 0.188623
0 0.448333 0.624551 0.436667 0.627545 0.432500 0.630539 0.431667 0.637126 0.435000 0.644910 0.434167 0.646108 0.435833 0.648503 0.435833 0.652695 0.437500 0.653892 0.436667 0.654491 0.438333 0.657485 0.438333 0.662874 0.440833 0.666467 0.440833 0.673653 0.430000 0.679641 0.429167 0.685629 0.436667 0.690419 0.439167 0.690419 0.440833 0.692216 0.444167 0.693413 0.443333 0.695808 0.440000 0.697605 0.439167 0.700000 0.440833 0.710778 0.446667 0.714970 0.456667 0.714970 0.460833 0.713772 0.466667 0.713772 0.468333 0.712575 0.469167 0.713174 0.480833 0.708383 0.485000 0.708383 0.490000 0.705988 0.492500 0.701796 0.490833 0.699401 0.491667 0.695210 0.485000 0.683234 0.490833 0.678443 0.487500 0.673054 0.479167 0.670060 0.474167 0.669461 0.471667 0.667066 0.470000 0.663473 0.470833 0.661677 0.468333 0.656886 0.469167 0.656287 0.467500 0.653892 0.468333 0.653293 0.465833 0.647904 0.466667 0.644910 0.463333 0.640719 0.464167 0.639521 0.462500 0.638323 0.463333 0.637725 0.460000 0.630539 0.460833 0.629940 0.456667 0.625150
2 0.296667 0.514970 0.263333 0.509581 0.215000 0.513174 0.190833 0.524551 0.180000 0.540120 0.175000 0.575449 0.177500 0.662874 0.174167 0.682635 0.132500 0.702994 0.123333 0.714371 0.116667 0.734731 0.117500 0.748503 0.124167 0.764671 0.143333 0.781437 0.171667 0.796407 0.217500 0.801198 0.253333 0.800599 0.345000 0.787425 0.368333 0.776647 0.383333 0.755090 0.387500 0.741317 0.384167 0.711976 0.367500 0.692814 0.329167 0.671257 0.326667 0.538922 0.316667 0.525150
1 0.830000 0.395210 0.799167 0.368862 0.778333 0.372455 0.263333 0.629341 0.215000 0.647904 0.201667 0.645509 0.176667 0.631138 0.162500 0.632934 0.138333 0.646108 0.133333 0.654491 0.142500 0.685629 0.206667 0.743114 0.245000 0.758084 0.259167 0.753892 0.284167 0.736527 0.275833 0.709581 0.280000 0.702395 0.349167 0.662275 0.417500 0.632335 0.807500 0.434132 0.835833 0.413174
3 0.555000 0.587425 0.540833 0.588024 0.535833 0.592216 0.533333 0.596407 0.533333 0.600599 0.530833 0.604192 0.531667 0.606587 0.527500 0.617365 0.528333 0.619760 0.525833 0.623952 0.526667 0.626347 0.524167 0.628743 0.523333 0.634132 0.518333 0.644910 0.518333 0.649701 0.516667 0.652096 0.515833 0.658683 0.514167 0.660479 0.514167 0.664671 0.511667 0.667665 0.513333 0.670659 0.508333 0.673653 0.496667 0.673653 0.493333 0.674850 0.490000 0.680239 0.490000 0.685629 0.496667 0.690419 0.499167 0.690419 0.505000 0.692814 0.505833 0.692216 0.515000 0.694012 0.519167 0.695808 0.523333 0.695210 0.530833 0.697006 0.535833 0.696407 0.548333 0.697605 0.556667 0.695808 0.559167 0.693413 0.559167 0.683832 0.546667 0.678443 0.544167 0.676048 0.546667 0.671257 0.546667 0.667066 0.549167 0.664072 0.548333 0.661677 0.550833 0.658683 0.550000 0.656287 0.551667 0.655090 0.551667 0.650299 0.554167 0.646707 0.554167 0.641916 0.556667 0.638922 0.555833 0.635928 0.558333 0.632335 0.557500 0.629940 0.560000 0.625749 0.559167 0.622755 0.560833 0.620958 0.560833 0.616766 0.563333 0.613174 0.566667 0.600000 0.566667 0.592216 0.562500 0.589222
1 0.370000 0.552695 0.335000 0.592814 0.337500 0.603593 0.365833 0.618563 0.392500 0.608982 0.817500 0.853892 0.844167 0.864671 0.869167 0.865269 0.900000 0.850898 0.908333 0.840120 0.905000 0.831737 0.875000 0.805389 0.451667 0.558683 0.466667 0.532934 0.456667 0.520958 0.440833 0.512575 0.428333 0.513772 0.410833 0.521557
0 0.446667 0.235329 0.440833 0.231138 0.430000 0.230539 0.420000 0.233533 0.401667 0.243713 0.385833 0.245509 0.379167 0.242515 0.366667 0.240719 0.360000 0.243713 0.355000 0.264072 0.349167 0.268263 0.288333 0.283832 0.273333 0.289820 0.251667 0.292814 0.245000 0.296407 0.235000 0.298802 0.229167 0.302395 0.226667 0.310778 0.237500 0.332934 0.267500 0.335329 0.309167 0.324551 0.318333 0.326946 0.321667 0.320958 0.340000 0.319760 0.346667 0.322156 0.353333 0.315569 0.371667 0.307784 0.376667 0.307784 0.391667 0.322156 0.406667 0.320958 0.415000 0.310778 0.421667 0.308383 0.428333 0.302994 0.444167 0.304790 0.466667 0.300599 0.474167 0.294611 0.474167 0.291617 0.464167 0.276048 0.462500 0.265269 0.457500 0.255689 0.449167 0.247305
0 0.500833 0.526946 0.494167 0.526946 0.484167 0.534132 0.485000 0.534731 0.482500 0.535928 0.477500 0.535928 0.474167 0.537126 0.473333 0.536527 0.470000 0.541317 0.472500 0.545509 0.472500 0.548503 0.450833 0.562874 0.449167 0.562874 0.444167 0.567066 0.442500 0.567066 0.430000 0.575449 0.430000 0.580838 0.436667 0.585629 0.442500 0.588623 0.447500 0.587425 0.456667 0.581437 0.457500 0.582036 0.461667 0.578443 0.463333 0.578443 0.481667 0.567066 0.483333 0.567066 0.488333 0.564072 0.490833 0.563473 0.500833 0.567066 0.504167 0.566467 0.506667 0.564671 0.506667 0.562275 0.510000 0.558683 0.515833 0.555689 0.518333 0.555689 0.525000 0.550898 0.523333 0.548503 0.524167 0.547305 0.515000 0.539521 0.515833 0.538922
