2 0.619167 0.194611 0.593333 0.203593 0.577500 0.225150 0.575833 0.247904 0.583333 0.256886 0.604167 0.265868 0.606667 0.276048 0.595833 0.305389 0.595833 0.315569 0.571667 0.360479 0.570833 0.371257 0.561667 0.383234 0.558333 0.397605 0.547500 0.413174 0.545833 0.429341 0.550833 0.435329 0.578333 0.443114 0.635833 0.453293 0.655833 0.446108 0.670833 0.434731 0.683333 0.407784 0.700000 0.383832 0.720833 0.333533 0.746667 0.296407 0.759167 0.291617 0.767500 0.292216 0.785000 0.300000 0.807500 0.295210 0.817500 0.285030 0.830000 0.259880 0.826667 0.244311 0.820000 0.236527 0.790000 0.223952 0.778333 0.222754 0.750833 0.213174 0.694167 0.202395
4 0.606667 0.369461 0.545833 0.375449 0.498333 0.389820 0.479167 0.400599 0.470833 0.420359 0.470833 0.438323 0.480833 0.455689 0.489167 0.491617 0.520833 0.540719 0.538333 0.590419 0.534167 0.607784 0.497500 0.620359 0.481667 0.641916 0.480000 0.660479 0.492500 0.688623 0.502500 0.698204 0.550833 0.701796 0.612500 0.694611 0.701667 0.674850 0.755833 0.656886 0.792500 0.629341 0.794167 0.611976 0.774167 0.571257 0.734167 0.567665 0.704167 0.571856 0.692500 0.567066 0.684167 0.520359 0.662500 0.479042 0.631667 0.391018 0.619167 0.376048
2 0.410000 0.129341 0.379167 0.162275 0.365833 0.181437 0.370000 0.203593 0.379167 0.211976 0.419167 0.228743 0.437500 0.241317 0.498333 0.269461 0.543333 0.298204 0.544167 0.308982 0.528333 0.322156 0.528333 0.339521 0.562500 0.359880 0.595833 0.361677 0.635000 0.331737 0.684167 0.272455 0.704167 0.238323 0.699167 0.217365 0.680833 0.202994 0.655833 0.194611 0.634167 0.196407 0.620000 0.207784 0.609167 0.208982 0.570000 0.192814 0.555000 0.190419 0.504167 0.162874 0.485833 0.158084 0.439167 0.132934 0.420833 0.128144
3 0.818333 0.613174 0.803333 0.592216 0.780000 0.579641 0.753333 0.578443 0.728333 0.592216 0.717500 0.628144 0.614167 0.645509 0.598333 0.650898 0.547500 0.656287 0.504167 0.667665 0.393333 0.682635 0.371667 0.690419 0.353333 0.703593 0.350833 0.712575 0.362500 0.750898 0.380000 0.760479 0.437500 0.755090 0.555000 0.726946 0.626667 0.722156 0.648333 0.713174 0.665833 0.713174 0.680833 0.708383 0.715833 0.704790 0.736667 0.705389 0.765000 0.731138 0.779167 0.737126 0.793333 0.735928 0.815833 0.720958 0.831667 0.698802 0.823333 0.668263 0.828333 0.645509
0 0.536667 0.550299 0.508333 0.577844 0.495000 0.598204 0.469167 0.620359 0.465833 0.627545 0.468333 0.634132 0.495833 0.649102 0.509167 0.653293 0.518333 0.652096 0.533333 0.658084 0.546667 0.666467 0.555000 0.679641 0.568333 0.678443 0.593333 0.669461 0.602500 0.669461 0.680833 0.702994 0.717500 0.722754 0.737500 0.729940 0.758333 0.742515 0.774167 0.747904 0.782500 0.747305 0.790833 0.743114 0.811667 0.725150 0.825833 0.703593 0.817500 0.695210 0.650833 0.618563 0.647500 0.610778 0.655000 0.599401 0.656667 0.589222 0.646667 0.577246 0.625833 0.579641 0.615833 0.577844 0.555833 0.547904 0.544167 0.546108
0 0.400833 0.441317 0.393333 0.455090 0.402500 0.473653 0.428333 0.497006 0.493333 0.572455 0.504167 0.579042 0.525833 0.601198 0.526667 0.613772 0.514167 0.619162 0.499167 0.631737 0.500000 0.635329 0.540000 0.652096 0.544167 0.658683 0.544167 0.676647 0.560000 0.691617 0.582500 0.700000 0.607500 0.695210 0.680000 0.653892 0.697500 0.632934 0.696667 0.623353 0.689167 0.613174 0.660833 0.589820 0.665000 0.562275 0.635000 0.561677 0.613333 0.552096 0.604167 0.543713 0.586667 0.512575 0.572500 0.497006 0.503333 0.435329 0.482500 0.424551 0.453333 0.422156
4 0.517500 0.452096 0.465833 0.477246 0.442500 0.497006 0.438333 0.510180 0.442500 0.521557 0.485833 0.559281 0.612500 0.653293 0.614167 0.664072 0.588333 0.702395 0.597500 0.717964 0.630833 0.740719 0.680833 0.737126 0.735833 0.711976 0.817500 0.650898 0.839167 0.624551 0.837500 0.600000 0.808333 0.574850 0.795833 0.568862 0.736667 0.579641 0.714167 0.576048 0.674167 0.552096 0.652500 0.533533 0.612500 0.507186 0.605000 0.497006 0.560833 0.464072 0.535000 0.450898
4 0.790000 0.352096 0.753333 0.349701 0.726667 0.355090 0.705833 0.373054 0.693333 0.394611 0.701667 0.412575 0.730000 0.433533 0.730000 0.440719 0.716667 0.453293 0.646667 0.554491 0.640833 0.580240 0.646667 0.591617 0.668333 0.608982 0.705000 0.622156 0.732500 0.621557 0.748333 0.610778 0.753333 0.602994 0.767500 0.597605 0.779167 0.588024 0.812500 0.534132 0.828333 0.518563 0.845000 0.494611 0.860000 0.486228 0.880000 0.488024 0.916667 0.477844 0.925833 0.473054 0.949167 0.443713 0.949167 0.434132 0.943333 0.425748 0.918333 0.402994 0.880833 0.382036 0.830833 0.362874
3 0.589167 0.142515 0.592500 0.169461 0.600000 0.176647 0.625000 0.182036 0.649167 0.161078 0.667500 0.161078 0.710833 0.176647 0.764167 0.191617 0.789167 0.203593 0.817500 0.212575 0.830000 0.213772 0.887500 0.232335 0.901667 0.233533 0.921667 0.228743 0.931667 0.219760 0.939167 0.207784 0.940833 0.200000 0.938333 0.195210 0.916667 0.180838 0.880833 0.171856 0.740000 0.125150 0.685000 0.109581 0.688333 0.100599 0.685833 0.079641 0.662500 0.069461 0.648333 0.072455 0.631667 0.085030
3 0.665833 0.159880 0.631667 0.163473 0.616667 0.167665 0.605833 0.180240 0.612500 0.249701 0.635000 0.391617 0.630833 0.398802 0.595833 0.408982 0.592500 0.424551 0.601667 0.443114 0.607500 0.446707 0.621667 0.448503 0.690000 0.446108 0.735833 0.435329 0.760833 0.423952 0.765833 0.411976 0.757500 0.394012 0.740000 0.378443 0.730833 0.356287 0.723333 0.319760 0.716667 0.306587 0.717500 0.297605 0.710000 0.285030 0.710000 0.265868 0.700000 0.233533 0.695833 0.194611 0.680000 0.168263
1 0.281667 0.362275 0.275000 0.379042 0.296667 0.398204 0.388333 0.433533 0.420000 0.449701 0.650833 0.537725 0.716667 0.568862 0.773333 0.589820 0.784167 0.598802 0.780833 0.623353 0.800000 0.637725 0.806667 0.639521 0.820000 0.633533 0.841667 0.612575 0.881667 0.555090 0.883333 0.542515 0.870000 0.533533 0.846667 0.529341 0.824167 0.546707 0.814167 0.545509 0.664167 0.486826 0.633333 0.468862 0.610000 0.462275 0.571667 0.443713 0.471667 0.407784 0.335000 0.350898 0.304167 0.346108
0 0.345000 0.472455 0.349167 0.485629 0.355000 0.490419 0.376667 0.500000 0.405833 0.505389 0.459167 0.522754 0.495833 0.531138 0.531667 0.544311 0.591667 0.559281 0.597500 0.570659 0.590000 0.583234 0.590000 0.600000 0.606667 0.601198 0.643333 0.593413 0.669167 0.614970 0.700833 0.622156 0.720833 0.620359 0.735833 0.608982 0.750833 0.586228 0.772500 0.531737 0.770833 0.513772 0.761667 0.501796 0.728333 0.492216 0.703333 0.490419 0.683333 0.465868 0.659167 0.475449 0.616667 0.476048 0.571667 0.455090 0.553333 0.452096 0.540833 0.446108 0.478333 0.434731 0.457500 0.426946 0.432500 0.422754 0.400000 0.421557 0.376667 0.431138
2 0.418333 0.220958 0.405000 0.222156 0.375000 0.236527 0.350000 0.266467 0.344167 0.279042 0.348333 0.298204 0.390000 0.330539 0.395833 0.346108 0.371667 0.364671 0.330833 0.422754 0.314167 0.436527 0.280000 0.492216 0.255000 0.521557 0.250000 0.541916 0.258333 0.556886 0.274167 0.565868 0.302500 0.572455 0.340000 0.593413 0.390000 0.603593 0.405833 0.601796 0.433333 0.583234 0.475000 0.528144 0.542500 0.453293 0.573333 0.409581 0.585000 0.406587 0.630833 0.413174 0.649167 0.408383 0.673333 0.389820 0.690833 0.358683 0.682500 0.329940 0.627500 0.295808 0.584167 0.274251 0.513333 0.247904 0.490833 0.243114 0.450000 0.225749
