4 0.166667 0.397006 0.138333 0.411976 0.115000 0.434731 0.110833 0.443713 0.112500 0.459281 0.122500 0.473653 0.185000 0.523353 0.218333 0.557485 0.268333 0.597605 0.268333 0.607784 0.260000 0.618563 0.261667 0.628743 0.252500 0.649701 0.257500 0.664072 0.295000 0.697006 0.316667 0.696407 0.373333 0.683234 0.456667 0.638922 0.505000 0.597006 0.520833 0.565868 0.520833 0.553293 0.512500 0.540719 0.487500 0.519760 0.469167 0.511377 0.413333 0.525748 0.394167 0.523952 0.311667 0.460479 0.243333 0.399401 0.215833 0.391018
0 0.234167 0.209581 0.210000 0.214970 0.199167 0.222156 0.190000 0.238323 0.187500 0.256886 0.175000 0.272455 0.165000 0.277844 0.145833 0.281437 0.140833 0.297006 0.162500 0.315569 0.166667 0.325150 0.143333 0.365868 0.122500 0.394012 0.112500 0.416766 0.095000 0.433533 0.092500 0.445509 0.084167 0.456287 0.083333 0.463473 0.091667 0.473054 0.140000 0.491018 0.180833 0.469461 0.205833 0.430539 0.218333 0.422754 0.217500 0.410778 0.234167 0.398204 0.247500 0.394611 0.253333 0.355090 0.259167 0.351497 0.298333 0.355090 0.308333 0.346707 0.310000 0.336527 0.305000 0.328144 0.309167 0.320359 0.306667 0.309581 0.318333 0.298802 0.330833 0.292814 0.347500 0.271856 0.345833 0.259880 0.321667 0.249701 0.311667 0.248503 0.289167 0.236527 0.244167 0.225749 0.235000 0.218563
0 0.100000 0.883832 0.102500 0.900000 0.104167 0.902395 0.108333 0.904192 0.128333 0.904192 0.130000 0.905988 0.134167 0.907186 0.141667 0.907186 0.145833 0.905988 0.154167 0.898204 0.195000 0.897006 0.193333 0.881437 0.155000 0.881437 0.150833 0.880240 0.146667 0.875449 0.139167 0.873054 0.134167 0.873054 0.124167 0.876647 0.121667 0.875449 0.109167 0.876048 0.105000 0.877245 0.101667 0.879641 0.101667 0.882036
0 0.250833 0.698204 0.234167 0.692814 0.220833 0.694611 0.210833 0.701198 0.205000 0.708982 0.192500 0.717365 0.171667 0.735928 0.159167 0.750299 0.139167 0.765868 0.132500 0.767066 0.119167 0.764671 0.102500 0.766467 0.093333 0.771257 0.086667 0.780240 0.085833 0.797006 0.078333 0.802395 0.069167 0.804790 0.060833 0.811377 0.055833 0.819761 0.055833 0.823952 0.063333 0.834132 0.087500 0.853892 0.115833 0.866467 0.125000 0.868862 0.136667 0.867665 0.148333 0.864671 0.154167 0.860479 0.169167 0.840120 0.179167 0.839521 0.189167 0.835928 0.196667 0.828144 0.200000 0.818563 0.192500 0.795210 0.215000 0.770659 0.236667 0.753293 0.266667 0.722156 0.268333 0.717365 0.266667 0.708982
3 0.787500 0.620359 0.790000 0.573054 0.780833 0.544311 0.754167 0.529940 0.727500 0.527545 0.709167 0.532934 0.692500 0.555689 0.667500 0.565269 0.305833 0.528742 0.249167 0.530539 0.234167 0.549102 0.239167 0.562874 0.236667 0.579641 0.243333 0.589820 0.260000 0.599401 0.370000 0.617964 0.460833 0.623952 0.660833 0.645509 0.674167 0.658084 0.683333 0.689820 0.711667 0.699401 0.739167 0.701198 0.765833 0.684431 0.777500 0.662275
2 0.465000 0.040120 0.381667 0.110180 0.378333 0.129940 0.382500 0.143114 0.400000 0.164671 0.464167 0.205988 0.473333 0.219760 0.538333 0.253892 0.565000 0.279641 0.589167 0.291617 0.615833 0.313174 0.625000 0.329341 0.615833 0.346108 0.596667 0.358683 0.590833 0.370659 0.595000 0.388623 0.633333 0.417964 0.674167 0.429940 0.702500 0.426946 0.788333 0.369461 0.871667 0.288623 0.897500 0.254491 0.894167 0.216766 0.851667 0.186228 0.821667 0.176048 0.792500 0.178443 0.763333 0.195210 0.748333 0.190419 0.695000 0.159880 0.656667 0.143713 0.642500 0.129940 0.627500 0.125150 0.596667 0.101796 0.577500 0.095808 0.550000 0.072455 0.535833 0.068263 0.511667 0.047305 0.486667 0.038922
0 0.428333 0.670060 0.400833 0.698802 0.393333 0.710778 0.390833 0.720958 0.393333 0.726347 0.401667 0.732934 0.415000 0.738323 0.423333 0.738922 0.430833 0.737126 0.436667 0.744910 0.440833 0.755689 0.447500 0.761677 0.452500 0.763473 0.465833 0.761677 0.481667 0.754491 0.492500 0.756287 0.590833 0.805389 0.601667 0.807186 0.610833 0.805389 0.624167 0.795808 0.626667 0.792216 0.626667 0.786228 0.632500 0.777246 0.628333 0.768862 0.585000 0.745509 0.572500 0.735928 0.561667 0.731737 0.554167 0.731138 0.546667 0.725150 0.540833 0.723952 0.527500 0.713772 0.530833 0.698802 0.525833 0.688623 0.519167 0.683234 0.504167 0.681437 0.495000 0.683832 0.487500 0.678443 0.480000 0.667665 0.463333 0.659880 0.450833 0.659281 0.442500 0.661078
1 0.770000 0.311377 0.765833 0.298802 0.761667 0.295808 0.740833 0.296407 0.732500 0.311976 0.397500 0.304790 0.384167 0.311976 0.383333 0.326946 0.392500 0.334731 0.400000 0.336527 0.676667 0.343713 0.723333 0.342515 0.732500 0.347305 0.736667 0.359880 0.747500 0.363473 0.760000 0.361078 0.765833 0.351497
2 0.574167 0.283832 0.568333 0.286228 0.545000 0.302994 0.545833 0.303593 0.535833 0.310778 0.534167 0.313772 0.525833 0.319162 0.520000 0.325150 0.520000 0.327545 0.516667 0.331138 0.518333 0.333533 0.517500 0.336527 0.525833 0.344910 0.531667 0.348503 0.541667 0.352096 0.554167 0.349701 0.560000 0.346707 0.569167 0.348503 0.579167 0.355689 0.583333 0.356287 0.588333 0.361078 0.589167 0.360479 0.593333 0.362874 0.595000 0.365269 0.613333 0.376647 0.622500 0.383832 0.628333 0.385629 0.633333 0.385629 0.645000 0.379641 0.658333 0.367665 0.660833 0.362275 0.660833 0.356287 0.658333 0.353892 0.659167 0.353293 0.650833 0.344311 0.647500 0.343114 0.633333 0.331138 0.630833 0.330539 0.628333 0.327545 0.625833 0.327545 0.615000 0.317964 0.614167 0.318563 0.609167 0.313772 0.605000 0.311976 0.605000 0.307186 0.607500 0.301198 0.601667 0.291617 0.600833 0.292216 0.595833 0.287425 0.592500 0.286826 0.589167 0.284431 0.581667 0.283234
3 0.354167 0.117964 0.258333 0.129940 0.222500 0.138323 0.213333 0.142515 0.207500 0.148503 0.212500 0.165269 0.217500 0.171856 0.247500 0.169461 0.260000 0.173653 0.265000 0.205389 0.300833 0.328743 0.311667 0.359281 0.322500 0.369461 0.351667 0.368862 0.372500 0.365269 0.377500 0.362275 0.380833 0.350898 0.377500 0.328144 0.353333 0.252695 0.330000 0.161078 0.367500 0.145509 0.361667 0.120359
1 0.220833 0.089222 0.170833 0.111377 0.174167 0.149102 0.575833 0.722754 0.574167 0.743114 0.532500 0.764072 0.545000 0.795808 0.576667 0.807784 0.605000 0.802994 0.771667 0.734731 0.780000 0.714371 0.757500 0.690419 0.705000 0.695808 0.676667 0.675449 0.555000 0.505389 0.532500 0.452096 0.412500 0.295808 0.289167 0.113174 0.256667 0.086826
0 0.611667 0.224551 0.605000 0.232335 0.605000 0.234132 0.595000 0.248503 0.595000 0.249701 0.600000 0.253892 0.610000 0.258084 0.612500 0.258084 0.614167 0.259281 0.615000 0.258683 0.620000 0.262275 0.620000 0.263473 0.625000 0.266467 0.625833 0.265868 0.628333 0.267066 0.634167 0.265868 0.641667 0.260479 0.643333 0.260479 0.658333 0.267066 0.659167 0.266467 0.665000 0.269461 0.669167 0.270060 0.676667 0.273653 0.682500 0.274850 0.697500 0.280838 0.701667 0.280240 0.703333 0.278443 0.706667 0.277246 0.710833 0.271856 0.712500 0.266467 0.710000 0.263473 0.698333 0.258683 0.695000 0.256287 0.692500 0.256287 0.668333 0.245509 0.665833 0.245509 0.655833 0.241317 0.653333 0.239521 0.655000 0.237126 0.653333 0.235928 0.653333 0.231737 0.650000 0.228144 0.645833 0.226347 0.640833 0.226347 0.636667 0.227545 0.629167 0.223353 0.628333 0.223952 0.621667 0.220958 0.616667 0.220958
3 0.557500 0.559281 0.503333 0.598204 0.481667 0.632335 0.486667 0.645509 0.511667 0.662874 0.533333 0.661677 0.564167 0.650299 0.582500 0.653293 0.827500 0.845509 0.843333 0.854491 0.873333 0.861677 0.890833 0.857485 0.900000 0.847904 0.917500 0.839521 0.930833 0.824551 0.920833 0.799401 0.910833 0.786826 0.809167 0.705389 0.758333 0.671257 0.678333 0.602994 0.660000 0.594611 0.665000 0.582635 0.683333 0.562275 0.684167 0.550299 0.659167 0.530539 0.648333 0.526946 0.603333 0.536527
3 0.163333 0.314970 0.170000 0.349701 0.183333 0.362275 0.197500 0.367066 0.303333 0.380838 0.315833 0.386228 0.383333 0.388623 0.431667 0.398802 0.459167 0.398204 0.490833 0.406587 0.504167 0.406587 0.513333 0.413174 0.530833 0.407186 0.553333 0.408383 0.584167 0.419162 0.590000 0.446707 0.602500 0.458683 0.637500 0.464671 0.651667 0.461677 0.670833 0.451497 0.690000 0.424551 0.698333 0.389222 0.693333 0.373054 0.695000 0.338323 0.685000 0.316168 0.673333 0.305988 0.657500 0.300599 0.624167 0.302395 0.600833 0.324551 0.583333 0.334731 0.512500 0.322156 0.400000 0.316168 0.353333 0.310180 0.325000 0.301796 0.295000 0.301796 0.258333 0.294012 0.194167 0.288623 0.172500 0.297006
0 0.298333 0.395808 0.250000 0.400000 0.240000 0.411976 0.234167 0.429341 0.240000 0.467066 0.234167 0.482635 0.241667 0.493413 0.231667 0.517365 0.236667 0.523952 0.242500 0.549701 0.237500 0.557485 0.222500 0.559880 0.202500 0.568862 0.202500 0.581437 0.218333 0.596407 0.220000 0.606587 0.226667 0.613772 0.217500 0.633533 0.218333 0.658683 0.228333 0.667665 0.270833 0.665868 0.300833 0.667665 0.327500 0.661677 0.356667 0.662874 0.370000 0.658683 0.378333 0.648503 0.362500 0.611377 0.365833 0.594611 0.380833 0.581437 0.383333 0.573054 0.379167 0.565868 0.343333 0.553293 0.335000 0.544311 0.335833 0.529940 0.330000 0.512575 0.330833 0.494012 0.326667 0.480838 0.329167 0.471856 0.322500 0.452096 0.325833 0.434132 0.321667 0.412575 0.315000 0.401198
3 0.365833 0.069461 0.356667 0.070659 0.351667 0.075449 0.350000 0.083832 0.355833 0.085629 0.362500 0.089820 0.364167 0.094611 0.355000 0.113174 0.353333 0.113772 0.350000 0.124551 0.348333 0.125150 0.348333 0.127545 0.345000 0.131138 0.342500 0.138323 0.340833 0.138922 0.338333 0.146108 0.332500 0.155090 0.330000 0.162874 0.328333 0.163473 0.320833 0.182635 0.324167 0.186826 0.327500 0.188623 0.343333 0.192216 0.349167 0.192216 0.355833 0.187425 0.363333 0.168862 0.379167 0.141317 0.379167 0.138922 0.382500 0.135329 0.383333 0.131138 0.387500 0.127545 0.388333 0.122754 0.391667 0.119760 0.399167 0.104192 0.405000 0.099401 0.418333 0.101198 0.422500 0.100599 0.425833 0.096407 0.427500 0.090419 0.425833 0.086228 0.422500 0.084431 0.408333 0.080838 0.396667 0.076048
3 0.658333 0.428743 0.590000 0.437126 0.539167 0.454491 0.529167 0.461078 0.525000 0.468862 0.531667 0.485030 0.558333 0.501796 0.559167 0.515569 0.565833 0.519162 0.567500 0.526347 0.572500 0.531138 0.574167 0.544311 0.581667 0.549102 0.583333 0.558084 0.580833 0.563473 0.589167 0.567665 0.596667 0.600000 0.605000 0.613772 0.606667 0.640120 0.615833 0.652695 0.619167 0.667665 0.637500 0.692216 0.653333 0.702994 0.663333 0.705389 0.705833 0.689820 0.710833 0.676647 0.685000 0.586826 0.677500 0.570659 0.667500 0.528742 0.651667 0.485629 0.655000 0.477246 0.685000 0.464671 0.687500 0.453293 0.678333 0.435329 0.669167 0.430539
4 0.734167 0.545509 0.728333 0.549701 0.728333 0.561677 0.730000 0.563473 0.738333 0.565868 0.744167 0.565868 0.748333 0.568263 0.749167 0.570659 0.747500 0.575449 0.748333 0.576048 0.746667 0.577844 0.747500 0.584431 0.745833 0.590419 0.746667 0.592216 0.744167 0.598802 0.744167 0.607186 0.742500 0.608982 0.742500 0.616766 0.744167 0.619162 0.743333 0.624551 0.745000 0.628144 0.747500 0.630539 0.755833 0.631737 0.759167 0.631138 0.769167 0.632335 0.772500 0.631138 0.780000 0.631138 0.784167 0.629341 0.787500 0.615569 0.786667 0.614970 0.788333 0.611976 0.787500 0.601198 0.789167 0.600000 0.788333 0.595808 0.790000 0.590419 0.789167 0.588024 0.790833 0.585030 0.790000 0.581437 0.791667 0.579042 0.791667 0.572455 0.795833 0.569461 0.808333 0.568263 0.814167 0.566467 0.815833 0.563473 0.815833 0.551497 0.815000 0.550299 0.814167 0.550898 0.809167 0.549102 0.804167 0.546108 0.780000 0.543114 0.775833 0.543713 0.771667 0.542515 0.758333 0.542515 0.752500 0.543713 0.742500 0.543713
4 0.454167 0.692814 0.440000 0.712575 0.437500 0.725150 0.443333 0.740120 0.470833 0.758084 0.574167 0.791617 0.620833 0.812575 0.625833 0.825749 0.646667 0.843713 0.668333 0.870659 0.682500 0.880240 0.702500 0.888024 0.735833 0.891617 0.767500 0.883832 0.812500 0.856287 0.841667 0.822755 0.860000 0.788024 0.861667 0.767066 0.848333 0.737126 0.823333 0.712575 0.773333 0.699401 0.722500 0.714970 0.707500 0.722754 0.690833 0.724551 0.667500 0.713772 0.625833 0.701796 0.572500 0.681437 0.530000 0.669461 0.502500 0.665868 0.488333 0.667665
0 0.906667 0.376048 0.900000 0.361677 0.890833 0.353293 0.881667 0.349701 0.853333 0.348503 0.836667 0.353892 0.829167 0.361078 0.822500 0.362874 0.805000 0.356886 0.786667 0.342515 0.765000 0.342515 0.756667 0.350898 0.747500 0.371257 0.735833 0.376647 0.539167 0.377844 0.530833 0.382635 0.523333 0.397006 0.525000 0.425150 0.530000 0.433533 0.539167 0.438323 0.563333 0.441317 0.701667 0.440719 0.740000 0.443114 0.749167 0.448503 0.757500 0.468862 0.770000 0.476647 0.792500 0.473653 0.808333 0.458683 0.845833 0.471856 0.875000 0.472455 0.893333 0.467665 0.903333 0.453293 0.906667 0.441317 0.904167 0.428743 0.909167 0.417964 0.910000 0.402994
