2 0.835000 0.229341 0.811667 0.219162 0.799167 0.218563 0.777500 0.222754 0.760000 0.229341 0.749167 0.238323 0.745000 0.246108 0.748333 0.264671 0.741667 0.271856 0.701667 0.283234 0.691667 0.289820 0.623333 0.304192 0.610000 0.310778 0.595833 0.311976 0.570833 0.321557 0.551667 0.323952 0.533333 0.330539 0.529167 0.337725 0.543333 0.361677 0.550000 0.380838 0.563333 0.400000 0.586667 0.406587 0.607500 0.405988 0.660000 0.389222 0.704167 0.382635 0.738333 0.372455 0.803333 0.361078 0.819167 0.372455 0.821667 0.388024 0.838333 0.395808 0.852500 0.395808 0.889167 0.388623 0.905000 0.376048 0.909167 0.368862 0.905833 0.345509 0.870000 0.275449
0 0.290000 0.538922 0.261667 0.560479 0.265000 0.572455 0.380000 0.653892 0.381667 0.660479 0.372500 0.679042 0.372500 0.685030 0.379167 0.688024 0.394167 0.687425 0.403333 0.694012 0.409167 0.704790 0.425000 0.714970 0.431667 0.717365 0.445000 0.715569 0.472500 0.693413 0.506667 0.659880 0.506667 0.649102 0.484167 0.634132 0.479167 0.622755 0.471667 0.619760 0.464167 0.611377 0.454167 0.610180 0.432500 0.616766 0.415833 0.611976 0.411667 0.604790 0.395000 0.591018 0.385000 0.586826 0.377500 0.579641 0.353333 0.564072 0.332500 0.541916 0.304167 0.535928
0 0.852500 0.354491 0.820000 0.335329 0.803333 0.332934 0.755000 0.358084 0.722500 0.368263 0.709167 0.379042 0.693333 0.383234 0.676667 0.392814 0.664167 0.393413 0.639167 0.385629 0.628333 0.386228 0.612500 0.391018 0.595000 0.402994 0.584167 0.414371 0.549167 0.430539 0.539167 0.440719 0.550833 0.468862 0.579167 0.498204 0.609167 0.523353 0.625833 0.527545 0.645000 0.523353 0.663333 0.511976 0.666667 0.500000 0.674167 0.494611 0.691667 0.492814 0.710000 0.495210 0.730000 0.485030 0.732500 0.474850 0.726667 0.452695 0.734167 0.444910 0.790833 0.418563 0.810833 0.405988 0.826667 0.400599 0.833333 0.393413 0.844167 0.391018 0.857500 0.382635 0.865833 0.373054
4 0.712500 0.725150 0.704167 0.726347 0.703333 0.727545 0.695833 0.729341 0.690833 0.733533 0.686667 0.740719 0.686667 0.744910 0.693333 0.749102 0.698333 0.753892 0.698333 0.755090 0.696667 0.756287 0.695000 0.760479 0.692500 0.762275 0.693333 0.762874 0.690833 0.765269 0.687500 0.773054 0.683333 0.777844 0.683333 0.780240 0.681667 0.781437 0.675833 0.793413 0.676667 0.797006 0.681667 0.802395 0.695000 0.807784 0.700833 0.808982 0.705833 0.808383 0.713333 0.800599 0.712500 0.800000 0.719167 0.791018 0.718333 0.790419 0.724167 0.783234 0.724167 0.780838 0.728333 0.776048 0.729167 0.773054 0.731667 0.771257 0.730833 0.770659 0.732500 0.767066 0.735000 0.765868 0.737500 0.767066 0.744167 0.767066 0.749167 0.765269 0.756667 0.759281 0.760000 0.755090 0.759167 0.754491 0.760833 0.753293 0.761667 0.749701 0.758333 0.744910 0.745000 0.735329 0.741667 0.734731 0.731667 0.729940 0.730833 0.730539 0.723333 0.727545 0.714167 0.726347
3 0.780833 0.550299 0.735833 0.555689 0.677500 0.571257 0.646667 0.589222 0.645833 0.600000 0.658333 0.621557 0.700833 0.631737 0.706667 0.637126 0.736667 0.752695 0.766667 0.848503 0.784167 0.872455 0.806667 0.875449 0.825833 0.872455 0.845000 0.864671 0.855000 0.857485 0.860833 0.844311 0.852500 0.801198 0.836667 0.759281 0.812500 0.656886 0.799167 0.620958 0.800000 0.614970 0.835000 0.598204 0.841667 0.585629 0.840000 0.573653 0.832500 0.562874 0.795833 0.551497
1 0.684167 0.086228 0.590000 0.052096 0.557500 0.050898 0.545833 0.059880 0.529167 0.085030 0.554167 0.118563 0.500833 0.182635 0.443333 0.235329 0.130833 0.563473 0.116667 0.591018 0.134167 0.607784 0.180000 0.626347 0.200833 0.616168 0.615000 0.190419 0.654167 0.159880 0.700000 0.167665 0.716667 0.161677 0.735000 0.140719 0.734167 0.124551 0.715833 0.104192
3 0.253333 0.286228 0.235833 0.294012 0.224167 0.305988 0.227500 0.319760 0.235833 0.329341 0.242500 0.332335 0.268333 0.332335 0.281667 0.336527 0.310833 0.393413 0.312500 0.405389 0.319167 0.411976 0.325833 0.430539 0.344167 0.462275 0.361667 0.508982 0.374167 0.523353 0.386667 0.529341 0.412500 0.526946 0.435833 0.520359 0.441667 0.507784 0.432500 0.476647 0.409167 0.446108 0.390833 0.397006 0.375000 0.372455 0.371667 0.356886 0.360000 0.337126 0.360833 0.319162 0.388333 0.301198 0.384167 0.284431 0.372500 0.277246 0.349167 0.271856 0.321667 0.276647 0.294167 0.276647
3 0.583333 0.653892 0.590833 0.665269 0.608333 0.678443 0.637500 0.677844 0.648333 0.670060 0.650833 0.650299 0.661667 0.646108 0.715000 0.644910 0.771667 0.639521 0.892500 0.632934 0.910833 0.629341 0.923333 0.623952 0.931667 0.615569 0.933333 0.595808 0.928333 0.585030 0.922500 0.580838 0.904167 0.577246 0.852500 0.579042 0.743333 0.589820 0.661667 0.592814 0.654167 0.589222 0.650833 0.580240 0.645833 0.576048 0.631667 0.574251 0.620000 0.568263 0.607500 0.568263 0.596667 0.572455 0.583333 0.599401 0.580833 0.617365
3 0.327500 0.585629 0.329167 0.593413 0.338333 0.599401 0.384167 0.607784 0.433333 0.607186 0.484167 0.613174 0.506667 0.618563 0.549167 0.618563 0.565833 0.623353 0.592500 0.624551 0.615833 0.635329 0.622500 0.658683 0.630000 0.663473 0.646667 0.666467 0.667500 0.659880 0.681667 0.648503 0.687500 0.628743 0.699167 0.614371 0.706667 0.579042 0.704167 0.562275 0.698333 0.555090 0.677500 0.547904 0.663333 0.548503 0.654167 0.552096 0.643333 0.567066 0.634167 0.574850 0.541667 0.567066 0.527500 0.562874 0.516667 0.564072 0.479167 0.558084 0.454167 0.558084 0.389167 0.550299 0.380000 0.547305 0.366667 0.547305 0.340833 0.552096 0.335000 0.558683
4 0.505833 0.355689 0.482500 0.344910 0.460000 0.343713 0.399167 0.365868 0.390833 0.376048 0.406667 0.419162 0.404167 0.429341 0.387500 0.431737 0.361667 0.447305 0.330000 0.453293 0.285833 0.476647 0.143333 0.525150 0.122500 0.538323 0.120833 0.552695 0.139167 0.588623 0.191667 0.643713 0.226667 0.644910 0.259167 0.629341 0.338333 0.605389 0.374167 0.584431 0.437500 0.562275 0.458333 0.559281 0.470000 0.550898 0.489167 0.551497 0.551667 0.586826 0.581667 0.588623 0.641667 0.565269 0.641667 0.529940 0.608333 0.464671 0.550000 0.389222
1 0.886667 0.155090 0.850000 0.146108 0.804167 0.164072 0.736667 0.239521 0.275000 0.681437 0.209167 0.670659 0.176667 0.693413 0.171667 0.708982 0.186667 0.732335 0.243333 0.777844 0.311667 0.810778 0.365000 0.817964 0.404167 0.790419 0.405833 0.772455 0.370833 0.737126 0.811667 0.319760 0.909167 0.217964 0.918333 0.183234
0 0.481667 0.340120 0.468333 0.324551 0.450833 0.314970 0.424167 0.315569 0.357500 0.328144 0.342500 0.326946 0.319167 0.338323 0.290000 0.344910 0.282500 0.343713 0.264167 0.328743 0.235000 0.322156 0.215833 0.327545 0.201667 0.339521 0.166667 0.340120 0.145000 0.346108 0.134167 0.354491 0.130833 0.361078 0.130000 0.382635 0.155000 0.437725 0.170000 0.449701 0.196667 0.454491 0.220000 0.447904 0.229167 0.442515 0.263333 0.443713 0.278333 0.442515 0.285833 0.439521 0.291667 0.434132 0.300833 0.411976 0.307500 0.405988 0.320833 0.401198 0.329167 0.401198 0.415833 0.382036 0.431667 0.380838 0.460000 0.372455 0.472500 0.364072
3 0.725833 0.403593 0.698333 0.397605 0.641667 0.376048 0.577500 0.373054 0.547500 0.382635 0.533333 0.407186 0.545833 0.422754 0.546667 0.440719 0.566667 0.453892 0.565833 0.462874 0.474167 0.586826 0.450833 0.631138 0.436667 0.649701 0.415833 0.666467 0.400833 0.691018 0.396667 0.725748 0.406667 0.737725 0.428333 0.747305 0.454167 0.752695 0.478333 0.749102 0.497500 0.738323 0.535000 0.694012 0.574167 0.625749 0.585000 0.613174 0.599167 0.605389 0.602500 0.592814 0.661667 0.510778 0.670000 0.491617 0.685833 0.483832 0.725000 0.486228 0.740000 0.483234 0.765833 0.461078 0.768333 0.446108 0.760833 0.432934 0.738333 0.409581
1 0.915000 0.088623 0.896667 0.079042 0.868333 0.080838 0.859167 0.085629 0.857500 0.103593 0.847500 0.110180 0.327500 0.169461 0.307500 0.173653 0.295000 0.180838 0.290833 0.200000 0.300000 0.216766 0.334167 0.222156 0.854167 0.162874 0.866667 0.168263 0.881667 0.188024 0.916667 0.185030 0.927500 0.165868 0.928333 0.138922
1 0.271667 0.628144 0.257500 0.628743 0.254167 0.630539 0.251667 0.641317 0.263333 0.645509 0.266667 0.649102 0.210833 0.822755 0.211667 0.828743 0.215833 0.832335 0.230000 0.835329 0.241667 0.830539 0.246667 0.819761 0.288333 0.686228 0.291667 0.682036 0.296667 0.658084 0.302500 0.653293 0.317500 0.652695 0.321667 0.648503 0.320833 0.640719 0.314167 0.637126 0.290833 0.632934 0.288333 0.631138 0.277500 0.630539
0 0.375833 0.778443 0.358333 0.798204 0.360000 0.807186 0.370833 0.814371 0.395000 0.821557 0.414167 0.830539 0.430000 0.834731 0.460833 0.847904 0.469167 0.849102 0.482500 0.855090 0.491667 0.856886 0.497500 0.862874 0.490833 0.879641 0.493333 0.881437 0.519167 0.880838 0.526667 0.884431 0.528333 0.889222 0.534167 0.894012 0.545833 0.898204 0.564167 0.898204 0.574167 0.891018 0.582500 0.880240 0.595000 0.856886 0.598333 0.838922 0.591667 0.831138 0.578333 0.826347 0.562500 0.823353 0.557500 0.818563 0.550833 0.805988 0.534167 0.812575 0.520833 0.812575 0.510833 0.809581 0.486667 0.795808 0.410833 0.773054 0.390833 0.771856
3 0.225000 0.759880 0.211667 0.789222 0.205833 0.822156 0.211667 0.856886 0.221667 0.867066 0.245833 0.872455 0.260000 0.871257 0.283333 0.862874 0.297500 0.849701 0.307500 0.848503 0.455000 0.883234 0.574167 0.905389 0.600833 0.905988 0.610000 0.902994 0.619167 0.895210 0.625000 0.882036 0.625833 0.867066 0.618333 0.853892 0.600833 0.843713 0.548333 0.830539 0.495000 0.821557 0.319167 0.783832 0.314167 0.780240 0.307500 0.747904 0.289167 0.739521 0.270000 0.737725 0.242500 0.746707
0 0.246667 0.595808 0.232500 0.622156 0.220000 0.631737 0.222500 0.647305 0.245000 0.655689 0.258333 0.665868 0.271667 0.668263 0.292500 0.682036 0.309167 0.686228 0.325833 0.704192 0.337500 0.707784 0.357500 0.724551 0.383333 0.735329 0.398333 0.757485 0.411667 0.767066 0.425000 0.770659 0.446667 0.786228 0.507500 0.806587 0.521667 0.803593 0.542500 0.790419 0.579167 0.753293 0.593333 0.733533 0.598333 0.716766 0.589167 0.701198 0.579167 0.695210 0.555000 0.688623 0.528333 0.694611 0.514167 0.658084 0.501667 0.649102 0.488333 0.649102 0.458333 0.661078 0.443333 0.658683 0.387500 0.636527 0.347500 0.614371 0.294167 0.591617 0.254167 0.591018
