3 0.240000 0.461677 0.240000 0.531138 0.252500 0.581437 0.266667 0.605389 0.284167 0.613174 0.326667 0.609581 0.345000 0.595210 0.382500 0.586826 0.427500 0.585629 0.603333 0.567066 0.722500 0.563473 0.787500 0.537725 0.792500 0.527545 0.793333 0.508982 0.775833 0.477246 0.754167 0.470659 0.607500 0.473653 0.346667 0.488024 0.327500 0.480240 0.308333 0.441317 0.255833 0.443713
1 0.405000 0.085629 0.352500 0.100599 0.343333 0.110778 0.345000 0.133533 0.399167 0.291617 0.410833 0.305389 0.420000 0.359880 0.452500 0.401796 0.441667 0.414970 0.478333 0.473054 0.475000 0.490419 0.547500 0.679042 0.540833 0.689222 0.510000 0.704790 0.505833 0.726946 0.523333 0.747305 0.549167 0.749102 0.637500 0.733533 0.685000 0.717964 0.721667 0.694611 0.720000 0.677245 0.702500 0.656287 0.674167 0.656886 0.656667 0.645509 0.643333 0.598802 0.580833 0.474252 0.566667 0.411976 0.553333 0.396407 0.520833 0.288024 0.483333 0.215569 0.471667 0.131138 0.450000 0.098204 0.426667 0.086228
0 0.607500 0.405389 0.599167 0.411377 0.599167 0.417964 0.600833 0.418563 0.605833 0.424551 0.635000 0.445509 0.635833 0.450898 0.633333 0.454491 0.635000 0.459281 0.643333 0.463473 0.647500 0.463473 0.652500 0.468862 0.658333 0.473054 0.666667 0.474850 0.674167 0.471856 0.678333 0.468263 0.683333 0.465868 0.688333 0.460479 0.691667 0.458683 0.692500 0.455689 0.694167 0.454491 0.694167 0.450898 0.692500 0.447904 0.687500 0.444311 0.683333 0.443713 0.679167 0.441317 0.678333 0.435329 0.673333 0.430539 0.672500 0.431138 0.665000 0.429940 0.663333 0.431138 0.655000 0.432335 0.651667 0.428743 0.620833 0.406587 0.615833 0.404192
1 0.775833 0.303593 0.748333 0.304192 0.722500 0.316766 0.658333 0.368263 0.643333 0.374251 0.620000 0.400000 0.402500 0.556886 0.215833 0.702994 0.193333 0.707784 0.151667 0.701198 0.126667 0.710778 0.121667 0.719760 0.128333 0.735928 0.202500 0.789222 0.249167 0.815569 0.273333 0.820958 0.307500 0.794611 0.283333 0.766467 0.291667 0.751497 0.495000 0.592216 0.540833 0.564072 0.792500 0.371856 0.814167 0.339521 0.805833 0.323952
0 0.541667 0.598204 0.536667 0.601198 0.538333 0.631138 0.530000 0.639521 0.530000 0.643713 0.534167 0.647305 0.530833 0.656287 0.533333 0.659281 0.538333 0.661677 0.551667 0.661677 0.561667 0.659281 0.565833 0.659281 0.570000 0.657485 0.571667 0.654491 0.571667 0.650898 0.568333 0.645509 0.570833 0.641317 0.570000 0.638323 0.560000 0.631138 0.560000 0.625150 0.558333 0.621557 0.559167 0.612575 0.556667 0.604790 0.556667 0.600599 0.553333 0.598802
2 0.310833 0.152695 0.276667 0.153892 0.250833 0.166467 0.224167 0.193413 0.223333 0.209581 0.251667 0.246707 0.249167 0.253892 0.215833 0.274251 0.210833 0.282635 0.186667 0.301198 0.151667 0.320958 0.060000 0.398204 0.054167 0.413772 0.060833 0.425748 0.088333 0.441317 0.125000 0.470060 0.155833 0.483832 0.172500 0.485629 0.203333 0.473054 0.290833 0.408982 0.345833 0.374251 0.365833 0.353892 0.384167 0.341916 0.394167 0.342515 0.425000 0.355689 0.453333 0.353892 0.480833 0.339521 0.498333 0.324551 0.505000 0.313174 0.505000 0.295808 0.470000 0.258084 0.341667 0.166467
0 0.339167 0.527545 0.314167 0.556287 0.320833 0.567665 0.336667 0.576647 0.410000 0.607186 0.425833 0.616766 0.439167 0.620958 0.468333 0.635329 0.474167 0.641317 0.470833 0.668862 0.474167 0.671257 0.482500 0.672455 0.496667 0.669461 0.508333 0.675449 0.517500 0.685030 0.533333 0.692216 0.548333 0.694611 0.557500 0.691617 0.582500 0.661078 0.606667 0.622156 0.603333 0.609581 0.576667 0.598802 0.568333 0.588623 0.555833 0.583832 0.545833 0.576647 0.532500 0.577844 0.513333 0.588024 0.493333 0.584431 0.488333 0.578443 0.469167 0.568263 0.451667 0.562874 0.440833 0.555689 0.414167 0.545509 0.402500 0.535928 0.381667 0.523952 0.348333 0.523353
3 0.692500 0.133533 0.645000 0.105988 0.627500 0.100599 0.581667 0.123353 0.585000 0.143713 0.602500 0.172455 0.594167 0.179641 0.229167 0.367665 0.212500 0.393413 0.248333 0.434731 0.268333 0.443713 0.308333 0.438922 0.326667 0.432335 0.606667 0.289820 0.657500 0.255090 0.684167 0.255090 0.730833 0.283234 0.776667 0.261677 0.779167 0.246108 0.769167 0.222754 0.736667 0.178443
4 0.614167 0.232335 0.603333 0.235928 0.590000 0.247904 0.559167 0.301796 0.499167 0.456886 0.427500 0.456886 0.411667 0.476647 0.398333 0.514970 0.419167 0.534132 0.440833 0.545509 0.545000 0.574251 0.654167 0.591617 0.716667 0.585629 0.724167 0.581437 0.742500 0.548503 0.744167 0.528742 0.673333 0.483234 0.715000 0.386228 0.723333 0.352695 0.743333 0.316168 0.752500 0.273054 0.744167 0.262874 0.711667 0.249102 0.670000 0.237725
0 0.734167 0.063473 0.722500 0.071257 0.723333 0.071856 0.720833 0.074251 0.722500 0.077844 0.721667 0.078443 0.731667 0.086826 0.734167 0.090419 0.739167 0.093413 0.758333 0.110778 0.765000 0.114970 0.770833 0.120359 0.770000 0.120958 0.771667 0.122156 0.770000 0.122754 0.767500 0.128144 0.767500 0.133533 0.769167 0.134731 0.769167 0.136527 0.772500 0.139521 0.780000 0.141317 0.781667 0.140120 0.789167 0.145509 0.788333 0.146108 0.800000 0.153892 0.805000 0.153892 0.808333 0.152096 0.809167 0.152695 0.823333 0.144311 0.823333 0.143114 0.830833 0.138922 0.831667 0.137126 0.837500 0.134132 0.839167 0.131737 0.844167 0.128743 0.842500 0.126347 0.843333 0.125749 0.840000 0.122754 0.840833 0.122156 0.833333 0.115569 0.825833 0.111377 0.826667 0.110778 0.823333 0.108383 0.823333 0.104790 0.820000 0.100599 0.815000 0.098204 0.809167 0.098204 0.798333 0.101796 0.795833 0.101198 0.785000 0.091617 0.777500 0.086826 0.774167 0.083234 0.770833 0.082036 0.761667 0.073653 0.760833 0.074251 0.745000 0.061677 0.740833 0.061677 0.735000 0.064072
1 0.283333 0.083234 0.250833 0.097006 0.235000 0.123353 0.250000 0.153293 0.292500 0.161078 0.305000 0.167665 0.457500 0.526946 0.473333 0.540719 0.475000 0.564671 0.487500 0.573054 0.484167 0.583832 0.496667 0.610778 0.509167 0.625150 0.526667 0.633533 0.563333 0.632335 0.585000 0.620359 0.587500 0.607186 0.570833 0.526946 0.527500 0.431138 0.498333 0.387425 0.465833 0.292814 0.420000 0.194012 0.408333 0.181437 0.399167 0.151497 0.426667 0.120958 0.427500 0.099401 0.417500 0.084431 0.374167 0.074251 0.320000 0.076048
3 0.849167 0.485629 0.842500 0.476647 0.835000 0.473653 0.800000 0.470659 0.753333 0.481437 0.562500 0.512575 0.513333 0.525748 0.496667 0.527545 0.475833 0.505988 0.461667 0.496407 0.428333 0.499401 0.418333 0.508383 0.414167 0.532335 0.433333 0.612575 0.464167 0.636527 0.477500 0.640719 0.510000 0.632335 0.513333 0.595210 0.530833 0.587425 0.579167 0.581437 0.665000 0.564072 0.710000 0.561078 0.747500 0.550898 0.825833 0.537725 0.842500 0.529341 0.853333 0.517365 0.854167 0.500000
3 0.365833 0.328743 0.341667 0.382036 0.337500 0.415569 0.351667 0.443713 0.387500 0.455689 0.408333 0.450898 0.437500 0.419162 0.450000 0.414371 0.474167 0.423952 0.539167 0.435329 0.811667 0.497605 0.846667 0.497006 0.870000 0.489820 0.883333 0.480240 0.897500 0.459880 0.896667 0.438922 0.868333 0.419162 0.774167 0.392216 0.755000 0.391018 0.590000 0.354491 0.539167 0.340719 0.516667 0.329940 0.491667 0.326347 0.480000 0.316766 0.478333 0.290419 0.451667 0.277246 0.435833 0.273653 0.415833 0.276647 0.384167 0.302395
3 0.809167 0.673653 0.748333 0.608982 0.712500 0.588623 0.682500 0.587425 0.649167 0.602994 0.639167 0.629341 0.641667 0.650898 0.634167 0.658683 0.432500 0.728144 0.272500 0.790419 0.241667 0.813174 0.246667 0.840719 0.275000 0.866467 0.300833 0.874251 0.320000 0.873653 0.384167 0.854491 0.479167 0.816766 0.665833 0.753293 0.700833 0.734731 0.731667 0.749102 0.756667 0.767665 0.788333 0.764671 0.814167 0.749701 0.813333 0.730539 0.823333 0.714371 0.823333 0.700000
4 0.213333 0.151497 0.200000 0.164072 0.190833 0.182036 0.184167 0.229341 0.163333 0.291617 0.162500 0.310180 0.155833 0.319162 0.145833 0.322755 0.140000 0.317964 0.131667 0.316168 0.095000 0.325749 0.089167 0.340120 0.086667 0.362275 0.097500 0.370659 0.166667 0.388024 0.190000 0.389222 0.261667 0.401796 0.305000 0.400000 0.317500 0.394012 0.325833 0.356886 0.307500 0.349701 0.280000 0.344910 0.273333 0.337126 0.270833 0.324551 0.305833 0.204790 0.305833 0.192216 0.310833 0.180240 0.307500 0.168862 0.287500 0.163473 0.270000 0.162275 0.245833 0.154491
3 0.699167 0.525150 0.676667 0.518563 0.640833 0.531737 0.635833 0.544910 0.645833 0.559281 0.646667 0.574251 0.631667 0.588024 0.538333 0.622755 0.518333 0.633533 0.463333 0.652695 0.440833 0.656886 0.340833 0.694012 0.285833 0.718563 0.265000 0.738323 0.276667 0.777246 0.300000 0.786228 0.330833 0.782635 0.629167 0.676647 0.697500 0.663473 0.708333 0.665868 0.724167 0.685030 0.735000 0.688024 0.770000 0.675449 0.779167 0.666467 0.779167 0.648503 0.744167 0.582635
0 0.283333 0.180240 0.277500 0.183234 0.269167 0.189820 0.268333 0.191617 0.270833 0.194611 0.270000 0.195210 0.292500 0.214970 0.294167 0.217964 0.299167 0.220958 0.305833 0.228144 0.305000 0.230539 0.302500 0.231737 0.298333 0.236527 0.300000 0.238323 0.299167 0.238922 0.304167 0.240719 0.308333 0.239521 0.311667 0.241916 0.317500 0.241916 0.319167 0.243713 0.315833 0.247305 0.316667 0.250898 0.321667 0.255689 0.326667 0.257485 0.346667 0.246707 0.350833 0.243114 0.355833 0.240719 0.355833 0.239521 0.360000 0.237725 0.359167 0.237126 0.360833 0.235928 0.360833 0.232335 0.355000 0.225749 0.350000 0.222156 0.344167 0.220359 0.343333 0.218563 0.345000 0.216766 0.345000 0.214371 0.341667 0.211976 0.331667 0.213772 0.329167 0.213174 0.325833 0.209581 0.325000 0.210180 0.307500 0.194012 0.288333 0.180838
3 0.612500 0.322755 0.585833 0.325749 0.557500 0.339521 0.281667 0.510778 0.262500 0.511377 0.233333 0.489820 0.214167 0.494012 0.187500 0.510180 0.184167 0.520359 0.190833 0.535928 0.226667 0.574850 0.297500 0.628144 0.325833 0.637725 0.342500 0.634132 0.370000 0.612575 0.370000 0.607186 0.352500 0.582036 0.358333 0.570659 0.420833 0.534132 0.482500 0.482635 0.615833 0.402395 0.655833 0.371257 0.659167 0.362874 0.650000 0.352096
1 0.514167 0.130539 0.455833 0.132934 0.435000 0.167066 0.420833 0.790419 0.406667 0.806587 0.359167 0.809581 0.349167 0.841317 0.367500 0.861677 0.397500 0.867665 0.581667 0.862874 0.601667 0.849102 0.597500 0.819761 0.549167 0.807784 0.537500 0.783832 0.539167 0.595808 0.553333 0.542515 0.548333 0.357485 0.555833 0.166467 0.545000 0.139521
3 0.587500 0.231138 0.544167 0.230539 0.529167 0.235928 0.514167 0.250299 0.516667 0.273054 0.550000 0.298204 0.534167 0.323353 0.529167 0.341916 0.513333 0.365868 0.509167 0.380240 0.500833 0.388623 0.499167 0.398802 0.478333 0.429940 0.476667 0.442515 0.431667 0.515569 0.429167 0.537126 0.433333 0.550898 0.445833 0.558084 0.492500 0.571856 0.512500 0.565868 0.538333 0.528742 0.548333 0.509581 0.551667 0.485629 0.569167 0.457485 0.571667 0.445509 0.605000 0.402395 0.606667 0.385629 0.617500 0.373653 0.619167 0.364671 0.635000 0.341317 0.648333 0.329341 0.689167 0.328144 0.706667 0.322755 0.712500 0.314970 0.708333 0.293413 0.693333 0.271856 0.652500 0.258683 0.631667 0.243713 0.602500 0.237725
2 0.339167 0.522754 0.241667 0.564671 0.175000 0.608982 0.150000 0.620958 0.125833 0.642515 0.125000 0.665868 0.138333 0.683234 0.172500 0.705988 0.192500 0.708383 0.245833 0.692814 0.256667 0.696407 0.270833 0.707186 0.279167 0.719760 0.313333 0.743713 0.339167 0.773653 0.402500 0.820958 0.423333 0.841317 0.442500 0.848503 0.466667 0.845509 0.492500 0.826347 0.523333 0.813174 0.545000 0.798204 0.560000 0.779042 0.557500 0.769461 0.530833 0.736527 0.470000 0.683234 0.427500 0.638922 0.387500 0.610778 0.390833 0.601796 0.410833 0.585030 0.410833 0.565868 0.397500 0.546707 0.372500 0.525748
