3 0.585833 0.408982 0.560000 0.410778 0.525833 0.422754 0.514167 0.435928 0.506667 0.492814 0.509167 0.607784 0.505000 0.710180 0.509167 0.740719 0.502500 0.748503 0.456667 0.760479 0.442500 0.778443 0.446667 0.807784 0.467500 0.811377 0.503333 0.831138 0.561667 0.832335 0.637500 0.823952 0.685833 0.808383 0.696667 0.797605 0.697500 0.773653 0.692500 0.764072 0.678333 0.754491 0.638333 0.739521 0.630833 0.730539 0.635000 0.567066 0.630000 0.440120 0.619167 0.419760 0.605833 0.411976
3 0.315000 0.137725 0.234167 0.197006 0.202500 0.226347 0.177500 0.256287 0.177500 0.268862 0.205833 0.286826 0.220000 0.291018 0.250833 0.269461 0.270833 0.265269 0.318333 0.300599 0.520000 0.428743 0.567500 0.456287 0.596667 0.461078 0.625833 0.443713 0.649167 0.423952 0.650833 0.416766 0.640833 0.401796 0.609167 0.376647 0.488333 0.302395 0.347500 0.208982 0.341667 0.201198 0.366667 0.161677 0.328333 0.135329
3 0.555000 0.690419 0.533333 0.683234 0.476667 0.694012 0.443333 0.708982 0.394167 0.717964 0.367500 0.726347 0.331667 0.731138 0.276667 0.748503 0.225000 0.759880 0.191667 0.756886 0.155833 0.732934 0.128333 0.735329 0.111667 0.747904 0.101667 0.769461 0.119167 0.847904 0.133333 0.867665 0.144167 0.876647 0.161667 0.883234 0.187500 0.880240 0.210000 0.865269 0.210000 0.838323 0.217500 0.829940 0.258333 0.823353 0.281667 0.814371 0.325833 0.804790 0.340833 0.804790 0.355833 0.798204 0.405000 0.789222 0.443333 0.777246 0.540000 0.756886 0.559167 0.749701 0.570000 0.741317 0.571667 0.727545
0 0.403333 0.532934 0.365000 0.540719 0.358333 0.565868 0.361667 0.579042 0.370833 0.595210 0.370833 0.602395 0.367500 0.604790 0.374167 0.607784 0.377500 0.613174 0.375833 0.624551 0.370000 0.630539 0.379167 0.637725 0.393333 0.654491 0.388333 0.661078 0.377500 0.663473 0.365833 0.670659 0.366667 0.677844 0.369167 0.681437 0.383333 0.689820 0.385000 0.694611 0.393333 0.700599 0.394167 0.705988 0.390000 0.717964 0.395833 0.732934 0.403333 0.740120 0.410833 0.740120 0.435000 0.734132 0.447500 0.734132 0.463333 0.731138 0.480000 0.724551 0.498333 0.725748 0.508333 0.720359 0.512500 0.710778 0.506667 0.698204 0.495000 0.687425 0.491667 0.674850 0.492500 0.668862 0.501667 0.659281 0.501667 0.655090 0.494167 0.648503 0.471667 0.646108 0.461667 0.642515 0.440833 0.587425 0.430833 0.571856 0.430833 0.559281 0.422500 0.541317 0.413333 0.534731
3 0.519167 0.174850 0.507500 0.170659 0.500000 0.170659 0.482500 0.180240 0.478333 0.188623 0.482500 0.203593 0.488333 0.211377 0.481667 0.216766 0.355833 0.279042 0.260833 0.329341 0.252500 0.338323 0.252500 0.346707 0.265833 0.363473 0.279167 0.371257 0.293333 0.374251 0.335000 0.367066 0.405000 0.334731 0.430000 0.319760 0.445833 0.316766 0.471667 0.303593 0.504167 0.292216 0.543333 0.272455 0.555833 0.278443 0.569167 0.279641 0.590833 0.270659 0.595833 0.265269 0.593333 0.248503 0.570000 0.218563 0.535833 0.186826
3 0.571667 0.550299 0.560833 0.564671 0.560000 0.582036 0.564167 0.591018 0.580000 0.602994 0.687500 0.645509 0.753333 0.667066 0.783333 0.680239 0.817500 0.689820 0.824167 0.700000 0.814167 0.719162 0.821667 0.728144 0.850833 0.737725 0.870000 0.729341 0.922500 0.668263 0.932500 0.647904 0.934167 0.632335 0.931667 0.627545 0.898333 0.617365 0.880833 0.626347 0.871667 0.635928 0.855833 0.634132 0.840000 0.623952 0.788333 0.609581 0.774167 0.601796 0.683333 0.566467 0.615000 0.543114 0.589167 0.540120
3 0.568333 0.556287 0.530000 0.568862 0.522500 0.576647 0.520833 0.589222 0.530833 0.608383 0.545000 0.616766 0.580000 0.617964 0.591667 0.627545 0.595000 0.654491 0.616667 0.702994 0.615833 0.713772 0.622500 0.725150 0.630000 0.759880 0.642500 0.785030 0.650000 0.826946 0.671667 0.877245 0.690000 0.884431 0.745833 0.879042 0.756667 0.873054 0.764167 0.861078 0.756667 0.817964 0.738333 0.793413 0.727500 0.750299 0.719167 0.734132 0.720000 0.714371 0.705833 0.688623 0.698333 0.651497 0.690000 0.633533 0.695833 0.608383 0.734167 0.589820 0.736667 0.583832 0.732500 0.567665 0.720000 0.556886 0.690833 0.549701 0.663333 0.552695 0.617500 0.550898
3 0.362500 0.496407 0.315833 0.527545 0.313333 0.538922 0.318333 0.548503 0.355833 0.588024 0.416667 0.638922 0.465833 0.689222 0.545000 0.758084 0.546667 0.768263 0.522500 0.785629 0.512500 0.798204 0.540000 0.824551 0.555833 0.825749 0.580000 0.816766 0.678333 0.764072 0.710833 0.737725 0.710833 0.722156 0.686667 0.702994 0.667500 0.705988 0.643333 0.716766 0.625833 0.710180 0.582500 0.668263 0.555833 0.649102 0.520833 0.609581 0.450000 0.543713 0.385000 0.498204 0.376667 0.495210
0 0.430833 0.842515 0.437500 0.863473 0.446667 0.874251 0.454167 0.877844 0.466667 0.879641 0.484167 0.878443 0.504167 0.873054 0.516667 0.878443 0.536667 0.879641 0.549167 0.875449 0.558333 0.869461 0.570833 0.852695 0.654167 0.843114 0.670000 0.838323 0.679167 0.831138 0.680000 0.817964 0.671667 0.805988 0.659167 0.801796 0.641667 0.801198 0.605000 0.806587 0.583333 0.807186 0.563333 0.811377 0.557500 0.809581 0.540833 0.796407 0.529167 0.793413 0.520833 0.793413 0.510000 0.796407 0.490833 0.805389 0.462500 0.805988 0.442500 0.812575 0.435000 0.819761 0.430833 0.834132
0 0.465833 0.122156 0.445833 0.120359 0.429167 0.125749 0.407500 0.146108 0.358333 0.207784 0.306667 0.239521 0.285000 0.241317 0.264167 0.248503 0.259167 0.264072 0.265833 0.299401 0.249167 0.298802 0.235833 0.302395 0.222500 0.311377 0.212500 0.325150 0.213333 0.341317 0.235000 0.358683 0.300833 0.386228 0.330000 0.395210 0.352500 0.397605 0.368333 0.392814 0.385000 0.373054 0.390833 0.347904 0.400833 0.341317 0.423333 0.335329 0.432500 0.324551 0.429167 0.307784 0.412500 0.290419 0.412500 0.280240 0.465833 0.210778 0.500833 0.174251 0.510833 0.153892 0.501667 0.136527
3 0.575000 0.159281 0.564167 0.153892 0.535833 0.156287 0.375000 0.197006 0.316667 0.215569 0.206667 0.237725 0.192500 0.236527 0.166667 0.213772 0.147500 0.215569 0.122500 0.223952 0.120833 0.249102 0.145000 0.298204 0.153333 0.326347 0.171667 0.355090 0.190833 0.368263 0.223333 0.360479 0.236667 0.348503 0.227500 0.323952 0.243333 0.310180 0.268333 0.305988 0.352500 0.280838 0.511667 0.243713 0.579167 0.220958 0.590000 0.208982 0.591667 0.197605 0.583333 0.171257
2 0.538333 0.138922 0.524167 0.150299 0.506667 0.179641 0.486667 0.233533 0.478333 0.275449 0.480000 0.283832 0.491667 0.298204 0.520833 0.310180 0.547500 0.310778 0.559167 0.307784 0.570833 0.295210 0.580000 0.292216 0.615000 0.300000 0.647500 0.301198 0.695000 0.313772 0.717500 0.316766 0.726667 0.321557 0.745833 0.323952 0.770000 0.332335 0.788333 0.332934 0.797500 0.330539 0.801667 0.314371 0.822500 0.269461 0.812500 0.253293 0.775833 0.238922 0.711667 0.223353 0.697500 0.217365 0.665833 0.210778 0.620000 0.196407 0.606667 0.186228 0.607500 0.179042 0.614167 0.172455 0.611667 0.151497 0.601667 0.145509 0.570000 0.136527
3 0.135833 0.284431 0.122500 0.294611 0.120000 0.295210 0.118333 0.298802 0.105000 0.309581 0.101667 0.315569 0.102500 0.321557 0.108333 0.325749 0.112500 0.326946 0.120000 0.326347 0.123333 0.322755 0.129167 0.321557 0.130000 0.320359 0.134167 0.321557 0.140000 0.326946 0.157500 0.335329 0.163333 0.340120 0.169167 0.342515 0.173333 0.346707 0.178333 0.348503 0.184167 0.353293 0.189167 0.355090 0.195000 0.359880 0.195833 0.359281 0.206667 0.365868 0.208333 0.368263 0.210000 0.368263 0.221667 0.377246 0.227500 0.379042 0.230833 0.381437 0.241667 0.381437 0.250833 0.376647 0.257500 0.368263 0.252500 0.361078 0.250833 0.361078 0.242500 0.353892 0.237500 0.352096 0.231667 0.347305 0.223333 0.343114 0.221667 0.340719 0.205833 0.332335 0.198333 0.326347 0.188333 0.320958 0.186667 0.318563 0.175000 0.312575 0.167500 0.305988 0.160000 0.302395 0.158333 0.298802 0.162500 0.292814 0.162500 0.289222 0.164167 0.287425 0.161667 0.283234 0.152500 0.278443 0.143333 0.280838 0.138333 0.284431
3 0.355833 0.612575 0.354167 0.638323 0.359167 0.670659 0.371667 0.704192 0.393333 0.714371 0.427500 0.711976 0.460000 0.700000 0.495000 0.697605 0.569167 0.700000 0.598333 0.697605 0.608333 0.700599 0.640833 0.697605 0.672500 0.702395 0.725833 0.701796 0.772500 0.707784 0.808333 0.708383 0.855833 0.701198 0.871667 0.694611 0.875833 0.688024 0.874167 0.641916 0.858333 0.629341 0.828333 0.623952 0.788333 0.623353 0.730833 0.616168 0.705000 0.616766 0.567500 0.604192 0.468333 0.599401 0.455000 0.593413 0.446667 0.557485 0.426667 0.550898 0.385000 0.553293 0.375000 0.558683
3 0.177500 0.364072 0.172500 0.370060 0.158333 0.374850 0.120000 0.397605 0.118333 0.414970 0.129167 0.431138 0.155000 0.443713 0.190833 0.437725 0.205000 0.444910 0.224167 0.474850 0.242500 0.487425 0.263333 0.516168 0.278333 0.526946 0.300000 0.561677 0.324167 0.586228 0.332500 0.602994 0.345000 0.610778 0.366667 0.642515 0.395000 0.668263 0.410833 0.672455 0.426667 0.671856 0.463333 0.661078 0.475833 0.646707 0.476667 0.640120 0.467500 0.617365 0.375833 0.514970 0.354167 0.477246 0.334167 0.455689 0.329167 0.438922 0.330833 0.418563 0.315833 0.393413 0.329167 0.382635 0.330833 0.373653 0.316667 0.349701 0.305833 0.342515 0.287500 0.341317 0.254167 0.345509 0.197500 0.362874
0 0.375000 0.181437 0.367500 0.188623 0.361667 0.200000 0.347500 0.213174 0.342500 0.226946 0.331667 0.236527 0.330000 0.244910 0.335833 0.251497 0.348333 0.255689 0.370833 0.258084 0.385000 0.265868 0.390833 0.277844 0.397500 0.281437 0.405833 0.281437 0.429167 0.270060 0.436667 0.270659 0.445833 0.275449 0.472500 0.283234 0.500000 0.294611 0.517500 0.298204 0.531667 0.307186 0.551667 0.313174 0.564167 0.313174 0.573333 0.307784 0.587500 0.285629 0.569167 0.267665 0.561667 0.263473 0.535833 0.255689 0.526667 0.250299 0.525000 0.246707 0.520000 0.248503 0.514167 0.247904 0.507500 0.240719 0.502500 0.238323 0.500000 0.232335 0.464167 0.229341 0.460000 0.225749 0.464167 0.216168 0.464167 0.205988 0.455000 0.200599 0.440000 0.201796 0.420000 0.200599 0.404167 0.188623 0.385833 0.180838
