0 0.270833 0.735928 0.250833 0.758084 0.244167 0.782036 0.248333 0.790419 0.260833 0.800000 0.299167 0.815569 0.305833 0.829341 0.321667 0.838922 0.337500 0.841916 0.351667 0.841916 0.374167 0.835928 0.383333 0.835329 0.451667 0.865868 0.467500 0.874850 0.487500 0.879641 0.506667 0.877844 0.516667 0.870060 0.522500 0.862874 0.525833 0.850299 0.518333 0.839521 0.505000 0.830539 0.466667 0.813772 0.421667 0.789820 0.419167 0.786228 0.419167 0.765868 0.406667 0.753293 0.393333 0.747904 0.365833 0.746108 0.352500 0.735928 0.341667 0.732934 0.336667 0.726946 0.314167 0.720958 0.300000 0.721557
3 0.378333 0.507186 0.367500 0.513174 0.360000 0.525748 0.367500 0.571257 0.387500 0.598204 0.399167 0.643713 0.406667 0.656287 0.406667 0.679641 0.420000 0.702395 0.429167 0.744910 0.438333 0.762874 0.432500 0.790419 0.405000 0.801198 0.391667 0.810778 0.394167 0.832934 0.407500 0.844311 0.433333 0.851497 0.466667 0.848503 0.521667 0.849701 0.580833 0.840719 0.609167 0.828743 0.615833 0.810180 0.605000 0.789222 0.588333 0.780838 0.553333 0.779641 0.541667 0.770060 0.537500 0.741916 0.522500 0.714371 0.500833 0.632335 0.485833 0.600599 0.479167 0.561078 0.458333 0.512575 0.440000 0.501198
1 0.841667 0.114970 0.827500 0.111976 0.812500 0.116168 0.771667 0.140719 0.361667 0.446108 0.354167 0.446707 0.315000 0.430539 0.290000 0.450898 0.303333 0.474252 0.394167 0.533533 0.413333 0.538323 0.433333 0.531138 0.445000 0.518563 0.430000 0.499401 0.436667 0.489820 0.530000 0.425748 0.543333 0.411377 0.845000 0.188024 0.865000 0.165269 0.873333 0.143713 0.863333 0.128743
4 0.375833 0.243114 0.328333 0.232335 0.310000 0.236527 0.285833 0.252096 0.269167 0.268862 0.270000 0.279641 0.294167 0.304192 0.295833 0.312575 0.292500 0.317365 0.233333 0.359281 0.165000 0.414371 0.151667 0.435329 0.152500 0.444910 0.173333 0.474252 0.200833 0.490419 0.228333 0.495210 0.251667 0.488024 0.269167 0.479042 0.325000 0.430539 0.356667 0.410180 0.387500 0.385030 0.396667 0.383832 0.429167 0.392216 0.461667 0.388024 0.500000 0.362275 0.504167 0.353293 0.498333 0.337126 0.479167 0.311976 0.436667 0.277246
4 0.802500 0.638323 0.795000 0.640719 0.788333 0.641317 0.765833 0.650898 0.764167 0.650299 0.758333 0.654491 0.756667 0.653892 0.750833 0.656886 0.739167 0.669461 0.738333 0.677844 0.742500 0.680838 0.741667 0.682036 0.747500 0.689222 0.751667 0.690419 0.758333 0.689222 0.776667 0.689222 0.786667 0.700000 0.790833 0.709581 0.800833 0.722754 0.800000 0.723952 0.814167 0.740719 0.813333 0.741916 0.815833 0.743114 0.815000 0.743713 0.825000 0.750299 0.833333 0.751497 0.841667 0.750898 0.855833 0.746108 0.865000 0.741317 0.868333 0.735329 0.863333 0.722754 0.857500 0.715569 0.858333 0.714970 0.855833 0.713772 0.856667 0.712575 0.853333 0.710778 0.854167 0.709581 0.843333 0.695808 0.844167 0.694611 0.841667 0.693413 0.842500 0.692216 0.830833 0.674850 0.834167 0.666467 0.839167 0.663473 0.840833 0.659281 0.843333 0.657485 0.843333 0.649701 0.834167 0.638323
4 0.759167 0.034132 0.704167 0.029940 0.683333 0.041317 0.651667 0.071257 0.647500 0.082036 0.683333 0.118563 0.678333 0.126347 0.683333 0.137725 0.660000 0.157485 0.630000 0.194611 0.545833 0.278443 0.536667 0.296407 0.537500 0.307186 0.570833 0.329341 0.640000 0.359281 0.672500 0.358084 0.696667 0.344311 0.708333 0.326347 0.741667 0.299401 0.804167 0.217964 0.822500 0.201796 0.834167 0.196407 0.883333 0.205389 0.908333 0.201796 0.953333 0.171257 0.963333 0.159880 0.960833 0.146108 0.936667 0.120359 0.917500 0.106587 0.837500 0.064072
1 0.133333 0.341916 0.067500 0.387425 0.065000 0.401796 0.096667 0.428743 0.136667 0.423353 0.589167 0.845509 0.619167 0.865269 0.648333 0.871856 0.670833 0.870659 0.701667 0.858683 0.715000 0.847904 0.712500 0.826347 0.686667 0.794611 0.237500 0.370060 0.270000 0.336527 0.261667 0.321557 0.244167 0.306587 0.230000 0.304192 0.200000 0.310778
3 0.250833 0.137126 0.233333 0.155090 0.230000 0.165868 0.230833 0.175449 0.242500 0.187425 0.272500 0.195210 0.299167 0.185030 0.319167 0.186228 0.395833 0.242515 0.403333 0.253293 0.416667 0.259281 0.445833 0.283234 0.480833 0.305988 0.552500 0.362874 0.565833 0.368862 0.582500 0.370659 0.595000 0.367066 0.631667 0.344311 0.635000 0.340120 0.632500 0.325150 0.597500 0.291018 0.554167 0.266467 0.510000 0.234731 0.490000 0.216168 0.438333 0.183234 0.404167 0.153892 0.395000 0.134731 0.410000 0.113174 0.411667 0.101198 0.395000 0.085629 0.379167 0.083234 0.348333 0.085629 0.320833 0.101796 0.295000 0.109581
3 0.665833 0.240719 0.633333 0.247305 0.547500 0.276647 0.512500 0.294611 0.503333 0.307186 0.523333 0.331138 0.550000 0.331737 0.567500 0.338922 0.575000 0.345509 0.575000 0.352695 0.593333 0.383832 0.602500 0.389222 0.603333 0.399401 0.640000 0.452695 0.682500 0.523353 0.714167 0.550299 0.736667 0.560479 0.794167 0.544311 0.800833 0.528742 0.787500 0.500599 0.664167 0.305389 0.661667 0.296407 0.665833 0.291018 0.695000 0.276647 0.700833 0.267665 0.687500 0.245509 0.675000 0.240719
3 0.315000 0.543114 0.298333 0.546707 0.280000 0.556886 0.272500 0.577844 0.284167 0.601796 0.322500 0.613772 0.330833 0.622755 0.322500 0.655689 0.325000 0.677844 0.319167 0.714371 0.311667 0.726946 0.314167 0.740719 0.305000 0.780838 0.290833 0.910180 0.298333 0.926347 0.314167 0.933533 0.379167 0.938922 0.399167 0.926946 0.409167 0.880240 0.403333 0.847305 0.413333 0.801198 0.412500 0.783832 0.422500 0.752695 0.422500 0.702395 0.429167 0.660479 0.451667 0.635928 0.497500 0.623353 0.509167 0.598802 0.498333 0.581437 0.474167 0.564671 0.437500 0.559880 0.405833 0.549102 0.351667 0.541317
2 0.727500 0.334132 0.705000 0.328743 0.655000 0.332934 0.621667 0.349102 0.618333 0.359880 0.626667 0.388024 0.620000 0.397605 0.601667 0.406587 0.492500 0.420958 0.360000 0.448503 0.321667 0.452695 0.303333 0.460479 0.294167 0.471257 0.294167 0.481437 0.315833 0.548503 0.330000 0.574251 0.341667 0.580838 0.382500 0.581437 0.523333 0.552695 0.648333 0.532934 0.663333 0.533533 0.673333 0.538922 0.700833 0.576048 0.720833 0.579641 0.745833 0.577246 0.783333 0.565868 0.794167 0.558683 0.799167 0.543713 0.793333 0.496407 0.750000 0.361677
3 0.589167 0.513772 0.583333 0.516168 0.576667 0.526946 0.573333 0.540719 0.572500 0.640120 0.567500 0.729341 0.524167 0.738922 0.522500 0.765269 0.530000 0.769461 0.619167 0.773054 0.670833 0.770060 0.680833 0.767665 0.688333 0.762275 0.685833 0.736527 0.655000 0.734132 0.643333 0.728743 0.648333 0.681437 0.650000 0.531138 0.641667 0.517365 0.614167 0.513772
2 0.551667 0.196407 0.541667 0.208383 0.528333 0.237725 0.520000 0.286826 0.528333 0.308383 0.550000 0.323353 0.573333 0.330539 0.600000 0.332335 0.617500 0.329940 0.635833 0.323353 0.650000 0.314970 0.657500 0.314371 0.682500 0.322156 0.736667 0.332335 0.760000 0.340120 0.795000 0.346707 0.819167 0.339521 0.840000 0.317964 0.846667 0.291018 0.840833 0.276647 0.828333 0.266467 0.790000 0.253293 0.717500 0.237126 0.683333 0.226946 0.676667 0.220359 0.675000 0.207186 0.666667 0.194012 0.647500 0.183234 0.627500 0.177246 0.600833 0.176048 0.571667 0.185629
4 0.734167 0.334132 0.711667 0.337725 0.692500 0.348503 0.684167 0.360479 0.661667 0.422754 0.646667 0.451497 0.575833 0.491018 0.564167 0.504790 0.557500 0.525150 0.563333 0.542515 0.602500 0.580838 0.637500 0.593413 0.687500 0.602395 0.711667 0.602994 0.738333 0.598802 0.752500 0.593413 0.781667 0.576048 0.795000 0.559880 0.801667 0.541916 0.795833 0.520958 0.777500 0.507784 0.762500 0.482635 0.780000 0.446108 0.782500 0.431138 0.798333 0.393413 0.800833 0.365868 0.796667 0.357485 0.786667 0.349701 0.762500 0.339521
2 0.498333 0.204192 0.488333 0.216766 0.489167 0.217964 0.480000 0.232335 0.478333 0.238323 0.480000 0.245509 0.483333 0.247904 0.509167 0.256886 0.510833 0.256287 0.529167 0.262275 0.536667 0.262874 0.555000 0.268862 0.583333 0.274850 0.586667 0.279042 0.581667 0.291018 0.588333 0.297605 0.605000 0.302395 0.616667 0.301796 0.619167 0.299401 0.621667 0.299401 0.654167 0.246707 0.656667 0.235329 0.660000 0.229341 0.658333 0.222754 0.642500 0.216168 0.630833 0.213772 0.620833 0.216168 0.615833 0.221557 0.613333 0.227545 0.609167 0.229341 0.599167 0.227545 0.584167 0.222156 0.576667 0.221557 0.561667 0.216766 0.554167 0.216168 0.537500 0.210778 0.528333 0.209581 0.510000 0.203593 0.502500 0.202994
2 0.412500 0.292814 0.412500 0.361677 0.433333 0.442515 0.447500 0.472455 0.480833 0.492216 0.530833 0.490419 0.554167 0.483234 0.569167 0.468263 0.570833 0.448503 0.584167 0.443713 0.673333 0.430539 0.692500 0.432335 0.705000 0.428144 0.740833 0.428144 0.753333 0.423353 0.777500 0.425748 0.804167 0.420359 0.832500 0.422156 0.855000 0.415569 0.865833 0.405389 0.853333 0.331138 0.843333 0.321557 0.826667 0.313772 0.798333 0.308982 0.730000 0.313772 0.708333 0.310180 0.654167 0.318563 0.608333 0.316168 0.585833 0.319760 0.555833 0.319162 0.535833 0.313772 0.527500 0.299401 0.525000 0.281437 0.503333 0.268263 0.459167 0.268263 0.425833 0.279042
2 0.610000 0.275449 0.581667 0.265269 0.544167 0.264072 0.493333 0.280240 0.448333 0.288024 0.350000 0.320958 0.271667 0.335928 0.248333 0.326347 0.239167 0.300000 0.215000 0.291018 0.195833 0.291617 0.145000 0.304192 0.120833 0.323952 0.116667 0.332934 0.125000 0.370659 0.144167 0.407784 0.183333 0.463473 0.237500 0.524551 0.250000 0.531737 0.279167 0.538922 0.325833 0.531138 0.361667 0.509581 0.366667 0.495210 0.360833 0.473054 0.369167 0.463473 0.427500 0.441916 0.442500 0.432335 0.530000 0.408982 0.549167 0.398802 0.571667 0.395808 0.594167 0.385030 0.631667 0.377246 0.651667 0.367066 0.660000 0.353293 0.631667 0.301796
3 0.088333 0.228144 0.073333 0.255090 0.075000 0.273653 0.096667 0.288623 0.117500 0.294611 0.132500 0.294012 0.165833 0.277246 0.184167 0.274850 0.294167 0.329341 0.308333 0.341916 0.323333 0.345509 0.418333 0.393413 0.498333 0.440719 0.532500 0.450898 0.555000 0.450898 0.586667 0.430539 0.606667 0.407186 0.600000 0.389820 0.547500 0.354491 0.483333 0.332335 0.394167 0.279042 0.343333 0.258084 0.320833 0.241317 0.303333 0.235928 0.282500 0.223353 0.264167 0.202395 0.277500 0.164671 0.271667 0.155689 0.250833 0.143713 0.222500 0.142515 0.190000 0.150299 0.160000 0.174251 0.129167 0.189820
