1 0.392500 0.071257 0.388333 0.075449 0.391667 0.082635 0.397500 0.086228 0.410000 0.083832 0.415000 0.086228 0.444167 0.126946 0.455000 0.137725 0.458333 0.144910 0.465833 0.151497 0.467500 0.156886 0.480833 0.174850 0.501667 0.198204 0.505000 0.206587 0.510833 0.211377 0.524167 0.228743 0.528333 0.231737 0.534167 0.232934 0.548333 0.228144 0.550000 0.222754 0.547500 0.215569 0.532500 0.197605 0.518333 0.176048 0.505833 0.162275 0.505000 0.158084 0.495833 0.147904 0.492500 0.138922 0.485833 0.134132 0.479167 0.120359 0.471667 0.114970 0.467500 0.107186 0.464167 0.105988 0.463333 0.101198 0.458333 0.096407 0.457500 0.091617 0.445833 0.070659 0.451667 0.063473 0.446667 0.056287 0.443333 0.054491 0.435000 0.055090 0.404167 0.068263
0 0.831667 0.268862 0.805833 0.261677 0.783333 0.264072 0.675833 0.310778 0.605833 0.337725 0.589167 0.332934 0.571667 0.320958 0.556667 0.320958 0.544167 0.326946 0.528333 0.345509 0.525000 0.357485 0.508333 0.348503 0.494167 0.346707 0.460833 0.359281 0.454167 0.367066 0.454167 0.372455 0.462500 0.388623 0.526667 0.460479 0.545000 0.471257 0.584167 0.465868 0.614167 0.465868 0.650000 0.436527 0.669167 0.408383 0.840000 0.340120 0.858333 0.320359 0.862500 0.308982 0.854167 0.294012
0 0.195000 0.464671 0.170000 0.485629 0.138333 0.522754 0.125833 0.533533 0.120833 0.543114 0.124167 0.550299 0.154167 0.562874 0.163333 0.577246 0.180000 0.587425 0.193333 0.592216 0.211667 0.593413 0.221667 0.596407 0.246667 0.611377 0.259167 0.614371 0.275000 0.625150 0.300000 0.634132 0.310000 0.643114 0.318333 0.644910 0.345833 0.659880 0.378333 0.667665 0.401667 0.665868 0.433333 0.640120 0.436667 0.629341 0.427500 0.614970 0.400000 0.601198 0.333333 0.562874 0.325000 0.555090 0.281667 0.531737 0.277500 0.523353 0.286667 0.502395 0.277500 0.492216 0.257500 0.494012 0.248333 0.491617 0.240000 0.485629 0.232500 0.472455 0.215000 0.464072 0.201667 0.462275
3 0.396667 0.086826 0.375000 0.104790 0.372500 0.110778 0.377500 0.123353 0.386667 0.133533 0.420833 0.159880 0.473333 0.191018 0.542500 0.247305 0.553333 0.251497 0.565833 0.260479 0.568333 0.268862 0.556667 0.282036 0.561667 0.297006 0.575833 0.306587 0.585833 0.308982 0.600000 0.306587 0.624167 0.297006 0.657500 0.273653 0.667500 0.263473 0.675833 0.259880 0.691667 0.243713 0.695833 0.231138 0.692500 0.222156 0.680000 0.211976 0.666667 0.207784 0.633333 0.220359 0.623333 0.217964 0.610833 0.207186 0.564167 0.178443 0.525000 0.144311 0.438333 0.085629 0.430000 0.082036 0.417500 0.080838
2 0.277500 0.540719 0.244167 0.582036 0.202500 0.620958 0.146667 0.686228 0.144167 0.700000 0.149167 0.713174 0.163333 0.725150 0.199167 0.738323 0.211667 0.738922 0.224167 0.736527 0.256667 0.713772 0.271667 0.713174 0.309167 0.735928 0.406667 0.781437 0.480833 0.810778 0.503333 0.808982 0.527500 0.789820 0.547500 0.767066 0.567500 0.732335 0.566667 0.722754 0.542500 0.704192 0.510833 0.692216 0.415000 0.644910 0.347500 0.619162 0.343333 0.609581 0.360000 0.581437 0.358333 0.571257 0.350000 0.561078 0.336667 0.551497 0.312500 0.541317 0.290833 0.535928
3 0.841667 0.429940 0.829167 0.435329 0.825000 0.445509 0.825833 0.449701 0.821667 0.461078 0.822500 0.465269 0.819167 0.474252 0.817500 0.491617 0.813333 0.504192 0.813333 0.513772 0.810000 0.519760 0.810833 0.526946 0.808333 0.529341 0.809167 0.532934 0.806667 0.538323 0.808333 0.543713 0.805000 0.547904 0.791667 0.547904 0.784167 0.550299 0.780833 0.553892 0.780000 0.559281 0.783333 0.564671 0.789167 0.567066 0.793333 0.567066 0.796667 0.570060 0.818333 0.573653 0.831667 0.573653 0.835000 0.575449 0.845000 0.574850 0.847500 0.576048 0.862500 0.574850 0.867500 0.572455 0.866667 0.568263 0.862500 0.565868 0.860000 0.555689 0.855833 0.552695 0.848333 0.550898 0.846667 0.547305 0.850000 0.539521 0.850833 0.524551 0.856667 0.508982 0.855000 0.498802 0.857500 0.495210 0.856667 0.487425 0.860000 0.473054 0.859167 0.468862 0.861667 0.465269 0.862500 0.456886 0.866667 0.450898 0.865833 0.447305 0.868333 0.444910 0.866667 0.438922 0.862500 0.434731
3 0.930000 0.279641 0.903333 0.260479 0.879167 0.254491 0.815000 0.261677 0.692500 0.304790 0.649167 0.325749 0.623333 0.328144 0.580833 0.344910 0.522500 0.359880 0.455000 0.386228 0.436667 0.375449 0.417500 0.371257 0.384167 0.379042 0.368333 0.391617 0.368333 0.420359 0.399167 0.471856 0.444167 0.525150 0.471667 0.549701 0.498333 0.556287 0.528333 0.544311 0.537500 0.534132 0.535833 0.508383 0.528333 0.492814 0.531667 0.489222 0.924167 0.333533 0.940833 0.319162 0.942500 0.310778
1 0.085833 0.461078 0.065833 0.486826 0.099167 0.522156 0.605000 0.860479 0.606667 0.867665 0.586667 0.898204 0.608333 0.916766 0.620833 0.922156 0.654167 0.914970 0.730833 0.863473 0.758333 0.832934 0.755833 0.816168 0.734167 0.800599 0.719167 0.797006 0.692500 0.810180 0.675000 0.806587 0.569167 0.743114 0.291667 0.550898 0.150000 0.459281 0.116667 0.449102
3 0.596667 0.407784 0.559167 0.402395 0.540833 0.407784 0.518333 0.422754 0.467500 0.470060 0.352500 0.599401 0.306667 0.638922 0.292500 0.659281 0.266667 0.658084 0.249167 0.650898 0.235833 0.651497 0.210000 0.676048 0.208333 0.687425 0.239167 0.713772 0.283333 0.737725 0.355000 0.768263 0.385000 0.775449 0.405833 0.776048 0.418333 0.769461 0.436667 0.748503 0.426667 0.732934 0.401667 0.715569 0.400000 0.705988 0.486667 0.608982 0.537500 0.559880 0.560000 0.529341 0.589167 0.502395 0.622500 0.462275 0.627500 0.445509 0.618333 0.419162
1 0.377500 0.125150 0.327500 0.128144 0.301667 0.174850 0.187500 0.782036 0.173333 0.789222 0.123333 0.794611 0.110833 0.823952 0.112500 0.837126 0.146667 0.856287 0.280000 0.875449 0.325833 0.876048 0.356667 0.858084 0.362500 0.832335 0.355833 0.819162 0.318333 0.808982 0.312500 0.788623 0.321667 0.692216 0.397500 0.336527 0.424167 0.171257 0.415000 0.138922
3 0.159167 0.757485 0.161667 0.793413 0.171667 0.825150 0.192500 0.855090 0.205000 0.861078 0.228333 0.860479 0.245000 0.855689 0.260000 0.843114 0.268333 0.825749 0.276667 0.822156 0.550833 0.813174 0.595833 0.805389 0.606667 0.800599 0.612500 0.788024 0.609167 0.767066 0.602500 0.756287 0.585833 0.745509 0.570833 0.743114 0.493333 0.744311 0.440000 0.749102 0.288333 0.751497 0.260000 0.756287 0.226667 0.721557 0.207500 0.719760 0.189167 0.722754 0.181667 0.734731 0.161667 0.749102
3 0.440833 0.388623 0.425000 0.405988 0.429167 0.459880 0.452500 0.513772 0.462500 0.569461 0.461667 0.596407 0.478333 0.635329 0.478333 0.661078 0.488333 0.692216 0.476667 0.720958 0.429167 0.740120 0.423333 0.750898 0.425000 0.768862 0.449167 0.789222 0.479167 0.799401 0.523333 0.796407 0.561667 0.802395 0.630833 0.795808 0.670000 0.783832 0.682500 0.773653 0.687500 0.747904 0.680833 0.734731 0.667500 0.725150 0.631667 0.720359 0.608333 0.710778 0.585833 0.611377 0.588333 0.594611 0.580833 0.582635 0.575833 0.537725 0.564167 0.508383 0.553333 0.424551 0.540000 0.398802 0.525000 0.386228 0.483333 0.383832
3 0.711667 0.350898 0.681667 0.345509 0.662500 0.348503 0.623333 0.371856 0.565833 0.436527 0.547500 0.465269 0.529167 0.477246 0.512500 0.498802 0.480000 0.528144 0.450833 0.564671 0.446667 0.566467 0.429167 0.563473 0.417500 0.565868 0.399167 0.580838 0.395000 0.594012 0.404167 0.607186 0.462500 0.639521 0.526667 0.662874 0.555000 0.670060 0.573333 0.669461 0.586667 0.659281 0.592500 0.648503 0.591667 0.638922 0.561667 0.611976 0.734167 0.394012 0.740000 0.373054 0.731667 0.362275
0 0.621667 0.176647 0.612500 0.183832 0.603333 0.195210 0.604167 0.201198 0.609167 0.206587 0.722500 0.270060 0.725000 0.273653 0.724167 0.277844 0.715833 0.291018 0.718333 0.297605 0.732500 0.302994 0.750833 0.304192 0.768333 0.318563 0.785833 0.327545 0.791667 0.328743 0.800000 0.325749 0.815833 0.314371 0.832500 0.298204 0.837500 0.289820 0.854167 0.276048 0.855833 0.269461 0.853333 0.263473 0.840833 0.256287 0.818333 0.248503 0.812500 0.238922 0.810833 0.231138 0.804167 0.226347 0.797500 0.225150 0.774167 0.234731 0.767500 0.235329 0.727500 0.217964 0.648333 0.174251 0.636667 0.172455
4 0.526667 0.588623 0.513333 0.583234 0.490833 0.582036 0.476667 0.586228 0.410000 0.619760 0.378333 0.632934 0.329167 0.629940 0.300000 0.630539 0.283333 0.634731 0.265833 0.643713 0.252500 0.661078 0.249167 0.700000 0.264167 0.725150 0.289167 0.749102 0.305000 0.759281 0.325000 0.767066 0.358333 0.770060 0.375000 0.768862 0.393333 0.764072 0.413333 0.753892 0.424167 0.738323 0.422500 0.720958 0.431667 0.700000 0.470000 0.683234 0.485833 0.673054 0.520833 0.656886 0.542500 0.643114 0.550833 0.633533 0.552500 0.624551 0.543333 0.604192
3 0.559167 0.132934 0.541667 0.130539 0.525833 0.123353 0.511667 0.123952 0.496667 0.129341 0.437500 0.185629 0.406667 0.225150 0.310833 0.332335 0.292500 0.335329 0.256667 0.329341 0.241667 0.336527 0.225833 0.353892 0.225833 0.359880 0.234167 0.376647 0.251667 0.389222 0.295000 0.410180 0.343333 0.427545 0.381667 0.431737 0.400000 0.423952 0.412500 0.409581 0.413333 0.397006 0.394167 0.379641 0.393333 0.363473 0.555833 0.178443 0.572500 0.152096 0.572500 0.143713
3 0.560833 0.591617 0.552500 0.597006 0.525000 0.604192 0.507500 0.614371 0.505000 0.634132 0.515833 0.661078 0.624167 0.825749 0.625833 0.831737 0.608333 0.846707 0.605833 0.855090 0.617500 0.873653 0.628333 0.879042 0.660000 0.879042 0.705833 0.870060 0.755000 0.852695 0.770833 0.841317 0.777500 0.828144 0.771667 0.812575 0.758333 0.800000 0.722500 0.804192 0.709167 0.799401 0.692500 0.774850 0.692500 0.768263 0.635833 0.692216 0.604167 0.640120 0.594167 0.612575 0.584167 0.607784 0.580000 0.601198
1 0.453333 0.125150 0.330000 0.122754 0.276667 0.137126 0.270000 0.149102 0.272500 0.183234 0.309167 0.195808 0.322500 0.215569 0.321667 0.282036 0.307500 0.359880 0.274167 0.770659 0.279167 0.801198 0.310833 0.811976 0.366667 0.810778 0.377500 0.792814 0.424167 0.291617 0.437500 0.211377 0.446667 0.198802 0.493333 0.188024 0.500833 0.178443 0.496667 0.143114
0 0.216667 0.424551 0.186667 0.470060 0.166667 0.516168 0.166667 0.530539 0.176667 0.538323 0.205833 0.548503 0.243333 0.550299 0.250833 0.558683 0.253333 0.569461 0.263333 0.575449 0.283333 0.576647 0.315833 0.555689 0.330000 0.551497 0.340000 0.558084 0.416667 0.577246 0.493333 0.601198 0.526667 0.602994 0.542500 0.592216 0.560000 0.564671 0.560833 0.556287 0.554167 0.546108 0.498333 0.519760 0.364167 0.483832 0.356667 0.473054 0.356667 0.451497 0.347500 0.443114 0.332500 0.439521 0.310000 0.446707 0.300833 0.446707 0.289167 0.439521 0.285833 0.429940 0.249167 0.416766 0.233333 0.416168
1 0.661667 0.426946 0.627500 0.440120 0.623333 0.467066 0.804167 0.908982 0.803333 0.925150 0.773333 0.943114 0.771667 0.964072 0.780000 0.973653 0.832500 0.971258 0.944167 0.943713 0.954167 0.935928 0.952500 0.924551 0.940000 0.905988 0.905000 0.906587 0.890833 0.897605 0.842500 0.782635 0.808333 0.680239 0.707500 0.441317 0.693333 0.428743
1 0.852500 0.146108 0.834167 0.120359 0.815833 0.120359 0.308333 0.258084 0.266667 0.264671 0.241667 0.245509 0.228333 0.244910 0.199167 0.256886 0.197500 0.286228 0.236667 0.345509 0.261667 0.361078 0.275833 0.359281 0.300000 0.349102 0.305000 0.320359 0.375000 0.297006 0.441667 0.282036 0.831667 0.173054 0.852500 0.162275
1 0.660000 0.438323 0.628333 0.423952 0.614167 0.421557 0.591667 0.423353 0.579167 0.432335 0.571667 0.447904 0.580833 0.465269 0.565833 0.483832 0.381667 0.619162 0.203333 0.757485 0.199167 0.773054 0.209167 0.792216 0.237500 0.796407 0.261667 0.785629 0.629167 0.511377 0.640000 0.510180 0.667500 0.516766 0.680000 0.513772 0.699167 0.494012 0.699167 0.481437 0.690000 0.462874
