3 0.088333 0.541317 0.078333 0.543713 0.074167 0.549701 0.078333 0.565868 0.080833 0.569461 0.080000 0.571257 0.081667 0.572455 0.082500 0.577246 0.084167 0.578443 0.085833 0.586228 0.088333 0.589222 0.091667 0.600599 0.093333 0.601198 0.095000 0.607186 0.094167 0.608383 0.097500 0.612575 0.096667 0.614970 0.094167 0.616766 0.088333 0.617964 0.086667 0.619162 0.085833 0.623353 0.087500 0.625150 0.087500 0.627545 0.090833 0.628743 0.097500 0.628743 0.100833 0.627545 0.110000 0.628144 0.135000 0.621557 0.140000 0.617964 0.136667 0.610778 0.131667 0.609581 0.125000 0.610180 0.122500 0.608982 0.120833 0.602395 0.118333 0.600000 0.108333 0.578443 0.100833 0.556287 0.099167 0.555090 0.097500 0.547305 0.093333 0.543114
0 0.769167 0.637126 0.711667 0.640120 0.654167 0.649102 0.639167 0.655689 0.635833 0.662874 0.637500 0.683234 0.651667 0.703593 0.646667 0.710778 0.635833 0.717365 0.635833 0.728144 0.641667 0.735928 0.677500 0.744311 0.686667 0.750299 0.684167 0.759880 0.688333 0.766467 0.696667 0.805389 0.703333 0.853892 0.714167 0.873054 0.734167 0.879042 0.775000 0.874850 0.785833 0.865868 0.789167 0.822156 0.785000 0.814371 0.780833 0.779042 0.770000 0.738922 0.777500 0.731138 0.799167 0.722156 0.804167 0.712575 0.801667 0.704192 0.785833 0.695808 0.780833 0.690419 0.783333 0.681437 0.791667 0.676048 0.790000 0.650898 0.782500 0.641916
4 0.658333 0.212575 0.627500 0.202395 0.609167 0.202994 0.562500 0.226347 0.555833 0.235928 0.589167 0.287425 0.566667 0.289222 0.546667 0.301198 0.525000 0.308383 0.493333 0.331138 0.393333 0.383234 0.379167 0.397605 0.378333 0.407186 0.390000 0.415569 0.400833 0.433533 0.449167 0.469461 0.463333 0.473054 0.489167 0.470659 0.511667 0.452695 0.564167 0.428144 0.591667 0.407784 0.659167 0.369461 0.671667 0.366467 0.701667 0.380240 0.735833 0.389222 0.761667 0.382036 0.799167 0.359880 0.790000 0.328743 0.754167 0.285629 0.698333 0.237126
4 0.633333 0.255689 0.562500 0.276647 0.536667 0.291018 0.478333 0.311976 0.444167 0.332335 0.430000 0.346108 0.428333 0.355090 0.460833 0.389820 0.481667 0.386228 0.510833 0.374850 0.522500 0.377246 0.538333 0.386826 0.637500 0.505389 0.647500 0.512575 0.656667 0.525748 0.670833 0.532934 0.755000 0.503593 0.765833 0.496407 0.765833 0.486826 0.750833 0.457485 0.705833 0.414371 0.660833 0.355689 0.642500 0.340719 0.640000 0.323952 0.643333 0.320958 0.650000 0.322156 0.660833 0.318563 0.678333 0.298204 0.680000 0.290419 0.671667 0.277246 0.650833 0.257485
0 0.272500 0.138922 0.233333 0.162874 0.244167 0.198802 0.287500 0.238922 0.286667 0.246108 0.296667 0.246108 0.303333 0.250299 0.311667 0.267665 0.310000 0.278443 0.323333 0.281437 0.357500 0.298802 0.359167 0.305988 0.345833 0.316168 0.336667 0.329940 0.344167 0.341317 0.394167 0.358084 0.400000 0.364072 0.405833 0.382036 0.425000 0.401198 0.441667 0.404790 0.457500 0.398204 0.476667 0.384431 0.506667 0.372455 0.528333 0.354491 0.550000 0.347305 0.558333 0.336527 0.556667 0.325150 0.540833 0.311377 0.512500 0.298802 0.510833 0.292814 0.500000 0.283234 0.502500 0.264072 0.498333 0.256287 0.485833 0.250898 0.444167 0.256287 0.432500 0.252695 0.365000 0.191617 0.340833 0.175449 0.330833 0.158683 0.307500 0.141317 0.293333 0.135928
2 0.570000 0.300599 0.550833 0.300599 0.529167 0.308383 0.503333 0.331737 0.500000 0.356886 0.505833 0.370659 0.517500 0.383234 0.515833 0.390419 0.418333 0.489820 0.394167 0.505389 0.375833 0.528144 0.376667 0.537126 0.401667 0.561078 0.439167 0.579641 0.471667 0.589222 0.491667 0.586228 0.509167 0.572455 0.533333 0.544311 0.573333 0.507186 0.605000 0.485030 0.639167 0.450299 0.688333 0.457485 0.706667 0.454491 0.726667 0.446707 0.740833 0.435928 0.755833 0.411377 0.758333 0.401198 0.749167 0.385030 0.709167 0.352695 0.671667 0.332335 0.635000 0.317964
2 0.735000 0.326347 0.719167 0.320359 0.690000 0.323952 0.587500 0.355689 0.520833 0.372455 0.475833 0.389820 0.465000 0.387425 0.444167 0.368263 0.419167 0.362874 0.386667 0.368862 0.355000 0.385030 0.347500 0.399401 0.360833 0.443713 0.425000 0.551497 0.443333 0.569461 0.475833 0.576647 0.500000 0.573054 0.537500 0.556287 0.545000 0.543713 0.539167 0.507186 0.544167 0.499401 0.583333 0.489820 0.591667 0.483234 0.605000 0.481437 0.619167 0.474252 0.660000 0.465868 0.735833 0.436527 0.759167 0.431138 0.776667 0.422156 0.787500 0.412575 0.787500 0.398204 0.770833 0.378443 0.756667 0.348503
0 0.570833 0.197605 0.509167 0.207186 0.498333 0.223952 0.551667 0.393413 0.548333 0.402994 0.513333 0.423353 0.507500 0.432335 0.515000 0.439521 0.532500 0.446707 0.536667 0.459880 0.531667 0.476647 0.536667 0.491018 0.545833 0.504790 0.561667 0.510778 0.629167 0.498204 0.705000 0.476647 0.718333 0.462874 0.706667 0.432335 0.712500 0.414970 0.705833 0.403593 0.706667 0.390419 0.695000 0.382635 0.660000 0.378443 0.644167 0.360479 0.647500 0.351497 0.641667 0.323353 0.632500 0.310180 0.633333 0.299401 0.620000 0.267066 0.618333 0.226347 0.587500 0.200599
1 0.650000 0.044311 0.616667 0.038922 0.583333 0.065269 0.280833 0.546108 0.260833 0.555689 0.218333 0.556287 0.197500 0.576048 0.205833 0.594012 0.240000 0.612575 0.364167 0.646707 0.380000 0.646707 0.395000 0.636527 0.403333 0.610180 0.370833 0.591018 0.370000 0.577246 0.456667 0.437725 0.495833 0.393413 0.504167 0.369461 0.675833 0.097605 0.683333 0.068862
4 0.680000 0.641317 0.657500 0.638323 0.634167 0.639521 0.615833 0.649102 0.610000 0.659281 0.590000 0.676048 0.585833 0.685030 0.592500 0.695808 0.628333 0.722156 0.630833 0.729940 0.587500 0.763473 0.555833 0.801796 0.520833 0.831737 0.484167 0.870659 0.476667 0.886228 0.477500 0.897006 0.504167 0.916766 0.568333 0.943713 0.589167 0.946108 0.628333 0.929940 0.642500 0.912575 0.678333 0.882036 0.705833 0.841317 0.724167 0.821557 0.758333 0.793413 0.770000 0.791018 0.804167 0.802994 0.825000 0.802395 0.855833 0.789222 0.880000 0.762275 0.882500 0.753293 0.867500 0.735329 0.810000 0.695210 0.747500 0.667665 0.739167 0.661078
0 0.615833 0.684431 0.614167 0.676647 0.602500 0.669461 0.585833 0.669461 0.564167 0.672455 0.547500 0.668263 0.537500 0.659281 0.531667 0.657485 0.519167 0.659281 0.511667 0.665269 0.504167 0.676048 0.497500 0.677844 0.478333 0.676048 0.454167 0.676647 0.423333 0.673054 0.399167 0.673653 0.386667 0.669461 0.355833 0.669461 0.343333 0.675449 0.337500 0.704192 0.341667 0.707784 0.365833 0.717964 0.380000 0.720958 0.412500 0.722156 0.419167 0.724551 0.424167 0.729341 0.431667 0.723952 0.448333 0.729341 0.455000 0.734132 0.465833 0.730539 0.485833 0.729341 0.493333 0.732335 0.493333 0.735928 0.502500 0.750299 0.516667 0.752695 0.530000 0.746108 0.540833 0.745509 0.550833 0.742515 0.569167 0.751497 0.595833 0.752695 0.604167 0.747305 0.611667 0.717365 0.611667 0.697605
3 0.680000 0.223353 0.628333 0.235928 0.563333 0.258084 0.521667 0.277246 0.503333 0.294611 0.522500 0.325749 0.534167 0.327545 0.575000 0.319760 0.588333 0.326946 0.597500 0.348503 0.716667 0.541317 0.742500 0.570060 0.756667 0.575449 0.770000 0.574850 0.824167 0.559880 0.830833 0.553293 0.829167 0.529940 0.685000 0.298204 0.685000 0.283832 0.698333 0.279042 0.720833 0.261677 0.721667 0.253293 0.700833 0.225150
0 0.127500 0.219162 0.107500 0.222156 0.111667 0.250898 0.109167 0.252695 0.107500 0.252695 0.104167 0.255689 0.102500 0.259880 0.104167 0.264671 0.109167 0.269461 0.108333 0.273653 0.110000 0.279641 0.112500 0.282635 0.117500 0.284431 0.124167 0.284431 0.141667 0.281437 0.146667 0.277246 0.145000 0.270659 0.145833 0.268263 0.144167 0.264671 0.147500 0.260479 0.147500 0.254491 0.143333 0.250299 0.138333 0.249102 0.133333 0.245509 0.130000 0.225749
2 0.327500 0.583832 0.313333 0.598204 0.297500 0.625150 0.305000 0.656287 0.333333 0.680838 0.489167 0.768263 0.491667 0.787425 0.502500 0.796407 0.492500 0.813772 0.496667 0.826347 0.507500 0.841317 0.549167 0.867665 0.580833 0.876048 0.617500 0.877245 0.707500 0.843114 0.734167 0.822156 0.774167 0.775449 0.785833 0.737126 0.777500 0.704790 0.758333 0.682036 0.735833 0.666467 0.702500 0.653892 0.672500 0.650299 0.605000 0.659880 0.490000 0.595808 0.416667 0.562874 0.369167 0.565269
1 0.781667 0.143114 0.767500 0.138323 0.751667 0.138323 0.737500 0.141317 0.714167 0.141317 0.656667 0.147904 0.649167 0.146707 0.629167 0.149701 0.612500 0.147904 0.602500 0.151497 0.580833 0.150299 0.565833 0.154491 0.552500 0.153892 0.547500 0.156287 0.535833 0.155090 0.530000 0.156886 0.485000 0.155689 0.478333 0.153293 0.474167 0.147305 0.461667 0.147305 0.455000 0.150299 0.452500 0.156287 0.458333 0.180838 0.458333 0.198204 0.464167 0.205389 0.480000 0.205389 0.485000 0.202395 0.487500 0.191018 0.499167 0.187425 0.524167 0.186826 0.591667 0.179042 0.609167 0.179042 0.615833 0.176647 0.630000 0.177246 0.660000 0.173653 0.663333 0.174850 0.711667 0.168263 0.725833 0.169461 0.739167 0.166467 0.771667 0.164072 0.782500 0.158084
3 0.712500 0.243713 0.708333 0.241916 0.698333 0.243114 0.660000 0.266467 0.659167 0.265868 0.650833 0.271257 0.650000 0.270659 0.645833 0.274251 0.636667 0.279042 0.635833 0.278443 0.625833 0.285030 0.621667 0.285629 0.590833 0.302994 0.590000 0.302395 0.585000 0.304790 0.570000 0.296407 0.562500 0.298204 0.557500 0.301796 0.553333 0.307186 0.555000 0.311377 0.564167 0.319162 0.563333 0.319760 0.576667 0.332335 0.575833 0.332934 0.595000 0.347904 0.605000 0.350898 0.607500 0.350898 0.610000 0.348503 0.613333 0.347904 0.620833 0.341317 0.614167 0.331138 0.615833 0.326946 0.640833 0.311976 0.641667 0.312575 0.645833 0.308982 0.646667 0.309581 0.654167 0.303593 0.655000 0.304192 0.677500 0.291018 0.678333 0.291617 0.683333 0.287425 0.684167 0.288024 0.697500 0.279641 0.698333 0.280240 0.726667 0.261677 0.725000 0.253892
3 0.683333 0.510180 0.675000 0.505988 0.661667 0.505389 0.636667 0.510778 0.513333 0.562874 0.464167 0.580240 0.439167 0.592814 0.425833 0.594012 0.420000 0.599401 0.416667 0.600000 0.402500 0.590419 0.387500 0.584431 0.365000 0.592216 0.356667 0.599401 0.363333 0.619760 0.413333 0.682036 0.433333 0.693413 0.444167 0.692814 0.459167 0.687425 0.469167 0.680239 0.470000 0.676048 0.461667 0.662874 0.459167 0.651497 0.477500 0.644910 0.492500 0.642515 0.523333 0.630539 0.585000 0.599401 0.673333 0.564671 0.690000 0.555689 0.699167 0.546108 0.700833 0.533533 0.690000 0.523952
