1 0.500833 0.137126 0.448333 0.154491 0.441667 0.174251 0.446667 0.213772 0.640833 0.871257 0.632500 0.883832 0.580833 0.904192 0.583333 0.937126 0.591667 0.951497 0.635833 0.961677 0.777500 0.947904 0.835000 0.934731 0.857500 0.908982 0.850000 0.879042 0.838333 0.867066 0.793333 0.867066 0.779167 0.855090 0.732500 0.735329 0.630000 0.354491 0.571667 0.171856 0.546667 0.142515
3 0.455833 0.562874 0.445000 0.566467 0.438333 0.573054 0.432500 0.585629 0.433333 0.595808 0.439167 0.605389 0.464167 0.616168 0.466667 0.626946 0.457500 0.641317 0.456667 0.665269 0.445833 0.691617 0.446667 0.703593 0.432500 0.732934 0.427500 0.758683 0.420000 0.769461 0.420833 0.782036 0.405833 0.823353 0.406667 0.834731 0.413333 0.844311 0.439167 0.855090 0.452500 0.857485 0.473333 0.852695 0.489167 0.832335 0.514167 0.734731 0.523333 0.721557 0.534167 0.685030 0.545000 0.671856 0.560833 0.661677 0.571667 0.640120 0.590000 0.637725 0.596667 0.633533 0.606667 0.614970 0.605833 0.604192 0.600000 0.598802 0.573333 0.586228 0.527500 0.574251 0.513333 0.566467 0.504167 0.567665
0 0.621667 0.484431 0.606667 0.464671 0.591667 0.456287 0.581667 0.454491 0.566667 0.455689 0.550833 0.461078 0.531667 0.478443 0.513333 0.476647 0.490833 0.466467 0.472500 0.470060 0.465833 0.480240 0.464167 0.503593 0.457500 0.507784 0.354167 0.530539 0.317500 0.535928 0.273333 0.547305 0.265833 0.557485 0.265833 0.568263 0.277500 0.594012 0.291667 0.602994 0.315833 0.602395 0.448333 0.574251 0.487500 0.569461 0.498333 0.574850 0.512500 0.591018 0.525833 0.594611 0.545833 0.586826 0.555000 0.570060 0.591667 0.575449 0.616667 0.572455 0.635833 0.563473 0.640833 0.550898 0.640000 0.535329 0.632500 0.524551 0.633333 0.511976
2 0.516667 0.273653 0.493333 0.270060 0.472500 0.275449 0.449167 0.289222 0.440833 0.296407 0.437500 0.305389 0.438333 0.317365 0.450833 0.338922 0.449167 0.348503 0.427500 0.355090 0.376667 0.384431 0.364167 0.387425 0.285000 0.431737 0.273333 0.443713 0.271667 0.454491 0.276667 0.462874 0.293333 0.475449 0.311667 0.497605 0.332500 0.511377 0.351667 0.515569 0.395000 0.501198 0.420833 0.484431 0.493333 0.449102 0.530833 0.426946 0.542500 0.426946 0.565833 0.440120 0.587500 0.441317 0.616667 0.431138 0.635833 0.414371 0.639167 0.401198 0.620000 0.367665 0.567500 0.313772 0.549167 0.300000 0.535000 0.284431
1 0.362500 0.140120 0.335833 0.152096 0.316667 0.166467 0.310833 0.174850 0.315000 0.186228 0.330833 0.202994 0.359167 0.200000 0.371667 0.205988 0.544167 0.449102 0.547500 0.461677 0.557500 0.468862 0.612500 0.553892 0.645000 0.591018 0.660833 0.596407 0.680000 0.592216 0.710000 0.579042 0.711667 0.563473 0.452500 0.180838 0.455000 0.173653 0.475833 0.158683 0.471667 0.139521 0.460833 0.126946 0.439167 0.123952
4 0.173333 0.237126 0.125833 0.261677 0.105000 0.286826 0.099167 0.310180 0.115833 0.332335 0.150833 0.355689 0.234167 0.390419 0.265833 0.410180 0.320833 0.435928 0.325000 0.444311 0.315833 0.464671 0.318333 0.479641 0.330000 0.502994 0.355000 0.519760 0.381667 0.532335 0.395833 0.534731 0.450833 0.513174 0.511667 0.465269 0.564167 0.399401 0.574167 0.354491 0.563333 0.338922 0.532500 0.320359 0.501667 0.308982 0.477500 0.312575 0.441667 0.337725 0.430833 0.340719 0.415833 0.337126 0.393333 0.321557 0.230000 0.243114 0.192500 0.234731
3 0.607500 0.274251 0.571667 0.283832 0.560833 0.292814 0.555000 0.305389 0.555833 0.335329 0.573333 0.411377 0.583333 0.493413 0.590833 0.529940 0.599167 0.548503 0.552500 0.571856 0.548333 0.586826 0.555000 0.605988 0.574167 0.616168 0.595833 0.623353 0.632500 0.623353 0.673333 0.617365 0.725833 0.603593 0.751667 0.591018 0.759167 0.576647 0.750000 0.553293 0.723333 0.539521 0.701667 0.535928 0.695000 0.528144 0.674167 0.394012 0.654167 0.301198 0.637500 0.278443
3 0.707500 0.375449 0.686667 0.368263 0.662500 0.370060 0.624167 0.384431 0.548333 0.430539 0.444167 0.502395 0.386667 0.534731 0.351667 0.561677 0.337500 0.563473 0.300000 0.550299 0.260833 0.571856 0.258333 0.580838 0.263333 0.595210 0.301667 0.643114 0.364167 0.688623 0.400833 0.702994 0.429167 0.695808 0.455000 0.673653 0.432500 0.643114 0.432500 0.630539 0.674167 0.471257 0.723333 0.449102 0.729167 0.438323 0.740833 0.433533 0.742500 0.417964 0.751667 0.412575
3 0.549167 0.631138 0.523333 0.660479 0.508333 0.687425 0.509167 0.711377 0.518333 0.722754 0.545000 0.731737 0.591667 0.712575 0.856667 0.835329 0.884167 0.842515 0.899167 0.841916 0.910000 0.835928 0.931667 0.808383 0.928333 0.794012 0.919167 0.783832 0.684167 0.670060 0.650833 0.657485 0.643333 0.647305 0.650000 0.614970 0.636667 0.602994 0.616667 0.595808 0.593333 0.602994
1 0.368333 0.259281 0.335833 0.277246 0.315833 0.295210 0.310833 0.313772 0.317500 0.322156 0.335000 0.331737 0.350833 0.328743 0.374167 0.331737 0.387500 0.341317 0.700000 0.653892 0.721667 0.660479 0.747500 0.654491 0.761667 0.640719 0.749167 0.616168 0.443333 0.307186 0.440000 0.295210 0.455833 0.274850 0.449167 0.262874 0.437500 0.253892 0.405000 0.249701
3 0.901667 0.554491 0.879167 0.540120 0.860833 0.538323 0.811667 0.549701 0.632500 0.629940 0.457500 0.701198 0.444167 0.701198 0.412500 0.680239 0.399167 0.677245 0.355000 0.692814 0.342500 0.708383 0.343333 0.729341 0.366667 0.768862 0.405833 0.813772 0.445000 0.846707 0.475000 0.861677 0.509167 0.855090 0.532500 0.841916 0.540000 0.827545 0.541667 0.812575 0.533333 0.794012 0.545000 0.783832 0.580000 0.771856 0.883333 0.635928 0.932500 0.605988 0.934167 0.590419
1 0.261667 0.151497 0.218333 0.144910 0.195833 0.149102 0.187500 0.170659 0.191667 0.177844 0.215000 0.186826 0.221667 0.198802 0.034167 0.625749 0.034167 0.651497 0.058333 0.662275 0.094167 0.663473 0.110833 0.650898 0.296667 0.224551 0.312500 0.209581 0.349167 0.211976 0.362500 0.194611 0.362500 0.184431 0.352500 0.176647 0.323333 0.171856
3 0.737500 0.546108 0.710000 0.551497 0.670833 0.596407 0.658333 0.629940 0.624167 0.668862 0.612500 0.689222 0.585000 0.716168 0.556667 0.763473 0.521667 0.807784 0.485833 0.823952 0.430000 0.823353 0.408333 0.841317 0.407500 0.861078 0.420833 0.886228 0.517500 0.941916 0.564167 0.956886 0.586667 0.958683 0.608333 0.954491 0.630000 0.934731 0.632500 0.909581 0.621667 0.897006 0.600833 0.885030 0.598333 0.873653 0.625833 0.843713 0.636667 0.821557 0.664167 0.786826 0.678333 0.776647 0.684167 0.762275 0.715000 0.728144 0.738333 0.691018 0.804167 0.609581 0.810000 0.584431 0.799167 0.571856
0 0.586667 0.585030 0.586667 0.588623 0.590833 0.592216 0.601667 0.595808 0.602500 0.595210 0.606667 0.597006 0.616667 0.598802 0.637500 0.605389 0.640000 0.607186 0.641667 0.610778 0.649167 0.614371 0.652500 0.614371 0.658333 0.612575 0.662500 0.614970 0.669167 0.616766 0.675833 0.616168 0.679167 0.613772 0.682500 0.604192 0.685833 0.598802 0.685000 0.598204 0.686667 0.596407 0.686667 0.590419 0.684167 0.586826 0.677500 0.584431 0.665833 0.584431 0.663333 0.581437 0.658333 0.579042 0.651667 0.579641 0.643333 0.585030 0.639167 0.585030 0.628333 0.582036 0.627500 0.582635 0.621667 0.580838 0.620000 0.581437 0.609167 0.578443 0.608333 0.579042 0.605833 0.577844 0.605000 0.578443 0.602500 0.577246 0.595833 0.576647 0.590833 0.579042
3 0.310833 0.403593 0.306667 0.398204 0.298333 0.396407 0.281667 0.398802 0.280000 0.400000 0.279167 0.399401 0.271667 0.400599 0.265833 0.402395 0.264167 0.401796 0.257500 0.403593 0.251667 0.403593 0.240833 0.406587 0.234167 0.406587 0.228333 0.408383 0.227500 0.407784 0.225833 0.408982 0.225000 0.408383 0.217500 0.409581 0.213333 0.411377 0.209167 0.411377 0.205833 0.406587 0.199167 0.401796 0.196667 0.401198 0.187500 0.402994 0.184167 0.412575 0.185833 0.414970 0.185000 0.416766 0.189167 0.426946 0.189167 0.429940 0.192500 0.435928 0.200000 0.441916 0.205000 0.441916 0.208333 0.440719 0.209167 0.441317 0.212500 0.439521 0.214167 0.436527 0.213333 0.431138 0.216667 0.428144 0.227500 0.427545 0.248333 0.423353 0.250000 0.423952 0.258333 0.421557 0.262500 0.421557 0.265833 0.420359 0.267500 0.420958 0.279167 0.417964 0.282500 0.418563 0.302500 0.414371 0.308333 0.411976 0.310833 0.409581
4 0.625000 0.144311 0.594167 0.143713 0.570000 0.156287 0.560833 0.166467 0.542500 0.171856 0.522500 0.184431 0.472500 0.246707 0.442500 0.270060 0.412500 0.302395 0.393333 0.310180 0.366667 0.304790 0.327500 0.310778 0.306667 0.317964 0.263333 0.357485 0.264167 0.374251 0.294167 0.413772 0.345000 0.449102 0.397500 0.476048 0.457500 0.498204 0.521667 0.506587 0.543333 0.500599 0.571667 0.482635 0.595833 0.450299 0.588333 0.426946 0.555000 0.395808 0.556667 0.386826 0.580833 0.368263 0.603333 0.338922 0.645000 0.299401 0.694167 0.244311 0.708333 0.210180 0.703333 0.194012 0.674167 0.164671
3 0.723333 0.343114 0.694167 0.324551 0.675000 0.322755 0.650000 0.327545 0.378333 0.413174 0.347500 0.426347 0.334167 0.425150 0.304167 0.403593 0.281667 0.402994 0.264167 0.407784 0.251667 0.415569 0.255000 0.428144 0.246667 0.456287 0.262500 0.483832 0.296667 0.523353 0.316667 0.539521 0.336667 0.549701 0.347500 0.551497 0.375833 0.543114 0.385000 0.537126 0.390000 0.526946 0.392500 0.498204 0.400000 0.490419 0.474167 0.469461 0.712500 0.388024 0.728333 0.377246 0.733333 0.367066
4 0.853333 0.176647 0.835000 0.167066 0.770000 0.161078 0.755000 0.180240 0.745833 0.208982 0.731667 0.215569 0.706667 0.218563 0.466667 0.186826 0.439167 0.186826 0.418333 0.182036 0.395000 0.186228 0.365833 0.257485 0.363333 0.283832 0.392500 0.298204 0.426667 0.305988 0.527500 0.311976 0.643333 0.330539 0.679167 0.330539 0.699167 0.337725 0.705000 0.344910 0.693333 0.361078 0.705833 0.391018 0.715000 0.400000 0.742500 0.405389 0.786667 0.407186 0.804167 0.394611 0.835000 0.327545 0.837500 0.300000 0.860833 0.224551
1 0.443333 0.296407 0.408333 0.311377 0.406667 0.334731 0.420000 0.347305 0.456667 0.349102 0.543333 0.816766 0.560000 0.835329 0.570833 0.839521 0.615833 0.837725 0.630833 0.829940 0.635000 0.797605 0.618333 0.732934 0.552500 0.347305 0.555833 0.338323 0.590833 0.326347 0.592500 0.304192 0.585833 0.294611 0.570000 0.290419
2 0.554167 0.553892 0.505000 0.558084 0.438333 0.577246 0.423333 0.583832 0.410833 0.593413 0.405833 0.610778 0.407500 0.627545 0.416667 0.644311 0.432500 0.655090 0.466667 0.666467 0.474167 0.695210 0.495833 0.747305 0.500000 0.764072 0.508333 0.771856 0.528333 0.778443 0.556667 0.777844 0.590000 0.769461 0.605833 0.756287 0.609167 0.744910 0.603333 0.716168 0.582500 0.659281 0.578333 0.637725 0.604167 0.619162 0.609167 0.606587 0.608333 0.591617 0.604167 0.581437 0.595833 0.571257 0.584167 0.566467 0.579167 0.561677
2 0.272500 0.329940 0.272500 0.413772 0.296667 0.508383 0.315000 0.548503 0.355000 0.572455 0.414167 0.571257 0.445833 0.562275 0.462500 0.545509 0.465833 0.520359 0.482500 0.513772 0.548333 0.506587 0.578333 0.498802 0.673333 0.494611 0.691667 0.488623 0.716667 0.491617 0.749167 0.485629 0.783333 0.487425 0.812500 0.479641 0.825833 0.467066 0.810833 0.376647 0.796667 0.363473 0.777500 0.355090 0.743333 0.349102 0.665833 0.354491 0.633333 0.350299 0.561667 0.361078 0.511667 0.358084 0.446667 0.361677 0.423333 0.355090 0.412500 0.336527 0.412500 0.319162 0.403333 0.308383 0.383333 0.299401 0.327500 0.300000 0.288333 0.313174
