4 0.852500 0.599401 0.849167 0.588623 0.838333 0.573054 0.822500 0.558084 0.805000 0.547904 0.779167 0.541916 0.758333 0.540719 0.743333 0.546108 0.725833 0.560479 0.718333 0.561677 0.696667 0.574251 0.580833 0.560479 0.540833 0.559281 0.520833 0.565868 0.510833 0.577246 0.503333 0.590419 0.500000 0.608982 0.505000 0.622156 0.528333 0.636527 0.617500 0.646707 0.675833 0.656886 0.689167 0.663473 0.724167 0.691617 0.739167 0.698204 0.760833 0.700599 0.791667 0.696407 0.819167 0.682036 0.831667 0.670659 0.840833 0.655689 0.850833 0.625749
0 0.559167 0.422156 0.555000 0.422754 0.551667 0.425150 0.550000 0.429940 0.544167 0.437725 0.539167 0.448503 0.536667 0.450299 0.527500 0.451497 0.525833 0.452695 0.525000 0.458084 0.522500 0.459880 0.519167 0.465868 0.519167 0.469461 0.522500 0.473653 0.541667 0.479641 0.548333 0.480240 0.554167 0.477246 0.555833 0.473054 0.555833 0.467665 0.561667 0.465269 0.564167 0.462874 0.558333 0.456886 0.557500 0.453293 0.569167 0.432934 0.570000 0.426946 0.565833 0.423952
3 0.392500 0.388623 0.352500 0.399401 0.315000 0.414970 0.293333 0.433533 0.288333 0.443114 0.296667 0.460479 0.305000 0.467066 0.350000 0.476048 0.375000 0.515569 0.415833 0.599401 0.456667 0.666467 0.477500 0.677844 0.488333 0.677844 0.516667 0.668263 0.522500 0.658683 0.525000 0.643114 0.510000 0.601198 0.480833 0.549102 0.455000 0.490419 0.431667 0.447904 0.459167 0.427545 0.462500 0.422156 0.454167 0.398802 0.441667 0.392216 0.410833 0.386826
1 0.909167 0.200000 0.885833 0.182036 0.869167 0.179042 0.843333 0.190419 0.843333 0.198204 0.853333 0.219162 0.370000 0.416168 0.352500 0.432335 0.365000 0.455090 0.381667 0.467665 0.413333 0.462275 0.891667 0.265269 0.900833 0.268263 0.920000 0.286826 0.931667 0.285629 0.950000 0.278443 0.955833 0.270060 0.953333 0.256287
3 0.212500 0.395210 0.192500 0.400599 0.182500 0.407186 0.184167 0.441317 0.191667 0.445509 0.225833 0.447305 0.240833 0.453293 0.235000 0.503593 0.235000 0.599401 0.229167 0.673054 0.232500 0.715569 0.248333 0.732934 0.272500 0.737126 0.316667 0.738323 0.330833 0.728144 0.339167 0.707784 0.345000 0.496407 0.340833 0.453293 0.347500 0.449102 0.380833 0.445509 0.392500 0.438922 0.394167 0.405988 0.385000 0.399401 0.361667 0.393413 0.269167 0.391018
2 0.402500 0.279042 0.393333 0.283832 0.381667 0.305389 0.365833 0.392216 0.336667 0.488623 0.319167 0.499401 0.280833 0.498204 0.263333 0.501796 0.245000 0.535329 0.249167 0.561677 0.265833 0.576048 0.302500 0.578443 0.311667 0.584431 0.354167 0.594611 0.479167 0.609581 0.506667 0.610778 0.537500 0.607186 0.547500 0.602395 0.563333 0.579641 0.568333 0.558683 0.562500 0.537126 0.547500 0.531138 0.521667 0.529341 0.510833 0.525150 0.502500 0.517365 0.500833 0.503593 0.514167 0.472455 0.540000 0.348503 0.550833 0.316766 0.549167 0.303593 0.530000 0.291617 0.425833 0.279042
0 0.462500 0.586228 0.461667 0.586826 0.460000 0.585629 0.455833 0.585629 0.436667 0.600000 0.436667 0.601198 0.430833 0.605389 0.431667 0.605988 0.422500 0.613174 0.423333 0.613772 0.419167 0.616766 0.419167 0.617964 0.409167 0.625150 0.403333 0.624551 0.396667 0.619760 0.393333 0.621557 0.395000 0.623353 0.395000 0.625749 0.392500 0.629341 0.392500 0.634132 0.394167 0.635329 0.395000 0.638323 0.392500 0.640120 0.386667 0.638922 0.385000 0.637725 0.380000 0.637725 0.376667 0.638922 0.372500 0.643114 0.370833 0.648503 0.398333 0.667066 0.399167 0.666467 0.401667 0.668263 0.401667 0.669461 0.403333 0.669461 0.408333 0.672455 0.414167 0.671856 0.415833 0.670659 0.415000 0.670060 0.420833 0.665868 0.420000 0.665269 0.421667 0.661677 0.415833 0.656886 0.415833 0.655090 0.420000 0.652096 0.428333 0.653892 0.436667 0.650299 0.436667 0.646108 0.432500 0.642515 0.432500 0.638323 0.445000 0.628743 0.445000 0.627545 0.450000 0.623952 0.449167 0.623353 0.459167 0.615569 0.458333 0.614970 0.463333 0.611377 0.462500 0.610778 0.475833 0.598802 0.474167 0.595808 0.475000 0.595210
2 0.485000 0.540719 0.402500 0.546108 0.389167 0.549102 0.384167 0.553892 0.381667 0.570659 0.394167 0.629341 0.400000 0.700599 0.390833 0.709581 0.355000 0.717964 0.350833 0.744311 0.360833 0.761078 0.375833 0.768263 0.398333 0.764671 0.411667 0.768263 0.440000 0.768862 0.529167 0.761677 0.555833 0.756287 0.568333 0.751497 0.573333 0.746707 0.576667 0.722754 0.565833 0.701796 0.555000 0.699401 0.530000 0.701198 0.517500 0.693413 0.499167 0.553892 0.494167 0.545509
4 0.474167 0.463473 0.469167 0.461677 0.462500 0.461677 0.455000 0.463473 0.436667 0.471856 0.415000 0.479042 0.408333 0.483234 0.392500 0.488024 0.385000 0.492814 0.382500 0.492216 0.374167 0.485030 0.363333 0.483832 0.347500 0.486228 0.335833 0.490419 0.330000 0.494012 0.328333 0.497006 0.328333 0.503593 0.333333 0.523353 0.335833 0.525150 0.337500 0.529940 0.339167 0.530539 0.346667 0.543114 0.348333 0.543114 0.350833 0.547904 0.359167 0.554491 0.365833 0.556886 0.382500 0.559880 0.395000 0.557485 0.407500 0.552096 0.411667 0.549102 0.409167 0.531138 0.411667 0.528144 0.426667 0.523353 0.446667 0.513772 0.457500 0.510778 0.460000 0.508383 0.475000 0.501796 0.479167 0.501198 0.480833 0.498802 0.485000 0.497605 0.489167 0.489222 0.488333 0.482635 0.482500 0.471856
3 0.146667 0.132934 0.110833 0.170659 0.084167 0.220958 0.079167 0.257485 0.089167 0.269461 0.132500 0.283832 0.187500 0.267665 0.205833 0.268862 0.365000 0.343713 0.535833 0.416766 0.575000 0.423952 0.599167 0.416766 0.614167 0.399401 0.619167 0.383234 0.617500 0.360479 0.600833 0.343114 0.513333 0.300599 0.477500 0.288024 0.293333 0.197605 0.258333 0.184431 0.256667 0.159281 0.263333 0.135329 0.233333 0.114970 0.211667 0.110778 0.157500 0.126347
