4 0.782500 0.665868 0.768333 0.661078 0.745000 0.657485 0.723333 0.657485 0.703333 0.660479 0.670833 0.678443 0.665000 0.690419 0.669167 0.705988 0.666667 0.732335 0.570000 0.797605 0.560000 0.808982 0.556667 0.820359 0.561667 0.831138 0.583333 0.853892 0.601667 0.861078 0.615833 0.861078 0.632500 0.857485 0.699167 0.813772 0.738333 0.791617 0.755000 0.788024 0.802500 0.786228 0.817500 0.782635 0.832500 0.772455 0.845833 0.756287 0.847500 0.732934 0.843333 0.718563 0.834167 0.705389 0.811667 0.684431
3 0.667500 0.659281 0.658333 0.641916 0.647500 0.632335 0.627500 0.630539 0.605833 0.633533 0.591667 0.640719 0.593333 0.664671 0.584167 0.680838 0.496667 0.686826 0.410000 0.698204 0.354167 0.701198 0.233333 0.714371 0.205833 0.729341 0.202500 0.753892 0.195833 0.766467 0.214167 0.779042 0.255000 0.781437 0.302500 0.778443 0.402500 0.764671 0.527500 0.754491 0.559167 0.758084 0.595833 0.757485 0.605000 0.762874 0.609167 0.779042 0.619167 0.786228 0.656667 0.782036 0.665833 0.775449 0.675833 0.752695 0.675000 0.701198
2 0.665833 0.158084 0.627500 0.156287 0.535833 0.164072 0.478333 0.172455 0.447500 0.180240 0.427500 0.198802 0.426667 0.225150 0.436667 0.244311 0.445833 0.250299 0.471667 0.252695 0.478333 0.258683 0.484167 0.288623 0.494167 0.302994 0.495000 0.327545 0.504167 0.369461 0.504167 0.414371 0.510000 0.429940 0.518333 0.435928 0.580000 0.433533 0.618333 0.428743 0.636667 0.413772 0.640000 0.401198 0.635000 0.365269 0.638333 0.334132 0.629167 0.285629 0.633333 0.274251 0.632500 0.244910 0.641667 0.231737 0.679167 0.228144 0.690833 0.222754 0.695833 0.214371 0.695000 0.180838 0.680833 0.164072
0 0.762500 0.067665 0.743333 0.068263 0.725000 0.080240 0.706667 0.103593 0.678333 0.129940 0.665833 0.146707 0.613333 0.200000 0.596667 0.203593 0.577500 0.197006 0.557500 0.198204 0.554167 0.219162 0.562500 0.234731 0.552500 0.239521 0.538333 0.240719 0.525000 0.245509 0.514167 0.255689 0.511667 0.264072 0.514167 0.274850 0.547500 0.297006 0.597500 0.313772 0.608333 0.319760 0.625000 0.323353 0.645000 0.323353 0.666667 0.305988 0.671667 0.290419 0.691667 0.283234 0.700833 0.274850 0.702500 0.257485 0.693333 0.246108 0.692500 0.238922 0.700000 0.232335 0.705000 0.221557 0.759167 0.182036 0.781667 0.159880 0.804167 0.132335 0.809167 0.117964 0.805833 0.095808 0.793333 0.085030 0.784167 0.082036
3 0.701667 0.263473 0.675000 0.257485 0.658333 0.261078 0.645000 0.272455 0.636667 0.289222 0.655833 0.313772 0.670833 0.320958 0.670000 0.329341 0.580833 0.420359 0.569167 0.440719 0.550000 0.452695 0.540000 0.467066 0.527500 0.474850 0.517500 0.491018 0.490000 0.521557 0.476667 0.529341 0.447500 0.565868 0.432500 0.604192 0.450833 0.622156 0.477500 0.635928 0.515833 0.640719 0.535000 0.635928 0.554167 0.623952 0.637500 0.527545 0.780000 0.380240 0.807500 0.382635 0.825000 0.390419 0.845000 0.389222 0.866667 0.368862 0.870833 0.359281 0.865833 0.349102 0.844167 0.332335
4 0.075000 0.258683 0.070833 0.261677 0.071667 0.306587 0.067500 0.309581 0.058333 0.310778 0.054167 0.312575 0.053333 0.322755 0.055000 0.325150 0.063333 0.328144 0.071667 0.328144 0.079167 0.329341 0.101667 0.328743 0.116667 0.326347 0.123333 0.323353 0.125000 0.320359 0.125000 0.316766 0.122500 0.310778 0.115000 0.308982 0.110000 0.308982 0.105833 0.305988 0.106667 0.268862 0.105000 0.267066 0.105000 0.262275 0.103333 0.259281 0.100833 0.257485 0.082500 0.257485
1 0.379167 0.219760 0.336667 0.237725 0.337500 0.253293 0.615833 0.691617 0.631667 0.728743 0.600000 0.752695 0.600000 0.763473 0.614167 0.783234 0.626667 0.789820 0.672500 0.788623 0.770833 0.749701 0.797500 0.725150 0.793333 0.713174 0.773333 0.692216 0.724167 0.690419 0.678333 0.629940 0.646667 0.571856 0.432500 0.243114 0.409167 0.219162
1 0.898333 0.609581 0.890833 0.562275 0.875833 0.540120 0.855000 0.536527 0.828333 0.543114 0.808333 0.568862 0.754167 0.565868 0.617500 0.573054 0.564167 0.570659 0.555833 0.574850 0.385000 0.572455 0.319167 0.577246 0.186667 0.569461 0.167500 0.572455 0.147500 0.583234 0.143333 0.608982 0.149167 0.629341 0.166667 0.635928 0.200000 0.638922 0.346667 0.633533 0.360000 0.640120 0.409167 0.633533 0.452500 0.638922 0.523333 0.631138 0.525833 0.640120 0.581667 0.633533 0.651667 0.636527 0.819167 0.632934 0.835000 0.636527 0.845000 0.664072 0.870000 0.666467 0.891667 0.658683
1 0.181667 0.102994 0.118333 0.131138 0.115000 0.159880 0.245833 0.331737 0.285000 0.370060 0.286667 0.385030 0.573333 0.752695 0.567500 0.765868 0.526667 0.790419 0.542500 0.819162 0.571667 0.831138 0.606667 0.823353 0.760000 0.756287 0.779167 0.738922 0.776667 0.719760 0.743333 0.693413 0.699167 0.698802 0.581667 0.549102 0.554167 0.525748 0.503333 0.443114 0.435000 0.355090 0.405833 0.333533 0.375000 0.279641 0.285000 0.165868 0.230833 0.117964 0.201667 0.101796
4 0.705833 0.732934 0.682500 0.740120 0.674167 0.746707 0.670000 0.753293 0.670000 0.762275 0.673333 0.768862 0.671667 0.774850 0.675833 0.781437 0.689167 0.784431 0.698333 0.789222 0.711667 0.791617 0.720833 0.798802 0.729167 0.821557 0.730833 0.840120 0.737500 0.862275 0.735833 0.871856 0.740833 0.885030 0.741667 0.899401 0.745833 0.904790 0.747500 0.913174 0.758333 0.917365 0.798333 0.917964 0.819167 0.914371 0.830000 0.907186 0.833333 0.897605 0.822500 0.825150 0.816667 0.804192 0.817500 0.797006 0.813333 0.787425 0.819167 0.780838 0.852500 0.768263 0.855833 0.756287 0.850833 0.737725 0.826667 0.726347 0.801667 0.723353 0.754167 0.725748
1 0.875833 0.545509 0.863333 0.491018 0.849167 0.474850 0.835000 0.473054 0.803333 0.476048 0.787500 0.501198 0.776667 0.505988 0.701667 0.510180 0.611667 0.507186 0.150833 0.510778 0.114167 0.516168 0.105000 0.532934 0.110000 0.565868 0.128333 0.571257 0.742500 0.570659 0.790833 0.575449 0.805833 0.602395 0.815833 0.607186 0.848333 0.606587 0.865000 0.597006 0.875000 0.577844
4 0.662500 0.104192 0.615833 0.098802 0.549167 0.102994 0.515833 0.111976 0.506667 0.124551 0.511667 0.149102 0.510000 0.192216 0.505000 0.205988 0.515000 0.240120 0.516667 0.285030 0.512500 0.294012 0.518333 0.307186 0.511667 0.316168 0.493333 0.325749 0.445000 0.341916 0.432500 0.356886 0.433333 0.397006 0.436667 0.402994 0.470833 0.416168 0.520833 0.421557 0.665833 0.415569 0.723333 0.402994 0.745833 0.393413 0.756667 0.380240 0.753333 0.331138 0.733333 0.325150 0.685000 0.321557 0.674167 0.314371 0.679167 0.302395 0.674167 0.294012 0.677500 0.259281 0.670000 0.222156 0.674167 0.210180 0.671667 0.122156
0 0.226667 0.262275 0.200833 0.281437 0.199167 0.295808 0.234167 0.329341 0.320000 0.382036 0.322500 0.392216 0.314167 0.405988 0.317500 0.417365 0.326667 0.422754 0.353333 0.423353 0.360833 0.431138 0.360000 0.440719 0.385000 0.458683 0.395833 0.461078 0.412500 0.457485 0.450833 0.430539 0.486667 0.396407 0.490833 0.385629 0.485833 0.377844 0.468333 0.365269 0.440000 0.355689 0.437500 0.348503 0.440000 0.338922 0.432500 0.331737 0.420000 0.327545 0.384167 0.337725 0.375000 0.337725 0.366667 0.328743 0.317500 0.300000 0.309167 0.292216 0.263333 0.263473 0.242500 0.257485
0 0.577500 0.594012 0.543333 0.594012 0.518333 0.601796 0.504167 0.613772 0.498333 0.630539 0.508333 0.651497 0.516667 0.659281 0.511667 0.665868 0.499167 0.673054 0.494167 0.692814 0.497500 0.705988 0.510833 0.722156 0.513333 0.737725 0.492500 0.835329 0.490833 0.861078 0.505000 0.876048 0.535000 0.883832 0.560000 0.883234 0.574167 0.876647 0.581667 0.867066 0.589167 0.846108 0.593333 0.816766 0.613333 0.743713 0.625833 0.737126 0.644167 0.733533 0.666667 0.718563 0.666667 0.705389 0.652500 0.676048 0.655833 0.665269 0.669167 0.655090 0.675833 0.642515 0.674167 0.631737 0.662500 0.613772 0.626667 0.601198
3 0.759167 0.143713 0.754167 0.131737 0.746667 0.123952 0.740000 0.122156 0.717500 0.122754 0.712500 0.124551 0.705833 0.147305 0.697500 0.152695 0.445000 0.160479 0.430000 0.165269 0.414167 0.179641 0.415000 0.191617 0.425833 0.206587 0.435833 0.210778 0.454167 0.213772 0.519167 0.214371 0.634167 0.208982 0.687500 0.210778 0.705000 0.208383 0.715000 0.219760 0.715833 0.227545 0.720000 0.231737 0.748333 0.232934 0.756667 0.229341 0.763333 0.210778 0.765000 0.186228
3 0.329167 0.135329 0.298333 0.157485 0.231667 0.225749 0.210833 0.257485 0.211667 0.273653 0.251667 0.291018 0.280833 0.280240 0.314167 0.282635 0.369167 0.316766 0.382500 0.318563 0.391667 0.328743 0.456667 0.364072 0.470833 0.367665 0.575833 0.425748 0.627500 0.440120 0.663333 0.441916 0.711667 0.399401 0.703333 0.380838 0.676667 0.362275 0.375833 0.201796 0.369167 0.195808 0.369167 0.188024 0.389167 0.159880 0.386667 0.148503 0.355000 0.131737 0.340833 0.131138
4 0.443333 0.448503 0.438333 0.450299 0.433333 0.457485 0.434167 0.458683 0.431667 0.463473 0.432500 0.464671 0.430833 0.467066 0.430833 0.471257 0.429167 0.473054 0.430000 0.474252 0.425833 0.483832 0.426667 0.486228 0.424167 0.491617 0.425000 0.492814 0.423333 0.494611 0.424167 0.495808 0.421667 0.502395 0.422500 0.504192 0.420833 0.505389 0.410833 0.505389 0.403333 0.508982 0.396667 0.517964 0.394167 0.527545 0.395000 0.531138 0.398333 0.534132 0.419167 0.543713 0.449167 0.549102 0.463333 0.549102 0.467500 0.547904 0.473333 0.544311 0.476667 0.543713 0.480000 0.541317 0.484167 0.535329 0.484167 0.531138 0.486667 0.525748 0.485833 0.522156 0.483333 0.520359 0.480000 0.519760 0.467500 0.512575 0.470000 0.505389 0.469167 0.504790 0.472500 0.498204 0.471667 0.495210 0.473333 0.491617 0.472500 0.490419 0.474167 0.488623 0.473333 0.487425 0.476667 0.480838 0.475833 0.478443 0.478333 0.470060 0.477500 0.468862 0.479167 0.466467 0.479167 0.461677 0.477500 0.458683 0.469167 0.452695 0.460833 0.450299 0.459167 0.450898 0.456667 0.449701
1 0.874167 0.454491 0.870000 0.435329 0.851667 0.422754 0.828333 0.422754 0.817500 0.426946 0.813333 0.444311 0.800833 0.449701 0.704167 0.456886 0.388333 0.462275 0.254167 0.468263 0.223333 0.476048 0.215833 0.494611 0.218333 0.510180 0.225000 0.516766 0.270000 0.522754 0.805000 0.506587 0.823333 0.534132 0.850833 0.535329 0.860000 0.533533 0.872500 0.516766
0 0.220833 0.392216 0.221667 0.403593 0.224167 0.407186 0.223333 0.408383 0.225000 0.410778 0.225000 0.415569 0.226667 0.417365 0.225833 0.419162 0.227500 0.420958 0.225833 0.422156 0.226667 0.423353 0.225000 0.426946 0.228333 0.431138 0.229167 0.430539 0.230833 0.431737 0.236667 0.431737 0.245833 0.429940 0.248333 0.423952 0.247500 0.423353 0.250000 0.421557 0.252500 0.421557 0.257500 0.425150 0.257500 0.426347 0.264167 0.428743 0.265000 0.430539 0.265833 0.429940 0.269167 0.432335 0.271667 0.432335 0.278333 0.428144 0.280000 0.422754 0.285833 0.419760 0.290833 0.420958 0.293333 0.419760 0.305833 0.419760 0.308333 0.418563 0.323333 0.418563 0.325833 0.417365 0.335833 0.417964 0.339167 0.416766 0.343333 0.417365 0.345833 0.416168 0.350833 0.416766 0.353333 0.415569 0.355833 0.416168 0.360833 0.413174 0.360833 0.408383 0.359167 0.406587 0.360000 0.401198 0.357500 0.397006 0.352500 0.395210 0.341667 0.395210 0.339167 0.396407 0.336667 0.395210 0.330833 0.396407 0.320833 0.395808 0.318333 0.397006 0.312500 0.395808 0.310000 0.397006 0.302500 0.396407 0.300000 0.397605 0.279167 0.397006 0.275000 0.392216 0.275833 0.391018 0.271667 0.385629 0.267500 0.384431 0.264167 0.384431 0.258333 0.388623 0.255000 0.388623 0.248333 0.391018 0.244167 0.390419 0.240833 0.387425 0.239167 0.388024 0.237500 0.386826 0.227500 0.387425 0.223333 0.388623
2 0.262500 0.413174 0.244167 0.413174 0.210833 0.420359 0.142500 0.443713 0.099167 0.462874 0.090833 0.470060 0.084167 0.484431 0.090000 0.505389 0.104167 0.518563 0.114167 0.522754 0.134167 0.520958 0.141667 0.524551 0.152500 0.542515 0.167500 0.555090 0.176667 0.567665 0.189167 0.593413 0.199167 0.604192 0.200000 0.611976 0.209167 0.623353 0.215000 0.640120 0.225833 0.650299 0.234167 0.653293 0.306667 0.629341 0.315833 0.614970 0.309167 0.591018 0.295000 0.568263 0.292500 0.558084 0.268333 0.514970 0.256667 0.487425 0.258333 0.474850 0.265833 0.470659 0.277500 0.469461 0.288333 0.462874 0.294167 0.454491 0.282500 0.425150
