0 0.139167 0.544311 0.135833 0.543114 0.131667 0.543114 0.128333 0.544910 0.111667 0.558683 0.105000 0.562874 0.100833 0.567665 0.098333 0.568263 0.093333 0.572455 0.089167 0.573653 0.083333 0.571856 0.079167 0.571856 0.075833 0.574850 0.074167 0.580240 0.067500 0.582635 0.063333 0.585629 0.060833 0.589222 0.065833 0.597006 0.077500 0.605389 0.079167 0.605389 0.087500 0.610180 0.091667 0.610778 0.095833 0.609581 0.100833 0.605389 0.105000 0.599401 0.109167 0.599401 0.115833 0.597006 0.116667 0.591018 0.112500 0.586228 0.115000 0.582036 0.130833 0.570060 0.135000 0.565269 0.140000 0.562275 0.147500 0.555090 0.145833 0.550299
0 0.584167 0.604192 0.575833 0.603593 0.562500 0.607186 0.525000 0.642515 0.493333 0.687425 0.469167 0.729341 0.455000 0.733533 0.430000 0.731737 0.416667 0.737126 0.410833 0.748503 0.417500 0.768263 0.407500 0.776048 0.394167 0.777844 0.375000 0.802994 0.374167 0.811377 0.383333 0.822755 0.440833 0.846108 0.498333 0.862275 0.514167 0.863473 0.526667 0.857485 0.541667 0.839521 0.546667 0.813772 0.560000 0.808982 0.570833 0.808982 0.580833 0.801198 0.583333 0.789222 0.556667 0.764072 0.554167 0.756287 0.563333 0.750299 0.590833 0.704192 0.625833 0.657485 0.634167 0.635928 0.632500 0.628144 0.620833 0.617964
3 0.596667 0.386826 0.531667 0.362275 0.492500 0.358683 0.441667 0.363473 0.429167 0.371856 0.418333 0.394611 0.420833 0.422754 0.427500 0.438922 0.425000 0.453892 0.259167 0.650898 0.250000 0.683832 0.254167 0.695210 0.268333 0.707186 0.305833 0.713772 0.325833 0.711377 0.342500 0.704192 0.366667 0.684431 0.375833 0.667665 0.475833 0.550898 0.499167 0.530539 0.530833 0.489820 0.542500 0.484431 0.569167 0.486228 0.601667 0.482635 0.622500 0.470060 0.633333 0.452695 0.633333 0.434132 0.609167 0.395808
0 0.674167 0.413174 0.663333 0.413772 0.645000 0.423353 0.621667 0.459880 0.562500 0.528144 0.540000 0.564072 0.530000 0.565868 0.500833 0.562275 0.493333 0.564671 0.483333 0.576647 0.494167 0.592216 0.473333 0.610180 0.460000 0.628144 0.457500 0.635928 0.463333 0.647305 0.550833 0.676048 0.588333 0.684431 0.605000 0.677245 0.620833 0.647305 0.652500 0.632335 0.659167 0.620359 0.655000 0.608383 0.660833 0.600000 0.655000 0.589820 0.658333 0.580240 0.646667 0.572455 0.650000 0.562874 0.665833 0.552096 0.672500 0.530539 0.698333 0.507186 0.705000 0.496407 0.705000 0.489820 0.724167 0.483234 0.735833 0.459281 0.732500 0.446108 0.720000 0.432335
4 0.469167 0.273653 0.455833 0.309581 0.456667 0.349102 0.470000 0.373653 0.488333 0.387425 0.505833 0.393413 0.538333 0.400000 0.555833 0.398802 0.589167 0.374251 0.617500 0.359880 0.638333 0.367066 0.793333 0.401198 0.837500 0.401796 0.869167 0.388024 0.889167 0.367665 0.894167 0.347904 0.891667 0.325749 0.874167 0.310778 0.847500 0.301796 0.750000 0.280838 0.672500 0.255090 0.624167 0.205988 0.597500 0.196407 0.557500 0.192216 0.529167 0.205389 0.495000 0.234132
1 0.864167 0.079042 0.730833 0.047305 0.706667 0.047904 0.690000 0.061078 0.685833 0.086826 0.713333 0.102994 0.649167 0.228743 0.640833 0.258683 0.590833 0.334132 0.555833 0.401198 0.551667 0.427545 0.522500 0.467066 0.470833 0.567665 0.459167 0.631737 0.476667 0.647305 0.528333 0.658683 0.555833 0.644311 0.637500 0.491617 0.646667 0.460479 0.659167 0.451497 0.825833 0.132335 0.843333 0.128144 0.882500 0.132934 0.901667 0.104192 0.894167 0.092814
0 0.829167 0.723952 0.825000 0.724551 0.820000 0.727545 0.800000 0.745509 0.793333 0.749701 0.794167 0.750299 0.781667 0.759880 0.770833 0.756287 0.767500 0.756287 0.763333 0.758683 0.763333 0.760479 0.765833 0.763473 0.763333 0.768263 0.765000 0.771856 0.762500 0.773054 0.760833 0.771856 0.760000 0.772455 0.756667 0.771257 0.751667 0.772455 0.745833 0.777844 0.745000 0.782036 0.746667 0.783832 0.780000 0.801796 0.788333 0.801796 0.798333 0.794012 0.800833 0.789820 0.800833 0.787425 0.804167 0.785629 0.810833 0.785629 0.813333 0.782635 0.813333 0.780838 0.810000 0.778443 0.808333 0.774252 0.832500 0.752695 0.831667 0.752096 0.838333 0.746707 0.837500 0.746108 0.840833 0.743713 0.844167 0.738323 0.846667 0.736527 0.846667 0.732934 0.839167 0.728144 0.838333 0.728743
4 0.598333 0.524551 0.565833 0.523353 0.525000 0.529341 0.440000 0.552695 0.395000 0.570659 0.370000 0.588623 0.361667 0.601796 0.375000 0.632934 0.388333 0.644910 0.435000 0.640120 0.445833 0.642515 0.446667 0.651497 0.461667 0.667665 0.464167 0.682635 0.487500 0.711976 0.524167 0.787425 0.543333 0.802395 0.600833 0.792814 0.639167 0.778443 0.651667 0.770659 0.654167 0.752096 0.642500 0.737126 0.623333 0.691617 0.603333 0.670060 0.595833 0.649701 0.585000 0.634731 0.584167 0.624551 0.575833 0.616168 0.578333 0.605988 0.587500 0.596407 0.619167 0.575449 0.622500 0.562275 0.609167 0.532335
1 0.825833 0.630539 0.804167 0.606587 0.782500 0.600599 0.765000 0.604192 0.745833 0.614371 0.748333 0.634731 0.733333 0.648503 0.635000 0.681437 0.151667 0.823952 0.130833 0.839521 0.134167 0.863473 0.151667 0.880838 0.185000 0.880838 0.710833 0.726946 0.772500 0.705389 0.783333 0.708383 0.811667 0.729940 0.850833 0.719162 0.855833 0.697006
0 0.485000 0.200000 0.465000 0.221557 0.467500 0.235928 0.482500 0.256886 0.525000 0.292216 0.567500 0.335329 0.553333 0.366467 0.562500 0.387425 0.574167 0.397006 0.612500 0.411976 0.636667 0.432934 0.643333 0.446108 0.667500 0.459281 0.686667 0.461078 0.717500 0.455689 0.758333 0.439521 0.770000 0.431138 0.791667 0.406587 0.794167 0.389820 0.775000 0.363473 0.745833 0.343114 0.740000 0.314970 0.730000 0.303593 0.715000 0.294611 0.693333 0.288024 0.646667 0.287425 0.628333 0.274850 0.561667 0.211976 0.533333 0.194611 0.507500 0.191617
4 0.480000 0.776647 0.466667 0.778443 0.458333 0.783832 0.455833 0.788024 0.456667 0.795210 0.466667 0.802994 0.466667 0.807186 0.464167 0.809581 0.460833 0.818563 0.454167 0.825749 0.448333 0.834731 0.446667 0.841317 0.442500 0.848503 0.444167 0.852096 0.453333 0.856886 0.455833 0.859281 0.459167 0.859880 0.465000 0.862874 0.472500 0.863473 0.475000 0.862275 0.475833 0.862874 0.480833 0.858683 0.487500 0.845509 0.491667 0.841317 0.491667 0.838922 0.501667 0.825150 0.504167 0.818563 0.508333 0.816168 0.514167 0.817365 0.516667 0.816168 0.524167 0.815569 0.530000 0.813174 0.535833 0.803593 0.533333 0.797605 0.528333 0.794611 0.525000 0.791018 0.505000 0.782036 0.502500 0.782036 0.492500 0.778443 0.483333 0.777844
3 0.410000 0.223353 0.403333 0.223952 0.400000 0.226347 0.397500 0.230539 0.397500 0.234731 0.395833 0.237126 0.396667 0.239521 0.395000 0.242515 0.395000 0.247305 0.392500 0.255090 0.393333 0.255689 0.391667 0.256886 0.392500 0.258084 0.390833 0.259880 0.391667 0.261078 0.387500 0.272455 0.387500 0.279042 0.384167 0.288024 0.385000 0.291018 0.381667 0.292814 0.375000 0.292814 0.370000 0.294012 0.367500 0.300599 0.369167 0.303593 0.371667 0.304192 0.373333 0.305988 0.386667 0.308982 0.388333 0.308383 0.390000 0.309581 0.405000 0.309581 0.411667 0.310778 0.420833 0.308982 0.422500 0.307186 0.421667 0.298802 0.413333 0.295210 0.412500 0.295808 0.410000 0.294012 0.410000 0.292216 0.411667 0.289820 0.412500 0.282036 0.414167 0.279641 0.413333 0.277844 0.415000 0.276647 0.414167 0.274850 0.416667 0.267665 0.415833 0.266467 0.417500 0.264072 0.419167 0.250299 0.422500 0.240719 0.422500 0.233533 0.424167 0.232335 0.422500 0.226347 0.419167 0.224551
3 0.091667 0.626347 0.095833 0.657485 0.109167 0.670659 0.128333 0.675449 0.161667 0.668862 0.178333 0.648503 0.190000 0.640719 0.241667 0.648503 0.300000 0.652096 0.358333 0.662275 0.420833 0.666467 0.512500 0.680838 0.538333 0.680239 0.560000 0.674251 0.566667 0.667066 0.577500 0.628743 0.565833 0.613772 0.552500 0.613772 0.515833 0.605389 0.436667 0.601796 0.320000 0.583832 0.295833 0.585629 0.282500 0.580240 0.261667 0.579641 0.230000 0.573054 0.212500 0.565269 0.205833 0.545509 0.195000 0.532335 0.175000 0.527545 0.152500 0.531138 0.127500 0.545509 0.115000 0.573653 0.100000 0.593413 0.097500 0.615569
3 0.421667 0.424551 0.385000 0.423952 0.375000 0.427545 0.357500 0.451497 0.361667 0.470659 0.400833 0.501198 0.382500 0.521557 0.383333 0.531138 0.363333 0.549102 0.356667 0.572455 0.338333 0.582635 0.338333 0.595210 0.320833 0.613174 0.325000 0.625150 0.303333 0.644311 0.287500 0.686228 0.240000 0.753293 0.230833 0.780838 0.236667 0.836527 0.255833 0.838922 0.289167 0.855689 0.315000 0.860479 0.339167 0.852695 0.353333 0.837725 0.528333 0.535329 0.546667 0.525748 0.586667 0.534132 0.609167 0.532335 0.629167 0.504192 0.630833 0.492216 0.623333 0.482635 0.574167 0.459880
1 0.895000 0.134132 0.870000 0.120359 0.855000 0.122156 0.837500 0.132335 0.844167 0.157485 0.835833 0.162874 0.375000 0.342515 0.357500 0.359880 0.357500 0.367665 0.371667 0.389222 0.382500 0.395210 0.412500 0.391018 0.484167 0.359880 0.856667 0.219162 0.875833 0.208982 0.884167 0.208383 0.907500 0.224551 0.933333 0.218563 0.940000 0.212575 0.940000 0.202395
0 0.494167 0.053293 0.482500 0.064671 0.460000 0.099401 0.457500 0.116766 0.475833 0.127545 0.492500 0.129940 0.500000 0.140120 0.509167 0.144910 0.526667 0.145509 0.538333 0.140120 0.546667 0.140120 0.565000 0.146707 0.606667 0.174251 0.628333 0.185030 0.657500 0.195808 0.675833 0.198802 0.693333 0.196407 0.704167 0.190419 0.722500 0.171856 0.721667 0.162275 0.704167 0.150898 0.675833 0.140120 0.583333 0.097006 0.579167 0.088024 0.585000 0.080240 0.584167 0.067665 0.562500 0.065868 0.546667 0.070659 0.541667 0.066467 0.540000 0.058084 0.535833 0.052695 0.525000 0.046707 0.517500 0.044910 0.505000 0.046108
3 0.515833 0.088623 0.496667 0.086228 0.481667 0.088024 0.470833 0.093413 0.461667 0.105389 0.447500 0.140719 0.444167 0.163473 0.438333 0.176647 0.440833 0.184431 0.436667 0.192814 0.438333 0.202395 0.434167 0.207784 0.435833 0.212575 0.431667 0.225749 0.426667 0.232934 0.423333 0.261078 0.412500 0.279042 0.411667 0.290419 0.398333 0.298802 0.380000 0.304790 0.370833 0.313174 0.368333 0.328144 0.371667 0.338922 0.384167 0.349701 0.407500 0.360479 0.425833 0.357485 0.440000 0.362275 0.480000 0.364671 0.527500 0.353892 0.539167 0.346108 0.542500 0.338922 0.544167 0.324551 0.540833 0.319162 0.524167 0.304790 0.504167 0.299401 0.508333 0.293413 0.507500 0.281437 0.514167 0.271257 0.512500 0.250299 0.521667 0.220958 0.520833 0.209581 0.525833 0.197605 0.530833 0.151497 0.535833 0.143713 0.535833 0.131737 0.540833 0.124551 0.533333 0.099401 0.526667 0.092216
