0 0.519167 0.346108 0.479167 0.368862 0.490000 0.405389 0.497500 0.414371 0.526667 0.435329 0.534167 0.444311 0.534167 0.450299 0.549167 0.453892 0.559167 0.471856 0.558333 0.480838 0.606667 0.501796 0.607500 0.508383 0.587500 0.529940 0.597500 0.543114 0.606667 0.546707 0.618333 0.546707 0.626667 0.553293 0.642500 0.556287 0.650000 0.565868 0.652500 0.577844 0.671667 0.597605 0.689167 0.602395 0.704167 0.595808 0.722500 0.582036 0.742500 0.574850 0.776667 0.549102 0.789167 0.546707 0.800833 0.549701 0.801667 0.525748 0.788333 0.511976 0.758333 0.498204 0.744167 0.483234 0.745000 0.459880 0.740000 0.455689 0.727500 0.451497 0.693333 0.458084 0.681667 0.456886 0.636667 0.422754 0.608333 0.395808 0.584167 0.380240 0.573333 0.364671 0.560000 0.358084 0.550000 0.348503 0.537500 0.343114
1 0.436667 0.402395 0.427500 0.400599 0.420833 0.402395 0.289167 0.469461 0.271667 0.476647 0.250833 0.489222 0.243333 0.489222 0.237500 0.484431 0.228333 0.483832 0.221667 0.489222 0.223333 0.495210 0.241667 0.516168 0.253333 0.523952 0.256667 0.523952 0.263333 0.520958 0.266667 0.517964 0.262500 0.510180 0.264167 0.506587 0.305000 0.485629 0.311667 0.483832 0.336667 0.469461 0.358333 0.459880 0.367500 0.453892 0.439167 0.418563 0.444167 0.413174 0.444167 0.410180
0 0.525833 0.177844 0.474167 0.194611 0.428333 0.214970 0.418333 0.223952 0.418333 0.232335 0.428333 0.249102 0.450833 0.264671 0.449167 0.272455 0.443333 0.279641 0.445000 0.288024 0.455833 0.295808 0.491667 0.295210 0.503333 0.298802 0.504167 0.305988 0.536667 0.346108 0.562500 0.385629 0.580000 0.401198 0.587500 0.404192 0.603333 0.403593 0.627500 0.396407 0.637500 0.391018 0.644167 0.379641 0.629167 0.342515 0.573333 0.268862 0.576667 0.260479 0.591667 0.247305 0.590833 0.235329 0.585833 0.230539 0.567500 0.226347 0.561667 0.222754 0.560000 0.213772 0.564167 0.206587 0.551667 0.185030 0.542500 0.179042
3 0.375833 0.404790 0.343333 0.402994 0.311667 0.425748 0.290000 0.456886 0.183333 0.698802 0.175833 0.707784 0.140000 0.710778 0.126667 0.716168 0.111667 0.744311 0.117500 0.759880 0.150833 0.780838 0.208333 0.802395 0.289167 0.819162 0.330000 0.812575 0.351667 0.788623 0.354167 0.765269 0.313333 0.746108 0.305000 0.732335 0.320833 0.695210 0.330000 0.687425 0.372500 0.571257 0.405833 0.501796 0.435000 0.461078 0.430000 0.416766 0.413333 0.416168
3 0.293333 0.600599 0.283333 0.635928 0.271667 0.655090 0.259167 0.740719 0.265000 0.769461 0.273333 0.778443 0.330833 0.786228 0.357500 0.773653 0.404167 0.771856 0.450833 0.779641 0.656667 0.795210 0.791667 0.816168 0.848333 0.810180 0.880000 0.801198 0.888333 0.792216 0.898333 0.770659 0.895000 0.737126 0.882500 0.723952 0.867500 0.717964 0.706667 0.691617 0.402500 0.653293 0.384167 0.640120 0.378333 0.592814 0.317500 0.584431
0 0.572500 0.491018 0.566667 0.491617 0.551667 0.500599 0.544167 0.512575 0.539167 0.532335 0.495833 0.607186 0.480833 0.646108 0.473333 0.648503 0.444167 0.648503 0.438333 0.650898 0.430000 0.663473 0.444167 0.677245 0.429167 0.694611 0.419167 0.714371 0.418333 0.721557 0.426667 0.732335 0.511667 0.749102 0.550000 0.753293 0.565000 0.743713 0.574167 0.713772 0.600000 0.697006 0.603333 0.683832 0.596667 0.675449 0.600833 0.667066 0.592500 0.657485 0.594167 0.648503 0.581667 0.642515 0.582500 0.634731 0.595000 0.622156 0.598333 0.598204 0.617500 0.574251 0.620833 0.565269 0.619167 0.559281 0.635833 0.550898 0.641667 0.527545 0.635000 0.514970 0.620000 0.503593
0 0.493333 0.228144 0.478333 0.223952 0.465833 0.225749 0.457500 0.231138 0.445000 0.252695 0.436667 0.260479 0.428333 0.262275 0.419167 0.270659 0.399167 0.270659 0.384167 0.274251 0.380000 0.286228 0.393333 0.305988 0.394167 0.314371 0.368333 0.332934 0.348333 0.352096 0.315000 0.374850 0.302500 0.389222 0.280833 0.399401 0.256667 0.422754 0.255000 0.429940 0.261667 0.438922 0.280833 0.454491 0.298333 0.464072 0.345000 0.452096 0.363333 0.440120 0.384167 0.420359 0.391667 0.417365 0.399167 0.417964 0.401667 0.407186 0.420833 0.399401 0.435833 0.397605 0.440833 0.386228 0.461667 0.360479 0.467500 0.359880 0.480000 0.366467 0.500833 0.371856 0.517500 0.365868 0.520833 0.356886 0.519167 0.347305 0.526667 0.340719 0.530000 0.328144 0.540000 0.323952 0.556667 0.322755 0.582500 0.304790 0.586667 0.294012 0.574167 0.283234 0.555000 0.273653 0.535000 0.255689 0.510000 0.245509
3 0.133333 0.558683 0.142500 0.625749 0.154167 0.662275 0.161667 0.673054 0.170000 0.677844 0.197500 0.674850 0.209167 0.670060 0.205833 0.648503 0.212500 0.637725 0.265833 0.635329 0.457500 0.615569 0.505833 0.608982 0.522500 0.601198 0.523333 0.578443 0.519167 0.561677 0.514167 0.556287 0.499167 0.553293 0.464167 0.553892 0.346667 0.567665 0.200000 0.580240 0.195000 0.577246 0.177500 0.549102 0.138333 0.552096
4 0.593333 0.350898 0.560833 0.345509 0.530000 0.344910 0.502500 0.350299 0.493333 0.355090 0.485000 0.366467 0.457500 0.493413 0.456667 0.517365 0.441667 0.522754 0.395833 0.527545 0.390000 0.531737 0.382500 0.565269 0.386667 0.580838 0.398333 0.590419 0.436667 0.607186 0.473333 0.614970 0.544167 0.617365 0.627500 0.607186 0.635000 0.603593 0.645000 0.591617 0.649167 0.582036 0.645833 0.555689 0.626667 0.541317 0.590833 0.525150 0.596667 0.511377 0.617500 0.385030 0.616667 0.368263 0.605000 0.356886
3 0.531667 0.098204 0.481667 0.137725 0.452500 0.173054 0.435000 0.213772 0.442500 0.226347 0.467500 0.240719 0.482500 0.244311 0.511667 0.242515 0.539167 0.232335 0.552500 0.234731 0.813333 0.402994 0.850833 0.420958 0.874167 0.425748 0.898333 0.417365 0.920833 0.395808 0.927500 0.382036 0.926667 0.367665 0.914167 0.350898 0.843333 0.302994 0.800000 0.279641 0.655833 0.181437 0.619167 0.164072 0.623333 0.135329 0.631667 0.116168 0.625000 0.103593 0.599167 0.089222 0.575833 0.095210 0.540000 0.094611
3 0.579167 0.531737 0.538333 0.508383 0.506667 0.511976 0.440000 0.544910 0.418333 0.559880 0.393333 0.567665 0.368333 0.582036 0.351667 0.583832 0.350000 0.593413 0.292500 0.616766 0.262500 0.637725 0.245833 0.642515 0.220000 0.642515 0.210833 0.646707 0.200000 0.667066 0.170833 0.680239 0.150833 0.680838 0.120833 0.659281 0.100833 0.657485 0.060000 0.682036 0.058333 0.701796 0.079167 0.733533 0.110000 0.767665 0.136667 0.779641 0.163333 0.802395 0.190000 0.812575 0.216667 0.813772 0.235833 0.802994 0.247500 0.789820 0.240000 0.769461 0.245833 0.755689 0.278333 0.736527 0.294167 0.716766 0.400833 0.664072 0.437500 0.641916 0.465000 0.631737 0.482500 0.617365 0.563333 0.577246 0.583333 0.558084 0.585833 0.543114
0 0.278333 0.526347 0.276667 0.547305 0.280833 0.555090 0.291667 0.563473 0.310000 0.570060 0.331667 0.571257 0.464167 0.597605 0.473333 0.604192 0.475000 0.615569 0.489167 0.635928 0.500833 0.641317 0.520000 0.641317 0.550833 0.628743 0.579167 0.623952 0.589167 0.629341 0.596667 0.638922 0.612500 0.643114 0.618333 0.647904 0.644167 0.648503 0.663333 0.640120 0.682500 0.623952 0.696667 0.591018 0.694167 0.552695 0.689167 0.543713 0.676667 0.532934 0.645833 0.524551 0.605833 0.526946 0.591667 0.524551 0.580833 0.508982 0.568333 0.502994 0.544167 0.501796 0.526667 0.507186 0.508333 0.519760 0.488333 0.525748 0.344167 0.500599 0.303333 0.501198 0.292500 0.507784
3 0.616667 0.434132 0.597500 0.436527 0.588333 0.442515 0.566667 0.474850 0.565833 0.522754 0.535833 0.709581 0.536667 0.769461 0.531667 0.784431 0.483333 0.793413 0.460000 0.802395 0.450833 0.835329 0.462500 0.848503 0.500833 0.862874 0.657500 0.882036 0.715000 0.864072 0.729167 0.853293 0.728333 0.818563 0.663333 0.798802 0.657500 0.782635 0.668333 0.729940 0.675000 0.646108 0.687500 0.616168 0.692500 0.584431 0.690000 0.558084 0.700833 0.481437 0.697500 0.466467 0.676667 0.444910 0.646667 0.436527
1 0.410833 0.337126 0.379167 0.352695 0.379167 0.378443 0.390000 0.387425 0.417500 0.388623 0.430000 0.393413 0.485000 0.740719 0.504167 0.828144 0.523333 0.847904 0.556667 0.850898 0.580000 0.843114 0.589167 0.829341 0.590000 0.816168 0.575000 0.761677 0.512500 0.388024 0.551667 0.371257 0.553333 0.350299 0.546667 0.340719 0.530833 0.334731 0.465833 0.330539
