0 0.666667 0.400000 0.652500 0.397006 0.645833 0.397006 0.624167 0.404790 0.618333 0.404790 0.615000 0.403593 0.596667 0.404192 0.578333 0.411976 0.565000 0.420958 0.554167 0.434132 0.551667 0.439521 0.550833 0.447305 0.548333 0.450898 0.547500 0.457485 0.545000 0.461078 0.545000 0.468263 0.551667 0.476647 0.558333 0.482036 0.569167 0.488024 0.583333 0.491617 0.610000 0.492216 0.623333 0.489222 0.630833 0.485629 0.636667 0.484431 0.650000 0.476647 0.660000 0.468263 0.667500 0.456287 0.669167 0.446108 0.667500 0.444311 0.668333 0.436527 0.670000 0.432934 0.675833 0.428144 0.679167 0.422754 0.679167 0.416766 0.675000 0.407186
3 0.299167 0.407186 0.296667 0.445509 0.315000 0.523952 0.325833 0.547305 0.345000 0.565269 0.388333 0.562275 0.413333 0.520359 0.442500 0.522156 0.452500 0.517365 0.481667 0.520958 0.508333 0.514970 0.525833 0.520958 0.536667 0.515569 0.566667 0.517365 0.576667 0.510778 0.606667 0.514371 0.657500 0.505389 0.755000 0.502994 0.794167 0.493413 0.839167 0.470659 0.833333 0.459281 0.837500 0.435329 0.831667 0.417365 0.812500 0.407186 0.685000 0.413174 0.404167 0.435928 0.386667 0.434731 0.377500 0.429341 0.370000 0.404192 0.359167 0.392216 0.320000 0.393413 0.306667 0.397605
3 0.648333 0.337126 0.625833 0.334132 0.607500 0.350898 0.605000 0.359880 0.625000 0.373653 0.630833 0.385030 0.603333 0.411377 0.591667 0.419162 0.546667 0.465868 0.520000 0.488024 0.469167 0.538922 0.467500 0.558084 0.490833 0.580240 0.505833 0.580240 0.519167 0.574251 0.535000 0.562275 0.596667 0.500000 0.658333 0.444311 0.695000 0.420359 0.703333 0.419760 0.718333 0.426946 0.728333 0.426946 0.744167 0.411976 0.745000 0.402994 0.737500 0.391018 0.690833 0.358084
3 0.647500 0.292216 0.537500 0.297006 0.478333 0.316766 0.458333 0.334731 0.460833 0.362275 0.485000 0.373653 0.497500 0.389222 0.524167 0.394012 0.530000 0.402395 0.532500 0.551497 0.541667 0.596407 0.541667 0.617964 0.534167 0.640719 0.537500 0.668263 0.556667 0.700599 0.580000 0.708982 0.602500 0.709581 0.628333 0.704790 0.648333 0.692814 0.659167 0.672455 0.660833 0.618563 0.650000 0.556886 0.650000 0.534731 0.658333 0.519162 0.652500 0.505389 0.650000 0.411976 0.644167 0.391617 0.654167 0.378443 0.690000 0.367665 0.702500 0.358683 0.710000 0.326946 0.701667 0.314970 0.686667 0.305988
1 0.165833 0.246707 0.121667 0.262275 0.120833 0.293413 0.328333 0.808383 0.324167 0.815569 0.281667 0.830539 0.280000 0.838922 0.293333 0.866467 0.335000 0.869461 0.473333 0.837126 0.494167 0.822755 0.494167 0.804790 0.481667 0.789222 0.446667 0.789820 0.435833 0.778443 0.400000 0.673054 0.385000 0.651497 0.241667 0.295210 0.203333 0.251497 0.186667 0.245509
4 0.803333 0.113772 0.799167 0.110778 0.783333 0.104790 0.768333 0.104790 0.755000 0.107784 0.749167 0.111377 0.747500 0.117365 0.748333 0.120359 0.743333 0.130539 0.721667 0.133533 0.696667 0.139521 0.690833 0.139521 0.690833 0.140719 0.684167 0.141317 0.683333 0.142515 0.662500 0.146707 0.656667 0.150299 0.651667 0.160479 0.652500 0.168862 0.657500 0.181437 0.664167 0.186228 0.674167 0.186826 0.697500 0.182635 0.698333 0.181437 0.705000 0.181437 0.706667 0.180240 0.722500 0.178443 0.730000 0.175449 0.746667 0.173653 0.755833 0.170060 0.760833 0.173054 0.761667 0.176647 0.764167 0.179042 0.773333 0.182635 0.793333 0.183234 0.794167 0.182036 0.800000 0.182036 0.807500 0.180240 0.814167 0.174850 0.815833 0.165868 0.817500 0.164072 0.816667 0.159880 0.818333 0.159281 0.818333 0.149701 0.816667 0.147904 0.813333 0.131737 0.811667 0.131138 0.810833 0.125150
3 0.840000 0.282036 0.815000 0.262874 0.769167 0.262275 0.747500 0.271257 0.738333 0.314970 0.723333 0.322755 0.698333 0.322755 0.592500 0.340120 0.484167 0.343713 0.291667 0.367665 0.268333 0.377246 0.256667 0.392216 0.253333 0.410778 0.262500 0.445509 0.281667 0.459880 0.330000 0.465269 0.452500 0.453892 0.528333 0.438922 0.700833 0.429341 0.716667 0.423353 0.748333 0.420958 0.764167 0.428144 0.775833 0.450898 0.796667 0.459281 0.812500 0.461078 0.843333 0.456287 0.860833 0.443114 0.870833 0.398204 0.862500 0.349701 0.851667 0.323353 0.854167 0.313772
0 0.736667 0.428144 0.710833 0.438323 0.708333 0.440120 0.708333 0.443114 0.713333 0.449701 0.718333 0.453293 0.718333 0.461078 0.723333 0.462874 0.731667 0.462275 0.734167 0.464072 0.754167 0.489222 0.759167 0.492814 0.766667 0.492216 0.771667 0.490419 0.776667 0.486826 0.776667 0.484431 0.765833 0.469461 0.756667 0.459880 0.751667 0.452695 0.757500 0.446707 0.757500 0.443114 0.747500 0.437725 0.740833 0.428743
3 0.444167 0.323952 0.430833 0.317964 0.400833 0.328144 0.397500 0.338323 0.399167 0.343713 0.381667 0.357485 0.372500 0.357485 0.335000 0.366467 0.328333 0.371257 0.316667 0.371257 0.292500 0.376647 0.255000 0.388623 0.170000 0.408982 0.137500 0.424551 0.121667 0.438922 0.135833 0.474850 0.153333 0.479641 0.180000 0.475449 0.222500 0.462874 0.294167 0.447305 0.422500 0.413772 0.431667 0.413174 0.437500 0.415569 0.452500 0.434731 0.459167 0.437725 0.467500 0.438323 0.488333 0.432335 0.495833 0.422156 0.490000 0.398802 0.462500 0.346707
0 0.162500 0.150299 0.135833 0.168862 0.145833 0.191018 0.153333 0.198204 0.175000 0.211976 0.179167 0.217365 0.178333 0.219760 0.185000 0.219760 0.190833 0.223353 0.196667 0.232934 0.196667 0.240120 0.205833 0.241916 0.230000 0.252096 0.230833 0.258084 0.225000 0.261677 0.218333 0.272455 0.225833 0.280838 0.242500 0.283234 0.247500 0.286826 0.258333 0.288623 0.263333 0.294012 0.266667 0.304192 0.282500 0.315569 0.292500 0.317365 0.298333 0.314970 0.313333 0.302395 0.324167 0.298204 0.334167 0.291018 0.341667 0.282036 0.359167 0.275449 0.363333 0.268862 0.361667 0.259281 0.350000 0.251497 0.334167 0.246108 0.322500 0.237126 0.319167 0.232335 0.320833 0.220359 0.317500 0.217365 0.307500 0.214371 0.288333 0.219760 0.278333 0.220359 0.220833 0.178443 0.206667 0.171257 0.199167 0.161677 0.182500 0.150898 0.174167 0.148503
0 0.816667 0.202994 0.802500 0.192814 0.784167 0.189820 0.757500 0.198802 0.736667 0.213772 0.701667 0.220359 0.680833 0.212575 0.669167 0.212575 0.657500 0.220359 0.655833 0.248503 0.651667 0.256886 0.644167 0.261078 0.614167 0.267665 0.592500 0.277246 0.535833 0.292814 0.512500 0.304192 0.483333 0.307784 0.448333 0.320359 0.435833 0.331138 0.435000 0.341916 0.457500 0.381437 0.512500 0.383832 0.536667 0.378443 0.570833 0.365269 0.585000 0.363473 0.591667 0.365868 0.595000 0.359281 0.603333 0.355090 0.631667 0.354491 0.644167 0.358683 0.688333 0.329341 0.701667 0.331737 0.710000 0.343713 0.727500 0.355090 0.742500 0.353293 0.758333 0.341916 0.762500 0.334132 0.773333 0.331138 0.785000 0.319760 0.820833 0.320359 0.855000 0.310180 0.865000 0.301198 0.861667 0.289820 0.845833 0.268862 0.844167 0.256886 0.834167 0.238922 0.818333 0.223952
0 0.249167 0.556287 0.249167 0.557485 0.245833 0.559880 0.245833 0.562275 0.243333 0.565269 0.245000 0.570060 0.244167 0.570659 0.250000 0.574850 0.269167 0.581437 0.273333 0.583832 0.278333 0.585030 0.279167 0.586228 0.281667 0.586228 0.282500 0.587425 0.285000 0.587425 0.306667 0.595210 0.309167 0.597605 0.309167 0.604192 0.311667 0.609581 0.310833 0.610180 0.312500 0.610778 0.311667 0.611377 0.313333 0.611377 0.318333 0.614371 0.325833 0.614371 0.329167 0.615569 0.331667 0.617964 0.335000 0.617964 0.335833 0.619162 0.338333 0.619162 0.341667 0.622156 0.344167 0.622156 0.348333 0.623952 0.353333 0.624551 0.355833 0.623353 0.359167 0.623353 0.367500 0.618563 0.369167 0.614970 0.373333 0.611976 0.376667 0.606587 0.378333 0.605988 0.378333 0.604192 0.384167 0.596407 0.385833 0.585629 0.384167 0.585030 0.385000 0.583832 0.382500 0.583234 0.377500 0.579042 0.365000 0.576647 0.357500 0.576647 0.351667 0.572455 0.352500 0.571257 0.350833 0.568263 0.346667 0.565269 0.342500 0.565269 0.330833 0.570060 0.330000 0.571856 0.328333 0.571257 0.322500 0.572455 0.322500 0.571257 0.315833 0.570060 0.315000 0.568862 0.312500 0.568862 0.300833 0.564671 0.298333 0.562874 0.290000 0.561078 0.289167 0.559880 0.276667 0.555689 0.275833 0.554491 0.273333 0.554491 0.265833 0.551497 0.256667 0.551497 0.253333 0.554491
2 0.410833 0.373653 0.375000 0.394611 0.360833 0.405389 0.341667 0.424551 0.342500 0.429341 0.340000 0.431138 0.340833 0.434731 0.342500 0.435329 0.341667 0.437126 0.350000 0.445509 0.364167 0.451497 0.373333 0.451497 0.385000 0.445509 0.392500 0.446707 0.414167 0.460479 0.415833 0.462874 0.423333 0.466467 0.426667 0.470659 0.444167 0.480838 0.451667 0.487425 0.462500 0.493413 0.470833 0.495808 0.485000 0.489820 0.502500 0.474850 0.502500 0.473054 0.509167 0.465868 0.506667 0.459880 0.498333 0.453293 0.497500 0.450898 0.440000 0.410778 0.439167 0.407186 0.446667 0.398204 0.447500 0.394611 0.439167 0.382635 0.427500 0.376048
0 0.724167 0.610778 0.719167 0.602395 0.708333 0.597006 0.690000 0.597006 0.663333 0.604192 0.656667 0.602994 0.643333 0.595808 0.632500 0.595808 0.625000 0.598802 0.615833 0.607784 0.612500 0.616168 0.603333 0.620958 0.530833 0.624551 0.486667 0.623952 0.469167 0.626946 0.459167 0.635928 0.461667 0.659880 0.466667 0.665868 0.480833 0.671257 0.543333 0.670659 0.554167 0.668862 0.576667 0.670060 0.590000 0.674850 0.610833 0.677844 0.622500 0.687425 0.633333 0.691617 0.647500 0.688623 0.673333 0.672455 0.677500 0.678443 0.686667 0.683832 0.695833 0.685629 0.711667 0.685030 0.725000 0.679042 0.730833 0.663473 0.730833 0.649102 0.726667 0.630539 0.728333 0.625749
2 0.482500 0.066467 0.442500 0.059281 0.386667 0.062874 0.355000 0.078443 0.345000 0.094012 0.338333 0.131138 0.338333 0.233533 0.333333 0.261677 0.285833 0.282635 0.273333 0.297006 0.265000 0.319760 0.265000 0.337126 0.272500 0.356287 0.294167 0.376048 0.328333 0.394611 0.380833 0.400599 0.423333 0.400599 0.508333 0.391018 0.532500 0.386228 0.557500 0.374850 0.576667 0.349102 0.582500 0.331737 0.578333 0.297006 0.561667 0.277246 0.515833 0.249701 0.517500 0.097605 0.505833 0.078443
