0 0.231667 0.383832 0.195833 0.398204 0.144167 0.435329 0.134167 0.448503 0.135833 0.462275 0.148333 0.475449 0.169167 0.488024 0.170000 0.504790 0.174167 0.510180 0.205000 0.517365 0.219167 0.514371 0.228333 0.519760 0.234167 0.532934 0.246667 0.540120 0.250833 0.558084 0.260833 0.570060 0.331667 0.631737 0.359167 0.641317 0.390000 0.637725 0.426667 0.621557 0.434167 0.608982 0.425000 0.591018 0.397500 0.568862 0.382500 0.550299 0.365833 0.538323 0.300833 0.472455 0.299167 0.463473 0.313333 0.455090 0.324167 0.443114 0.280000 0.426347 0.277500 0.402994 0.267500 0.392814 0.250000 0.384431
4 0.537500 0.201796 0.507500 0.228743 0.458333 0.299401 0.445833 0.324551 0.444167 0.359281 0.447500 0.364072 0.485833 0.380838 0.501667 0.382635 0.560833 0.349102 0.660833 0.386228 0.675000 0.388024 0.683333 0.394012 0.697500 0.396407 0.734167 0.412575 0.778333 0.423353 0.790833 0.420359 0.810000 0.404192 0.830000 0.379641 0.840833 0.360479 0.840000 0.344910 0.827500 0.334731 0.775833 0.311377 0.617500 0.256886 0.613333 0.253892 0.625833 0.216766 0.605833 0.203593 0.567500 0.191018
1 0.200000 0.168862 0.148333 0.204790 0.138333 0.223952 0.147500 0.235329 0.165000 0.245509 0.206667 0.231737 0.615000 0.590419 0.634167 0.599401 0.652500 0.597006 0.681667 0.575449 0.685000 0.561677 0.679167 0.547904 0.278333 0.191617 0.301667 0.168263 0.296667 0.157485 0.275000 0.141317 0.257500 0.143114
0 0.507500 0.505988 0.499167 0.511377 0.484167 0.524551 0.485000 0.525150 0.482500 0.528144 0.483333 0.532934 0.486667 0.535329 0.486667 0.536527 0.502500 0.547904 0.502500 0.551497 0.505000 0.556287 0.511667 0.561677 0.521667 0.564072 0.525000 0.564072 0.525833 0.562874 0.528333 0.563473 0.530833 0.562275 0.537500 0.562275 0.580833 0.592814 0.600000 0.577844 0.602500 0.574850 0.593333 0.568263 0.594167 0.567665 0.585833 0.562275 0.586667 0.561677 0.571667 0.552096 0.572500 0.551497 0.561667 0.543713 0.562500 0.543114 0.560833 0.540719 0.563333 0.537725 0.562500 0.535928 0.564167 0.532934 0.560000 0.525150 0.552500 0.520359 0.551667 0.520958 0.550000 0.519760 0.546667 0.519760 0.544167 0.517964 0.540833 0.517964 0.539167 0.514970 0.524167 0.504790 0.517500 0.503593
2 0.483333 0.476048 0.410000 0.479042 0.390000 0.483832 0.375833 0.492814 0.370000 0.524551 0.375833 0.542515 0.380000 0.611377 0.386667 0.641916 0.380000 0.649102 0.368333 0.650299 0.350000 0.658683 0.340000 0.671257 0.339167 0.680838 0.345000 0.705389 0.363333 0.719162 0.409167 0.723952 0.548333 0.715569 0.569167 0.709581 0.583333 0.697605 0.587500 0.683832 0.584167 0.663473 0.579167 0.654491 0.562500 0.644311 0.528333 0.639521 0.515833 0.632335 0.520000 0.617365 0.514167 0.590419 0.515833 0.583234 0.511667 0.574251 0.515000 0.564671 0.505000 0.517365 0.504167 0.495210 0.494167 0.480838
1 0.210833 0.101198 0.183333 0.122156 0.195000 0.162275 0.449167 0.488623 0.660833 0.743713 0.663333 0.759281 0.626667 0.798204 0.639167 0.829940 0.655000 0.834731 0.695833 0.830539 0.790000 0.797605 0.879167 0.743713 0.864167 0.712575 0.844167 0.698802 0.784167 0.710180 0.763333 0.692814 0.306667 0.113174 0.262500 0.088623
4 0.523333 0.515569 0.510000 0.510778 0.488333 0.511377 0.427500 0.532934 0.390833 0.541916 0.341667 0.559281 0.331667 0.556287 0.325833 0.551497 0.315833 0.550299 0.293333 0.540719 0.283333 0.540719 0.245000 0.552695 0.240833 0.563473 0.240833 0.583832 0.245833 0.602395 0.267500 0.641317 0.300000 0.674850 0.312500 0.682635 0.333333 0.688623 0.349167 0.687425 0.367500 0.681437 0.385000 0.671856 0.381667 0.642515 0.387500 0.632934 0.460833 0.605988 0.534167 0.583234 0.545000 0.571856 0.548333 0.547305 0.540000 0.531737
3 0.774167 0.250299 0.727500 0.244311 0.703333 0.245509 0.682500 0.253293 0.670000 0.280838 0.697500 0.310180 0.699167 0.323952 0.545000 0.534731 0.533333 0.558084 0.530833 0.574251 0.534167 0.580240 0.556667 0.585629 0.567500 0.595808 0.578333 0.600000 0.593333 0.601796 0.612500 0.597006 0.631667 0.585030 0.683333 0.525150 0.812500 0.352096 0.830833 0.353293 0.865833 0.347904 0.891667 0.327545 0.882500 0.302994 0.864167 0.287425 0.818333 0.264671
0 0.805000 0.413174 0.771667 0.403593 0.753333 0.408383 0.728333 0.422754 0.692500 0.456886 0.640833 0.497006 0.594167 0.494012 0.579167 0.498802 0.560000 0.514371 0.545000 0.547305 0.532500 0.554491 0.524167 0.564671 0.508333 0.571856 0.495833 0.591018 0.497500 0.605389 0.510833 0.624551 0.540833 0.649701 0.555000 0.656287 0.590833 0.665868 0.615000 0.664072 0.645000 0.646108 0.666667 0.621557 0.701667 0.612575 0.715833 0.602994 0.724167 0.592216 0.729167 0.574850 0.720833 0.541916 0.735000 0.525748 0.804167 0.468263 0.820000 0.449102 0.821667 0.429940
1 0.508333 0.295808 0.348333 0.301198 0.321667 0.311976 0.315000 0.328743 0.320833 0.348503 0.358333 0.356287 0.365000 0.369461 0.360833 0.489222 0.367500 0.511377 0.375833 0.915569 0.399167 0.970060 0.413333 0.979042 0.472500 0.980240 0.488333 0.974252 0.500833 0.942515 0.490000 0.360479 0.496667 0.354491 0.552500 0.343114 0.550000 0.308383
4 0.336667 0.256886 0.319167 0.300000 0.320000 0.371856 0.330833 0.425748 0.344167 0.446707 0.361667 0.460479 0.380833 0.464671 0.440000 0.463473 0.450000 0.451497 0.460833 0.422156 0.471667 0.420359 0.483333 0.410778 0.693333 0.405988 0.725000 0.400599 0.735833 0.394012 0.740833 0.356886 0.736667 0.322755 0.730000 0.307186 0.713333 0.294012 0.685833 0.289222 0.660833 0.292814 0.612500 0.290419 0.497500 0.302395 0.470000 0.301796 0.455833 0.297006 0.438333 0.265868 0.420000 0.255689 0.362500 0.249102 0.347500 0.250299
