3 0.581667 0.183234 0.569167 0.198204 0.567500 0.208982 0.576667 0.379641 0.567500 0.390419 0.542500 0.400599 0.537500 0.416168 0.541667 0.423353 0.583333 0.435329 0.600833 0.437126 0.652500 0.435329 0.678333 0.426946 0.691667 0.419760 0.696667 0.413174 0.695000 0.397006 0.690833 0.391617 0.654167 0.379641 0.641667 0.205988 0.636667 0.194611 0.624167 0.184431 0.605000 0.182036
3 0.822500 0.638323 0.766667 0.597605 0.730833 0.582036 0.712500 0.580240 0.688333 0.585629 0.665000 0.598204 0.655000 0.614970 0.668333 0.644910 0.658333 0.667665 0.316667 0.860479 0.272500 0.896407 0.282500 0.920958 0.305833 0.931138 0.320000 0.944910 0.338333 0.949102 0.363333 0.946707 0.477500 0.893413 0.559167 0.843114 0.749167 0.738323 0.774167 0.740120 0.819167 0.761078 0.855000 0.751497 0.879167 0.737725 0.881667 0.704790 0.864167 0.679042
0 0.659167 0.161677 0.641667 0.149102 0.627500 0.144910 0.597500 0.149701 0.585000 0.148503 0.551667 0.157485 0.530833 0.158683 0.515000 0.167066 0.473333 0.176048 0.437500 0.170060 0.410000 0.173054 0.399167 0.180240 0.384167 0.197605 0.353333 0.199401 0.335000 0.204790 0.314167 0.216168 0.300833 0.228144 0.295000 0.240120 0.294167 0.253892 0.304167 0.279042 0.317500 0.300599 0.340833 0.318563 0.361667 0.324551 0.375833 0.324551 0.390000 0.320958 0.408333 0.313174 0.417500 0.303593 0.428333 0.297605 0.457500 0.304192 0.482500 0.301198 0.495000 0.292216 0.513333 0.252695 0.624167 0.217365 0.656667 0.202994 0.670000 0.180838
1 0.779167 0.338922 0.757500 0.284431 0.741667 0.271257 0.726667 0.271257 0.700833 0.277844 0.688333 0.304192 0.613333 0.315569 0.539167 0.319760 0.131667 0.361677 0.101667 0.368862 0.095833 0.386826 0.105000 0.413772 0.120833 0.416766 0.326667 0.395808 0.373333 0.395210 0.656667 0.365269 0.705000 0.364671 0.714167 0.370060 0.725000 0.387425 0.738333 0.391018 0.763333 0.387425 0.775833 0.378443 0.781667 0.361078
3 0.445000 0.079641 0.415833 0.088623 0.413333 0.102994 0.393333 0.135928 0.390833 0.184431 0.377500 0.215569 0.377500 0.226946 0.363333 0.252096 0.361667 0.282635 0.345000 0.314371 0.339167 0.339521 0.315000 0.362874 0.265000 0.371257 0.251667 0.388024 0.260833 0.409581 0.281667 0.427545 0.321667 0.437725 0.350833 0.450299 0.422500 0.461677 0.447500 0.461078 0.467500 0.454491 0.479167 0.439521 0.480000 0.415569 0.472500 0.407186 0.440000 0.394012 0.432500 0.381437 0.446667 0.351497 0.450833 0.318563 0.459167 0.294012 0.467500 0.286826 0.466667 0.274850 0.480833 0.239521 0.486667 0.206587 0.506667 0.163473 0.518333 0.119162 0.517500 0.105988 0.509167 0.095210
4 0.400833 0.447305 0.332500 0.468862 0.303333 0.485030 0.291667 0.500000 0.296667 0.516766 0.327500 0.560479 0.438333 0.681437 0.395833 0.714970 0.403333 0.732934 0.431667 0.764072 0.466667 0.765868 0.521667 0.751497 0.620000 0.707186 0.658333 0.684431 0.686667 0.653892 0.688333 0.644910 0.665000 0.613174 0.650833 0.604790 0.566667 0.612575 0.499167 0.534731 0.486667 0.526946 0.483333 0.517365 0.472500 0.510180 0.433333 0.462275 0.415000 0.449701
0 0.166667 0.161677 0.165833 0.191018 0.169167 0.198204 0.172500 0.249701 0.176667 0.259880 0.185000 0.264671 0.222500 0.261078 0.245833 0.269461 0.270000 0.270060 0.312500 0.257485 0.333333 0.256287 0.347500 0.258683 0.359167 0.255090 0.384167 0.256287 0.413333 0.252096 0.427500 0.255090 0.475833 0.252096 0.509167 0.243713 0.524167 0.235329 0.529167 0.228144 0.530833 0.192814 0.524167 0.182635 0.504167 0.175449 0.302500 0.174251 0.293333 0.171257 0.280000 0.147305 0.266667 0.143114 0.259167 0.144311 0.245833 0.154491 0.236667 0.156287 0.225833 0.155090 0.207500 0.147904 0.183333 0.149102 0.170833 0.153293
0 0.729167 0.688024 0.704167 0.686826 0.690000 0.690419 0.674167 0.705389 0.661667 0.711377 0.645000 0.732335 0.629167 0.743713 0.625000 0.756886 0.605833 0.778443 0.590000 0.788623 0.567500 0.794611 0.549167 0.809581 0.547500 0.822755 0.551667 0.831737 0.550833 0.840719 0.528333 0.855090 0.521667 0.864072 0.514167 0.881437 0.513333 0.900000 0.520000 0.913174 0.532500 0.924551 0.564167 0.940120 0.588333 0.948503 0.623333 0.952096 0.645000 0.947305 0.660833 0.935329 0.668333 0.921557 0.671667 0.896407 0.700833 0.888024 0.716667 0.874850 0.718333 0.862275 0.697500 0.824551 0.717500 0.792216 0.750833 0.748503 0.764167 0.722754 0.763333 0.712575 0.755000 0.698204
2 0.501667 0.265868 0.477500 0.274251 0.465833 0.287425 0.445000 0.333533 0.434167 0.345509 0.415000 0.395210 0.405000 0.404790 0.390000 0.431138 0.375833 0.440120 0.350000 0.433533 0.324167 0.435329 0.314167 0.445509 0.300000 0.474850 0.303333 0.491018 0.309167 0.497006 0.346667 0.512575 0.435833 0.531138 0.493333 0.539521 0.525833 0.540719 0.555000 0.528742 0.569167 0.505389 0.570833 0.485030 0.565000 0.476647 0.542500 0.467665 0.540000 0.459880 0.550000 0.431737 0.550000 0.412575 0.563333 0.388024 0.575000 0.352096 0.599167 0.310180 0.601667 0.292216 0.597500 0.286228
4 0.506667 0.115569 0.502500 0.117964 0.497500 0.126347 0.498333 0.127545 0.493333 0.135928 0.494167 0.137725 0.490833 0.143713 0.490833 0.148503 0.489167 0.149701 0.487500 0.156287 0.483333 0.163473 0.484167 0.164671 0.482500 0.165269 0.481667 0.170659 0.479167 0.173653 0.480000 0.174850 0.475833 0.182036 0.468333 0.183832 0.459167 0.182635 0.450833 0.183234 0.445833 0.188623 0.446667 0.190419 0.442500 0.198204 0.443333 0.202395 0.445833 0.202395 0.455833 0.209581 0.457500 0.208982 0.468333 0.213174 0.472500 0.213174 0.483333 0.216766 0.485833 0.216168 0.487500 0.217964 0.499167 0.218563 0.505000 0.220359 0.513333 0.220359 0.515833 0.221557 0.535000 0.220958 0.539167 0.219760 0.543333 0.216168 0.546667 0.204192 0.544167 0.200599 0.537500 0.197605 0.536667 0.198204 0.530833 0.196407 0.525833 0.192814 0.525833 0.189222 0.531667 0.177844 0.530833 0.176048 0.535833 0.167665 0.535000 0.165868 0.540833 0.156886 0.540000 0.155090 0.542500 0.149701 0.545000 0.147305 0.544167 0.145509 0.547500 0.138922 0.546667 0.134731 0.549167 0.131737 0.548333 0.124551 0.545000 0.120958 0.527500 0.116766 0.524167 0.117365 0.516667 0.115569
4 0.840000 0.609581 0.829167 0.602395 0.784167 0.603593 0.778333 0.615569 0.777500 0.634731 0.767500 0.641317 0.755000 0.643713 0.690000 0.644910 0.596667 0.642515 0.559167 0.645509 0.553333 0.658683 0.554167 0.674251 0.549167 0.688024 0.551667 0.710180 0.566667 0.714970 0.595833 0.718563 0.687500 0.713772 0.757500 0.715569 0.766667 0.717964 0.772500 0.722754 0.768333 0.732335 0.779167 0.750299 0.785000 0.754491 0.830833 0.754491 0.840000 0.744910 0.849167 0.712575 0.846667 0.691617 0.849167 0.632934
2 0.518333 0.268862 0.511667 0.268862 0.501667 0.271856 0.497500 0.271856 0.493333 0.273653 0.487500 0.274251 0.486667 0.275449 0.480833 0.276048 0.478333 0.277844 0.475000 0.277844 0.470833 0.280240 0.465000 0.280838 0.460833 0.283234 0.450833 0.285030 0.437500 0.291617 0.431667 0.298802 0.433333 0.308982 0.435833 0.310778 0.436667 0.314371 0.444167 0.320958 0.455833 0.322755 0.463333 0.322156 0.472500 0.327545 0.472500 0.331138 0.475833 0.334132 0.475833 0.336527 0.480000 0.339521 0.480000 0.342515 0.485000 0.349102 0.485833 0.355090 0.487500 0.355689 0.491667 0.366467 0.494167 0.368263 0.497500 0.377844 0.502500 0.381437 0.506667 0.382635 0.523333 0.381437 0.530000 0.377844 0.537500 0.376647 0.538333 0.375449 0.543333 0.374251 0.549167 0.369461 0.551667 0.361677 0.550000 0.351497 0.529167 0.305988 0.535000 0.297605 0.538333 0.296407 0.537500 0.294611 0.539167 0.287425 0.537500 0.282036 0.529167 0.272455 0.527500 0.272455 0.525000 0.270060 0.524167 0.270659
3 0.815833 0.283234 0.800000 0.275449 0.775833 0.270659 0.746667 0.274251 0.690000 0.319760 0.611667 0.397605 0.544167 0.457485 0.520000 0.485030 0.508333 0.488024 0.465833 0.479042 0.441667 0.489820 0.427500 0.508383 0.440000 0.519162 0.446667 0.541916 0.455833 0.549701 0.510000 0.577844 0.550000 0.591617 0.590833 0.598802 0.604167 0.598204 0.626667 0.579641 0.630833 0.570659 0.629167 0.561078 0.610833 0.532335 0.612500 0.523952 0.729167 0.416766 0.823333 0.321557 0.830833 0.303593 0.826667 0.292216
3 0.155833 0.491617 0.135000 0.500599 0.131667 0.504192 0.133333 0.513174 0.136667 0.516766 0.158333 0.517365 0.160833 0.519162 0.172500 0.546707 0.174167 0.547305 0.175000 0.552096 0.177500 0.553892 0.183333 0.571257 0.185000 0.571856 0.188333 0.582635 0.190833 0.585629 0.190833 0.589820 0.192500 0.590419 0.193333 0.595210 0.195833 0.597605 0.195833 0.601198 0.200000 0.607784 0.204167 0.611377 0.210833 0.613174 0.223333 0.611976 0.229167 0.609581 0.233333 0.605988 0.235000 0.598204 0.230833 0.586228 0.228333 0.583832 0.227500 0.579042 0.222500 0.570659 0.221667 0.565868 0.220000 0.565269 0.214167 0.548503 0.209167 0.541916 0.208333 0.535329 0.206667 0.534731 0.205833 0.529341 0.204167 0.528742 0.197500 0.509581 0.200833 0.505389 0.205000 0.504790 0.206667 0.502994 0.213333 0.500599 0.210833 0.489820 0.207500 0.486228 0.201667 0.486228 0.200833 0.485030
2 0.531667 0.158084 0.508333 0.157485 0.481667 0.166467 0.451667 0.193413 0.448333 0.219162 0.455000 0.235928 0.466667 0.249102 0.465000 0.256287 0.351667 0.364671 0.321667 0.383234 0.300000 0.408982 0.300833 0.418563 0.327500 0.446108 0.363333 0.465269 0.405000 0.479641 0.426667 0.476647 0.447500 0.461677 0.479167 0.428144 0.518333 0.394012 0.559167 0.366467 0.600000 0.328144 0.655000 0.337126 0.675833 0.334132 0.700000 0.325150 0.715000 0.313772 0.731667 0.291617 0.736667 0.276647 0.728333 0.259281 0.686667 0.221557 0.645000 0.197605 0.603333 0.179641
3 0.889167 0.592814 0.861667 0.577246 0.845000 0.576048 0.810000 0.585030 0.627500 0.671257 0.480833 0.734731 0.465833 0.731737 0.440000 0.714970 0.426667 0.712575 0.388333 0.729341 0.378333 0.743114 0.380000 0.762275 0.402500 0.797605 0.440000 0.837725 0.478333 0.867665 0.508333 0.881437 0.529167 0.878443 0.560000 0.857485 0.565000 0.834132 0.557500 0.817365 0.566667 0.808383 0.874167 0.664072 0.916667 0.636527 0.916667 0.622156
2 0.659167 0.517964 0.636667 0.526347 0.619167 0.548503 0.602500 0.584431 0.571667 0.631737 0.544167 0.661078 0.516667 0.708383 0.501667 0.711377 0.456667 0.710180 0.435833 0.717365 0.415833 0.729940 0.395000 0.768263 0.395833 0.788024 0.410833 0.804192 0.467500 0.834132 0.518333 0.850898 0.569167 0.861677 0.647500 0.869461 0.672500 0.865269 0.695000 0.851497 0.715000 0.820359 0.710000 0.791617 0.697500 0.775449 0.680833 0.764671 0.679167 0.756886 0.755833 0.625150 0.779167 0.600599 0.792500 0.570060 0.788333 0.561677 0.751667 0.537725 0.698333 0.522754
