2 0.460000 0.472455 0.451667 0.468862 0.433333 0.468263 0.397500 0.480240 0.387500 0.487425 0.383333 0.496407 0.390833 0.522156 0.388333 0.531138 0.354167 0.541916 0.346667 0.547904 0.339167 0.547305 0.312500 0.559281 0.283333 0.567066 0.275000 0.573054 0.264167 0.574850 0.216667 0.594012 0.195833 0.606587 0.197500 0.617964 0.201667 0.623353 0.213333 0.629341 0.216667 0.641916 0.227500 0.659880 0.243333 0.674850 0.251667 0.677844 0.277500 0.675449 0.311667 0.661677 0.409167 0.632335 0.446667 0.613772 0.455000 0.615569 0.469167 0.629940 0.487500 0.636527 0.528333 0.626347 0.538333 0.619162 0.545000 0.605988 0.534167 0.586826 0.524167 0.558084 0.485833 0.508982 0.473333 0.486228
2 0.477500 0.295808 0.471667 0.300599 0.465833 0.311976 0.440833 0.335928 0.435000 0.352096 0.437500 0.358084 0.465000 0.376647 0.475833 0.379641 0.560833 0.423353 0.595000 0.435329 0.596667 0.443114 0.589167 0.457485 0.595000 0.468862 0.609167 0.479641 0.630000 0.488623 0.653333 0.485629 0.704167 0.443713 0.731667 0.410180 0.733333 0.404790 0.751667 0.386228 0.755833 0.374850 0.750000 0.361078 0.735000 0.350898 0.709167 0.341916 0.693333 0.343114 0.663333 0.361677 0.655000 0.361078 0.633333 0.349102 0.605000 0.339521 0.579167 0.323952 0.525000 0.303593 0.504167 0.292814 0.490000 0.291018
3 0.738333 0.234731 0.730833 0.224551 0.715000 0.215569 0.688333 0.215569 0.664167 0.227545 0.659167 0.252096 0.650000 0.259281 0.608333 0.261078 0.585833 0.266467 0.546667 0.270060 0.525833 0.268862 0.510000 0.273054 0.318333 0.292216 0.298333 0.300000 0.293333 0.307784 0.299167 0.351497 0.315000 0.360479 0.370000 0.357485 0.408333 0.347305 0.467500 0.343114 0.481667 0.339521 0.520833 0.338922 0.553333 0.335329 0.574167 0.329341 0.629167 0.324551 0.659167 0.332335 0.685833 0.358084 0.713333 0.359281 0.730833 0.349701 0.745833 0.331737 0.747500 0.256287
3 0.542500 0.265269 0.528333 0.265269 0.509167 0.275449 0.475000 0.322755 0.459167 0.376647 0.435833 0.426347 0.415833 0.455090 0.397500 0.508383 0.370000 0.556287 0.341667 0.578443 0.300833 0.577844 0.277500 0.583832 0.263333 0.604790 0.269167 0.622755 0.290833 0.645509 0.330833 0.658084 0.359167 0.675449 0.442500 0.698204 0.469167 0.699401 0.490833 0.694611 0.511667 0.673653 0.506667 0.644311 0.472500 0.625749 0.465833 0.612575 0.511667 0.517365 0.525000 0.504192 0.526667 0.489820 0.615000 0.317964 0.616667 0.304790 0.610833 0.291018 0.595833 0.282036
0 0.353333 0.281437 0.352500 0.320359 0.356667 0.328743 0.354167 0.354491 0.355833 0.358683 0.361667 0.362275 0.394167 0.362275 0.400833 0.361078 0.406667 0.356886 0.428333 0.356287 0.447500 0.362874 0.455833 0.357485 0.465833 0.343713 0.473333 0.340120 0.505833 0.339521 0.518333 0.337126 0.545000 0.335928 0.621667 0.335928 0.635000 0.334132 0.640000 0.331138 0.642500 0.325749 0.644167 0.304790 0.640833 0.289222 0.629167 0.285629 0.555833 0.286826 0.497500 0.291018 0.468333 0.291018 0.463333 0.286826 0.462500 0.279641 0.457500 0.271257 0.453333 0.268263 0.443333 0.265868 0.429167 0.274251 0.416667 0.277246 0.371667 0.276048 0.356667 0.278443
1 0.297500 0.432335 0.289167 0.438922 0.285833 0.447305 0.315833 0.629940 0.317500 0.656287 0.325000 0.682036 0.319167 0.689820 0.301667 0.694611 0.299167 0.702395 0.304167 0.711377 0.315833 0.713772 0.375833 0.711377 0.395000 0.704790 0.395833 0.693413 0.393333 0.688024 0.369167 0.683832 0.330833 0.440120 0.327500 0.435329 0.318333 0.431138
0 0.532500 0.640120 0.518333 0.649701 0.515833 0.653293 0.511667 0.655689 0.511667 0.658084 0.509167 0.661677 0.511667 0.666467 0.517500 0.670060 0.521667 0.671257 0.522500 0.670659 0.525000 0.672455 0.525833 0.679042 0.530833 0.683832 0.540833 0.684431 0.544167 0.682635 0.550833 0.682635 0.555000 0.687425 0.564167 0.692814 0.570000 0.698204 0.571667 0.698204 0.574167 0.701198 0.584167 0.708383 0.590000 0.711377 0.598333 0.710180 0.600833 0.707784 0.603333 0.707186 0.606667 0.703593 0.606667 0.697006 0.600000 0.690419 0.590000 0.683832 0.569167 0.667066 0.570833 0.662874 0.570000 0.661677 0.571667 0.659281 0.571667 0.656287 0.570000 0.655689 0.569167 0.653293 0.564167 0.650898 0.557500 0.650299 0.555000 0.648503 0.552500 0.644311 0.544167 0.639521 0.537500 0.638922
3 0.083333 0.559880 0.075833 0.587425 0.086667 0.611976 0.108333 0.621557 0.150000 0.620359 0.179167 0.595808 0.196667 0.591018 0.330000 0.628144 0.348333 0.638323 0.368333 0.640120 0.604167 0.710180 0.623333 0.712575 0.645000 0.708383 0.672500 0.678443 0.682500 0.659880 0.683333 0.649701 0.670000 0.635329 0.602500 0.607784 0.522500 0.593413 0.465833 0.578443 0.420000 0.560479 0.345833 0.545509 0.275833 0.521557 0.250833 0.502994 0.253333 0.473054 0.245833 0.456287 0.217500 0.444910 0.189167 0.449102 0.158333 0.463473 0.141667 0.489222 0.115000 0.510778
0 0.355833 0.280838 0.338333 0.300000 0.314167 0.334132 0.319167 0.342515 0.343333 0.351497 0.354167 0.366467 0.365833 0.370659 0.375000 0.369461 0.381667 0.372455 0.391667 0.370659 0.398333 0.373054 0.406667 0.368263 0.414167 0.370060 0.422500 0.377844 0.442500 0.383234 0.461667 0.397006 0.474167 0.400000 0.478333 0.408982 0.495833 0.414970 0.510000 0.414970 0.524167 0.409581 0.542500 0.390419 0.538333 0.380240 0.524167 0.371856 0.509167 0.367066 0.456667 0.337126 0.425833 0.324551 0.420000 0.320359 0.425000 0.302994 0.415833 0.295808 0.400000 0.299401 0.392500 0.295210 0.385833 0.288623 0.370000 0.280838
2 0.515000 0.400000 0.462500 0.398802 0.435000 0.404192 0.420833 0.404192 0.387500 0.412575 0.330833 0.432934 0.319167 0.441916 0.313333 0.456287 0.319167 0.483234 0.325833 0.491018 0.339167 0.499401 0.356667 0.505389 0.372500 0.506587 0.379167 0.511976 0.410833 0.614970 0.410833 0.637126 0.420833 0.659880 0.429167 0.664072 0.468333 0.666467 0.500000 0.661078 0.533333 0.650299 0.541667 0.639521 0.539167 0.619760 0.533333 0.610180 0.519167 0.557485 0.518333 0.530539 0.506667 0.490419 0.516667 0.482635 0.542500 0.470659 0.550000 0.461078 0.555000 0.444910 0.545000 0.416766 0.533333 0.405389
4 0.645000 0.537126 0.630833 0.539521 0.605833 0.538323 0.559167 0.546108 0.537500 0.555090 0.530000 0.565269 0.528333 0.580240 0.536667 0.598204 0.538333 0.623353 0.551667 0.651497 0.570000 0.707784 0.567500 0.717365 0.532500 0.732335 0.521667 0.745509 0.520833 0.780240 0.524167 0.789820 0.533333 0.795808 0.569167 0.800599 0.593333 0.800599 0.668333 0.792216 0.735000 0.777246 0.754167 0.768263 0.768333 0.757485 0.771667 0.744311 0.762500 0.707784 0.746667 0.702994 0.714167 0.700599 0.695000 0.686826 0.693333 0.667665 0.680833 0.635928 0.663333 0.557485 0.655000 0.544311
2 0.273333 0.229940 0.253333 0.254491 0.241667 0.291617 0.243333 0.308982 0.259167 0.317365 0.300000 0.329940 0.391667 0.350898 0.418333 0.354491 0.442500 0.365868 0.443333 0.386228 0.453333 0.405389 0.487500 0.416168 0.513333 0.411976 0.536667 0.378443 0.543333 0.354491 0.556667 0.334731 0.565833 0.302395 0.580000 0.271856 0.574167 0.260479 0.537500 0.246707 0.500000 0.243713 0.489167 0.246108 0.489167 0.253293 0.481667 0.259281 0.479167 0.268263 0.475000 0.271257 0.460000 0.270060 0.444167 0.260479 0.425000 0.259880 0.376667 0.245509 0.349167 0.241317 0.326667 0.231737 0.315000 0.232335 0.295833 0.228743
3 0.296667 0.434731 0.269167 0.450299 0.250833 0.476048 0.252500 0.501198 0.284167 0.542515 0.384167 0.614371 0.427500 0.638323 0.441667 0.657485 0.479167 0.682635 0.517500 0.717365 0.579167 0.758683 0.570833 0.776048 0.571667 0.792216 0.592500 0.811976 0.618333 0.819761 0.654167 0.810778 0.719167 0.769461 0.777500 0.719760 0.802500 0.691018 0.805833 0.675449 0.800833 0.667665 0.775833 0.652096 0.755833 0.649102 0.698333 0.668862 0.363333 0.446707 0.323333 0.431138
0 0.395000 0.236527 0.379167 0.234731 0.366667 0.239521 0.273333 0.317365 0.263333 0.320958 0.230000 0.319162 0.216667 0.323353 0.205000 0.332934 0.198333 0.356287 0.181667 0.367066 0.165000 0.382036 0.164167 0.394012 0.179167 0.410180 0.226667 0.440120 0.246667 0.444910 0.259167 0.442515 0.278333 0.431737 0.287500 0.420958 0.305000 0.407186 0.325000 0.402395 0.338333 0.392814 0.342500 0.373653 0.333333 0.359281 0.336667 0.349701 0.391667 0.304192 0.425000 0.271856 0.426667 0.264072 0.424167 0.259281 0.406667 0.242515
4 0.425000 0.309581 0.412500 0.303593 0.408333 0.302994 0.401667 0.303593 0.397500 0.302395 0.387500 0.304790 0.380000 0.309581 0.376667 0.314371 0.378333 0.328743 0.372500 0.332934 0.366667 0.334132 0.350833 0.342515 0.349167 0.341916 0.343333 0.344311 0.340000 0.344311 0.339167 0.345509 0.335833 0.345509 0.321667 0.351497 0.315833 0.352695 0.295833 0.362874 0.293333 0.367066 0.293333 0.371257 0.297500 0.379042 0.297500 0.382635 0.302500 0.389820 0.302500 0.392216 0.309167 0.397605 0.320000 0.398802 0.327500 0.397006 0.332500 0.394012 0.335833 0.394012 0.337500 0.392216 0.343333 0.391018 0.348333 0.388024 0.356667 0.386228 0.361667 0.383234 0.366667 0.382635 0.401667 0.368862 0.403333 0.370060 0.405000 0.369461 0.410833 0.374251 0.426667 0.379641 0.433333 0.379641 0.439167 0.377246 0.442500 0.377246 0.453333 0.371856 0.455833 0.366467 0.454167 0.359880 0.455000 0.353293 0.453333 0.352096 0.449167 0.338323 0.435833 0.319162
1 0.824167 0.434132 0.787500 0.423952 0.766667 0.433533 0.465833 0.863473 0.457500 0.867665 0.420833 0.865269 0.400000 0.881437 0.392500 0.897006 0.403333 0.912575 0.475833 0.950898 0.512500 0.960479 0.543333 0.962275 0.557500 0.959281 0.577500 0.928144 0.555000 0.913174 0.552500 0.899401 0.825000 0.500599 0.846667 0.456886 0.842500 0.443114
