3 0.108333 0.148503 0.085833 0.164072 0.078333 0.173054 0.077500 0.180838 0.084167 0.188623 0.196667 0.255689 0.247500 0.281437 0.308333 0.322755 0.313333 0.330539 0.301667 0.352695 0.313333 0.362275 0.331667 0.370060 0.355833 0.359880 0.422500 0.304790 0.433333 0.293413 0.440000 0.275449 0.417500 0.262275 0.408333 0.260479 0.400000 0.261677 0.382500 0.276048 0.364167 0.274850 0.165000 0.158084 0.134167 0.144910 0.119167 0.144910
3 0.190833 0.524551 0.148333 0.538323 0.083333 0.571856 0.055000 0.598204 0.055000 0.615569 0.075833 0.636527 0.103333 0.641916 0.131667 0.640120 0.145000 0.646108 0.228333 0.766467 0.308333 0.868263 0.335833 0.888623 0.362500 0.889222 0.403333 0.868263 0.412500 0.851497 0.407500 0.830539 0.266667 0.634731 0.235000 0.601198 0.250833 0.582635 0.274167 0.565269 0.275000 0.558084 0.265833 0.540120 0.250833 0.529341 0.227500 0.530539 0.207500 0.524551
2 0.360000 0.201796 0.350833 0.240719 0.355000 0.330539 0.366667 0.395210 0.380000 0.414970 0.394167 0.422156 0.446667 0.425748 0.480000 0.417964 0.497500 0.402395 0.505000 0.370659 0.514167 0.361677 0.523333 0.359281 0.592500 0.359281 0.633333 0.353892 0.660833 0.355689 0.786667 0.343713 0.821667 0.329940 0.825000 0.312575 0.818333 0.253293 0.803333 0.222754 0.790833 0.214371 0.692500 0.212575 0.500000 0.222156 0.488333 0.216168 0.485000 0.205389 0.463333 0.185629 0.425000 0.180240 0.398333 0.181437 0.377500 0.187425
2 0.533333 0.131737 0.471667 0.149102 0.365833 0.198802 0.310000 0.229341 0.294167 0.242515 0.284167 0.267665 0.293333 0.288024 0.330833 0.319162 0.366667 0.323353 0.411667 0.311976 0.428333 0.313174 0.441667 0.335928 0.494167 0.385030 0.497500 0.396407 0.578333 0.475449 0.604167 0.489222 0.620833 0.489820 0.705833 0.451497 0.730000 0.432934 0.738333 0.414970 0.714167 0.373054 0.690833 0.354491 0.617500 0.271856 0.579167 0.237725 0.580000 0.225749 0.595000 0.216766 0.607500 0.201198 0.608333 0.180240 0.595833 0.160479 0.560000 0.135329
0 0.312500 0.400000 0.304167 0.400000 0.291667 0.406587 0.284167 0.405389 0.280000 0.408383 0.280833 0.415569 0.277500 0.417964 0.234167 0.432934 0.230833 0.435928 0.233333 0.438323 0.233333 0.441317 0.235833 0.444910 0.239167 0.447305 0.244167 0.447305 0.289167 0.432335 0.291667 0.432335 0.297500 0.437126 0.301667 0.437725 0.303333 0.437126 0.305833 0.432335 0.313333 0.429341 0.320833 0.429940 0.325833 0.428144 0.328333 0.424551 0.325000 0.420958 0.322500 0.414371 0.320833 0.413772 0.318333 0.408982 0.316667 0.408383 0.317500 0.407186 0.315833 0.406587 0.311667 0.400599
2 0.447500 0.120359 0.436667 0.120359 0.408333 0.132934 0.385000 0.152695 0.302500 0.208383 0.263333 0.243713 0.250833 0.250898 0.237500 0.249102 0.206667 0.232934 0.192500 0.231737 0.165000 0.240719 0.144167 0.256287 0.131667 0.270659 0.135000 0.280838 0.188333 0.316766 0.221667 0.345509 0.291667 0.395210 0.313333 0.405389 0.332500 0.406587 0.350833 0.401198 0.382500 0.375449 0.385000 0.358683 0.360833 0.331138 0.363333 0.321557 0.401667 0.300000 0.444167 0.270060 0.537500 0.197605 0.539167 0.181437 0.520000 0.161677 0.490000 0.140719
0 0.452500 0.283832 0.445833 0.291018 0.437500 0.304192 0.437500 0.308982 0.440000 0.311976 0.445000 0.314371 0.445833 0.313772 0.448333 0.314970 0.454167 0.314970 0.458333 0.320359 0.461667 0.322156 0.467500 0.322156 0.475000 0.317964 0.478333 0.317365 0.520000 0.332335 0.520833 0.331737 0.522500 0.332934 0.529167 0.334132 0.535000 0.331138 0.535000 0.329341 0.539167 0.323353 0.539167 0.320958 0.535833 0.317964 0.532500 0.317365 0.515833 0.309581 0.515000 0.310180 0.510833 0.307784 0.508333 0.307784 0.504167 0.305389 0.500833 0.304790 0.494167 0.301198 0.493333 0.301796 0.491667 0.300599 0.489167 0.300599 0.485833 0.296407 0.485833 0.292216 0.484167 0.289820 0.476667 0.287425 0.472500 0.289222 0.458333 0.282635
2 0.695833 0.322755 0.660000 0.311976 0.609167 0.319162 0.576667 0.338323 0.571667 0.347305 0.575833 0.371257 0.570833 0.380240 0.555000 0.388623 0.509167 0.401198 0.492500 0.410778 0.428333 0.424551 0.377500 0.440719 0.355833 0.443114 0.327500 0.455090 0.305000 0.457485 0.278333 0.469461 0.270833 0.478443 0.277500 0.500000 0.318333 0.559281 0.350833 0.573653 0.385000 0.574850 0.464167 0.556886 0.487500 0.555090 0.548333 0.533533 0.652500 0.512575 0.671667 0.518563 0.676667 0.540120 0.707500 0.558084 0.727500 0.558683 0.781667 0.545509 0.808333 0.523952 0.809167 0.502994 0.802500 0.480838 0.746667 0.383234
3 0.780833 0.210778 0.775833 0.207186 0.772500 0.206587 0.770000 0.207784 0.768333 0.211377 0.757500 0.217964 0.757500 0.226347 0.752500 0.228743 0.750833 0.228144 0.734167 0.233533 0.709167 0.238323 0.698333 0.243114 0.694167 0.243114 0.685833 0.246707 0.682500 0.246707 0.678333 0.249102 0.674167 0.249102 0.665000 0.252695 0.634167 0.258084 0.629167 0.261078 0.626667 0.265269 0.628333 0.274850 0.630833 0.278443 0.639167 0.282635 0.654167 0.280838 0.660000 0.278443 0.670000 0.277246 0.670833 0.276048 0.671667 0.276647 0.677500 0.274251 0.679167 0.274850 0.708333 0.266467 0.721667 0.264072 0.729167 0.261078 0.740833 0.259281 0.747500 0.256287 0.759167 0.254491 0.766667 0.250898 0.770833 0.250898 0.775000 0.253892 0.774167 0.254491 0.777500 0.256886 0.777500 0.258683 0.782500 0.261677 0.789167 0.262275 0.790000 0.261078 0.794167 0.260479 0.798333 0.257485 0.799167 0.253293 0.797500 0.248503 0.799167 0.247305 0.791667 0.228144
3 0.842500 0.270060 0.836667 0.266467 0.820833 0.265269 0.778333 0.278443 0.732500 0.302994 0.683333 0.321557 0.660000 0.327545 0.624167 0.346707 0.603333 0.351497 0.580000 0.362874 0.550833 0.364671 0.522500 0.347305 0.510000 0.347305 0.495000 0.352695 0.483333 0.367665 0.481667 0.385030 0.494167 0.403593 0.497500 0.422156 0.520000 0.453892 0.539167 0.468263 0.555833 0.473054 0.576667 0.468862 0.587500 0.462874 0.592500 0.454491 0.592500 0.444311 0.588333 0.437126 0.589167 0.425150 0.675833 0.388623 0.690000 0.386228 0.700833 0.379042 0.739167 0.366467 0.756667 0.356287 0.837500 0.327545 0.854167 0.317365 0.862500 0.307186 0.861667 0.298802
4 0.628333 0.088024 0.628333 0.097006 0.634167 0.117964 0.639167 0.128743 0.643333 0.133533 0.646667 0.134731 0.659167 0.132934 0.665000 0.130539 0.666667 0.118563 0.669167 0.116766 0.678333 0.116168 0.685000 0.114371 0.689167 0.114371 0.690833 0.113174 0.700000 0.112575 0.701667 0.111377 0.721667 0.108982 0.723333 0.107784 0.731667 0.106587 0.735833 0.103593 0.735000 0.096407 0.732500 0.091617 0.730833 0.084431 0.725833 0.081437 0.714167 0.082036 0.712500 0.083234 0.682500 0.086826 0.680833 0.088024 0.676667 0.088024 0.659167 0.091617 0.653333 0.082635 0.647500 0.079042 0.638333 0.080240 0.630833 0.083234
3 0.215000 0.220359 0.105833 0.231737 0.072500 0.240719 0.054167 0.250299 0.050833 0.258084 0.062500 0.283234 0.085000 0.287425 0.103333 0.286228 0.112500 0.297605 0.111667 0.314371 0.130833 0.355090 0.153333 0.445509 0.175000 0.507186 0.190833 0.526347 0.218333 0.529940 0.238333 0.526347 0.260833 0.514371 0.268333 0.505389 0.270833 0.485030 0.240000 0.376647 0.205000 0.280240 0.212500 0.269461 0.242500 0.261677 0.247500 0.250898 0.240833 0.229341 0.230000 0.223353
3 0.547500 0.758084 0.545833 0.760479 0.545833 0.763473 0.551667 0.770060 0.559167 0.773653 0.579167 0.786826 0.582500 0.787425 0.588333 0.791617 0.592500 0.792814 0.600833 0.798802 0.601667 0.798204 0.614167 0.807186 0.622500 0.810778 0.626667 0.813772 0.626667 0.816766 0.620833 0.822156 0.621667 0.826347 0.626667 0.829341 0.633333 0.829940 0.640833 0.826946 0.644167 0.823353 0.648333 0.821557 0.669167 0.806587 0.667500 0.795808 0.665833 0.795808 0.662500 0.792814 0.657500 0.794012 0.649167 0.799401 0.646667 0.799401 0.637500 0.792814 0.635833 0.792814 0.613333 0.778443 0.586667 0.764072 0.567500 0.751497 0.565000 0.751497 0.563333 0.750299 0.557500 0.750299
0 0.837500 0.742515 0.816667 0.733533 0.802500 0.734132 0.789167 0.740719 0.775000 0.753293 0.768333 0.764072 0.758333 0.767066 0.740000 0.767066 0.729167 0.773653 0.725833 0.779641 0.725833 0.791018 0.731667 0.802994 0.728333 0.810180 0.677500 0.843713 0.635833 0.867665 0.625833 0.871257 0.606667 0.887425 0.607500 0.902395 0.631667 0.921557 0.641667 0.924551 0.662500 0.922754 0.710833 0.894012 0.720833 0.890419 0.737500 0.877844 0.752500 0.871856 0.774167 0.868263 0.792500 0.861677 0.806667 0.864072 0.827500 0.862874 0.837500 0.852695 0.845833 0.823952 0.853333 0.826946 0.865833 0.828144 0.877500 0.825749 0.891667 0.818563 0.900833 0.805389 0.896667 0.792814 0.880000 0.774850
2 0.334167 0.145509 0.323333 0.154491 0.310000 0.195808 0.311667 0.222156 0.330833 0.254491 0.346667 0.264072 0.385000 0.275449 0.391667 0.283234 0.397500 0.367066 0.394167 0.397006 0.408333 0.463473 0.425000 0.477246 0.490833 0.497006 0.560000 0.495808 0.591667 0.479042 0.605000 0.453293 0.600833 0.414970 0.605833 0.391018 0.595000 0.287425 0.600833 0.279641 0.659167 0.250299 0.671667 0.220359 0.667500 0.180240 0.635833 0.149701 0.560000 0.129940 0.504167 0.124551 0.441667 0.126347
4 0.533333 0.509581 0.530833 0.493413 0.520833 0.471856 0.497500 0.450898 0.478333 0.438922 0.456667 0.431737 0.421667 0.426946 0.389167 0.434731 0.370000 0.451497 0.330833 0.467066 0.274167 0.457485 0.245000 0.456886 0.189167 0.449102 0.160833 0.447904 0.136667 0.450898 0.116667 0.464072 0.103333 0.485030 0.098333 0.507784 0.103333 0.523353 0.125000 0.541317 0.144167 0.546707 0.249167 0.558084 0.296667 0.566467 0.367500 0.619162 0.388333 0.626946 0.420833 0.630539 0.454167 0.623353 0.508333 0.588024 0.527500 0.549102
3 0.211667 0.462874 0.205000 0.467066 0.172500 0.476048 0.161667 0.483832 0.158333 0.498204 0.163333 0.518563 0.191667 0.566467 0.221667 0.607186 0.253333 0.663473 0.271667 0.686826 0.270000 0.693413 0.252500 0.705389 0.251667 0.715569 0.261667 0.731737 0.271667 0.735329 0.289167 0.735329 0.335833 0.727545 0.380000 0.712575 0.407500 0.698204 0.415000 0.689222 0.412500 0.677844 0.397500 0.660479 0.364167 0.664671 0.351667 0.661677 0.336667 0.634731 0.289167 0.568862 0.256667 0.516168 0.244167 0.483832 0.235000 0.478443 0.232500 0.471856 0.219167 0.468263 0.215833 0.462874
2 0.500000 0.547305 0.455833 0.591018 0.440000 0.629940 0.444167 0.658683 0.473333 0.689222 0.500833 0.701796 0.535000 0.707186 0.587500 0.697605 0.594167 0.698802 0.696667 0.753293 0.753333 0.777246 0.780833 0.777844 0.795000 0.774850 0.830000 0.758084 0.840833 0.746707 0.853333 0.723952 0.845833 0.697605 0.822500 0.677844 0.689167 0.605988 0.685833 0.589820 0.675833 0.581437 0.684167 0.567665 0.673333 0.546108 0.660833 0.536527 0.634167 0.522156 0.608333 0.516168 0.578333 0.515569
3 0.680000 0.334731 0.620000 0.322156 0.598333 0.329940 0.542500 0.388623 0.526667 0.414371 0.505000 0.430539 0.485000 0.456287 0.471667 0.461078 0.476667 0.470060 0.430000 0.514371 0.413333 0.544910 0.363333 0.571856 0.364167 0.598802 0.345000 0.617365 0.323333 0.626946 0.276667 0.614371 0.254167 0.619760 0.227500 0.657485 0.236667 0.677844 0.279167 0.705389 0.320000 0.721557 0.331667 0.730539 0.370833 0.735329 0.410000 0.750299 0.444167 0.752695 0.473333 0.744910 0.486667 0.727545 0.490833 0.710180 0.470000 0.691018 0.467500 0.677245 0.492500 0.637725 0.494167 0.617964 0.576667 0.524551 0.597500 0.494012 0.619167 0.475449 0.626667 0.457485 0.686667 0.389222 0.698333 0.361078 0.691667 0.344311
