1 0.096667 0.673653 0.086667 0.771257 0.094167 0.786826 0.110000 0.792814 0.145000 0.789820 0.159167 0.769461 0.331667 0.782036 0.372500 0.780838 0.460833 0.794611 0.567500 0.803593 0.598333 0.800000 0.655833 0.810180 0.792500 0.820958 0.843333 0.815569 0.854167 0.818563 0.882500 0.812575 0.890833 0.801796 0.895833 0.767066 0.891667 0.758683 0.869167 0.749102 0.660833 0.730539 0.620000 0.731737 0.607500 0.725748 0.170000 0.689820 0.162500 0.682635 0.159167 0.653293 0.119167 0.647305 0.105833 0.655090
3 0.165000 0.181437 0.145833 0.191018 0.140833 0.198204 0.140000 0.216168 0.161667 0.279042 0.194167 0.339521 0.224167 0.411377 0.226667 0.435928 0.235833 0.450299 0.232500 0.460479 0.207500 0.474252 0.206667 0.490419 0.212500 0.504192 0.225833 0.512575 0.265833 0.515569 0.313333 0.508982 0.365000 0.497006 0.395833 0.484431 0.411667 0.472455 0.418333 0.461677 0.412500 0.438323 0.397500 0.430539 0.350000 0.431138 0.341667 0.426946 0.335833 0.404192 0.317500 0.371856 0.313333 0.355689 0.243333 0.205988 0.225833 0.188623 0.205000 0.179641
4 0.185833 0.543713 0.153333 0.575449 0.138333 0.609581 0.146667 0.634731 0.180000 0.657485 0.196667 0.660479 0.230833 0.650299 0.260000 0.646108 0.273333 0.657485 0.376667 0.722754 0.409167 0.733533 0.437500 0.731737 0.466667 0.719760 0.477500 0.708982 0.488333 0.688623 0.482500 0.673054 0.427500 0.633533 0.400833 0.618563 0.354167 0.579641 0.347500 0.564072 0.340833 0.530539 0.323333 0.514371 0.304167 0.504192 0.291667 0.501198 0.265000 0.505389 0.226667 0.518563
4 0.467500 0.050898 0.424167 0.061078 0.400000 0.071257 0.388333 0.079042 0.385833 0.088024 0.405833 0.128144 0.476667 0.220958 0.443333 0.242515 0.446667 0.255689 0.465833 0.280240 0.492500 0.282036 0.530833 0.274251 0.606667 0.245509 0.635000 0.231138 0.657500 0.210180 0.658333 0.204192 0.644167 0.180838 0.635000 0.174251 0.608333 0.176647 0.573333 0.176048 0.490000 0.062874 0.478333 0.053293
3 0.686667 0.404192 0.675000 0.404192 0.658333 0.414371 0.633333 0.461677 0.629167 0.504790 0.615833 0.552695 0.600833 0.583234 0.593333 0.629940 0.573333 0.679042 0.553333 0.697605 0.516667 0.700000 0.498333 0.706587 0.487500 0.727545 0.496667 0.743713 0.518333 0.761078 0.555833 0.768862 0.583333 0.782036 0.655833 0.795808 0.683333 0.795808 0.703333 0.789222 0.718333 0.770659 0.716667 0.754491 0.710000 0.743713 0.679167 0.731138 0.668333 0.719162 0.757500 0.448503 0.757500 0.433533 0.750000 0.420958 0.733333 0.413772
0 0.603333 0.330539 0.594167 0.328743 0.577500 0.330539 0.480833 0.375449 0.459167 0.381437 0.414167 0.402994 0.405833 0.402395 0.380000 0.389222 0.365833 0.391018 0.359167 0.405988 0.353333 0.411377 0.344167 0.414970 0.331667 0.414371 0.321667 0.416766 0.304167 0.426347 0.298333 0.432934 0.300000 0.443114 0.367500 0.508982 0.379167 0.514970 0.385833 0.514371 0.417500 0.497006 0.434167 0.496407 0.461667 0.486826 0.483333 0.459880 0.496667 0.453892 0.506667 0.452695 0.515000 0.444311 0.534167 0.437725 0.557500 0.423353 0.569167 0.420958 0.610000 0.399401 0.624167 0.383832 0.631667 0.367665 0.625833 0.355090
3 0.544167 0.284431 0.529167 0.289222 0.514167 0.298802 0.508333 0.308383 0.507500 0.318563 0.516667 0.337725 0.554167 0.390419 0.616667 0.488024 0.590000 0.514371 0.596667 0.531737 0.603333 0.536527 0.623333 0.543713 0.649167 0.544311 0.682500 0.534132 0.717500 0.516766 0.742500 0.496407 0.747500 0.486826 0.737500 0.470060 0.728333 0.464671 0.705833 0.458683 0.688333 0.459880 0.680833 0.455689 0.676667 0.444910 0.628333 0.368263 0.578333 0.297605 0.563333 0.285629
4 0.313333 0.247305 0.309167 0.247305 0.303333 0.249701 0.297500 0.258084 0.290833 0.264671 0.290833 0.266467 0.288333 0.268263 0.286667 0.271856 0.285000 0.272455 0.275833 0.283832 0.273333 0.284431 0.270833 0.283234 0.257500 0.284431 0.254167 0.286228 0.249167 0.292814 0.250000 0.297605 0.261667 0.307784 0.278333 0.316168 0.290000 0.319162 0.303333 0.319162 0.305833 0.317365 0.307500 0.317365 0.314167 0.311377 0.314167 0.305389 0.306667 0.298802 0.307500 0.295210 0.314167 0.285629 0.320833 0.280240 0.325000 0.273653 0.326667 0.273054 0.330833 0.266467 0.330833 0.264671 0.333333 0.262275 0.330833 0.256886
0 0.227500 0.785629 0.213333 0.784431 0.207500 0.786228 0.199167 0.786228 0.190000 0.792216 0.186667 0.800000 0.187500 0.803593 0.181667 0.829341 0.175833 0.841317 0.175833 0.846707 0.179167 0.851497 0.175833 0.856287 0.176667 0.859880 0.173333 0.870060 0.165000 0.877245 0.151667 0.881437 0.142500 0.891018 0.143333 0.896407 0.152500 0.904192 0.153333 0.907186 0.150833 0.912575 0.143333 0.918563 0.141667 0.922156 0.140833 0.935928 0.144167 0.940719 0.151667 0.946108 0.170833 0.950898 0.196667 0.951497 0.208333 0.953293 0.229167 0.952096 0.239167 0.948503 0.244167 0.944910 0.247500 0.938922 0.245833 0.926946 0.235833 0.917964 0.245000 0.913772 0.255833 0.905389 0.258333 0.897605 0.256667 0.893413 0.241667 0.886826 0.234167 0.882036 0.235833 0.846108 0.241667 0.827545 0.240833 0.820958 0.243333 0.813772 0.244167 0.798204 0.241667 0.791617
3 0.744167 0.567066 0.719167 0.570060 0.711667 0.589222 0.713333 0.597605 0.718333 0.602395 0.743333 0.607784 0.749167 0.622755 0.740000 0.639521 0.725833 0.689222 0.700833 0.743713 0.678333 0.820359 0.684167 0.834132 0.692500 0.839521 0.729167 0.849102 0.743333 0.848503 0.754167 0.839521 0.792500 0.740120 0.805000 0.695210 0.812500 0.685030 0.833333 0.637126 0.840833 0.631138 0.872500 0.629940 0.880833 0.619162 0.884167 0.605389 0.879167 0.599401 0.860833 0.591018 0.807500 0.580838 0.770833 0.570659
4 0.738333 0.808383 0.733333 0.810180 0.725000 0.819761 0.729167 0.824551 0.735000 0.828743 0.735000 0.833533 0.697500 0.864072 0.695000 0.868263 0.690833 0.871257 0.688333 0.876647 0.689167 0.879042 0.694167 0.883234 0.705000 0.889222 0.709167 0.890419 0.710000 0.891617 0.717500 0.892814 0.724167 0.888623 0.725000 0.886826 0.726667 0.886826 0.729167 0.883832 0.734167 0.880838 0.734167 0.879641 0.745000 0.869461 0.767500 0.850898 0.775000 0.851497 0.780000 0.853293 0.780833 0.854491 0.788333 0.855689 0.792500 0.853293 0.800833 0.844311 0.798333 0.841916 0.795833 0.836527 0.780000 0.824551 0.778333 0.824551 0.771667 0.819761 0.767500 0.818563 0.763333 0.815569 0.758333 0.814371 0.757500 0.813174 0.750000 0.810180
1 0.498333 0.236527 0.468333 0.245509 0.461667 0.252096 0.465833 0.293413 0.673333 0.767665 0.667500 0.775449 0.631667 0.792814 0.636667 0.816766 0.644167 0.826946 0.678333 0.832335 0.786667 0.813174 0.820000 0.802395 0.834167 0.781437 0.825833 0.761078 0.816667 0.753293 0.783333 0.755090 0.770000 0.744311 0.725833 0.661677 0.620833 0.404790 0.553333 0.258084 0.533333 0.238323
3 0.436667 0.659281 0.435000 0.667066 0.435833 0.667665 0.434167 0.669461 0.435000 0.673054 0.433333 0.678443 0.433333 0.689222 0.435000 0.692814 0.437500 0.694611 0.440000 0.694611 0.445833 0.691617 0.454167 0.689820 0.459167 0.683234 0.467500 0.684431 0.479167 0.683832 0.481667 0.685030 0.485833 0.684431 0.489167 0.685629 0.497500 0.685629 0.500000 0.686826 0.503333 0.686826 0.505833 0.685629 0.510000 0.685629 0.512500 0.686826 0.540000 0.686826 0.543333 0.688024 0.551667 0.688024 0.557500 0.689820 0.561667 0.689820 0.563333 0.691018 0.573333 0.688623 0.576667 0.683234 0.575833 0.682036 0.577500 0.680239 0.577500 0.675449 0.575000 0.671856 0.569167 0.669461 0.566667 0.670060 0.564167 0.668862 0.540000 0.667066 0.539167 0.667665 0.535000 0.666467 0.530000 0.667066 0.524167 0.665868 0.514167 0.666467 0.511667 0.665269 0.510000 0.665868 0.505833 0.664671 0.499167 0.665269 0.487500 0.663473 0.485000 0.664072 0.467500 0.662275 0.463333 0.663473 0.459167 0.661078 0.458333 0.653892 0.456667 0.651497 0.453333 0.649701 0.444167 0.649701
0 0.402500 0.453293 0.396667 0.451497 0.378333 0.456886 0.208333 0.555689 0.198333 0.554491 0.172500 0.540120 0.150833 0.541916 0.143333 0.561677 0.135833 0.568862 0.087500 0.592814 0.068333 0.606587 0.065833 0.610778 0.081667 0.631737 0.110000 0.657485 0.125000 0.665868 0.148333 0.693413 0.156667 0.698204 0.169167 0.699401 0.190833 0.689820 0.210833 0.676647 0.213333 0.667665 0.240000 0.652695 0.267500 0.649701 0.270000 0.637126 0.265000 0.616766 0.269167 0.609581 0.346667 0.561677 0.387500 0.541317 0.407500 0.527545 0.432500 0.516766 0.444167 0.507784 0.447500 0.501198 0.444167 0.491617 0.425833 0.470659
0 0.762500 0.547305 0.740833 0.517365 0.730000 0.512575 0.699167 0.511976 0.667500 0.519760 0.635000 0.522156 0.625000 0.520359 0.610000 0.511976 0.592500 0.510180 0.572500 0.517365 0.560833 0.528144 0.552500 0.546108 0.531667 0.554491 0.481667 0.562275 0.388333 0.570659 0.359167 0.579641 0.350000 0.586826 0.345833 0.596407 0.350833 0.628743 0.365833 0.643713 0.399167 0.646108 0.487500 0.634731 0.558333 0.632934 0.573333 0.637126 0.591667 0.653892 0.604167 0.660479 0.627500 0.660479 0.660000 0.638922 0.686667 0.641317 0.709167 0.635928 0.735000 0.635928 0.752500 0.630539 0.760833 0.619760 0.761667 0.605988 0.767500 0.595210
1 0.925000 0.418563 0.896667 0.416766 0.872500 0.430539 0.548333 0.729940 0.535833 0.732934 0.506667 0.728743 0.493333 0.734731 0.479167 0.753293 0.480833 0.765868 0.492500 0.783234 0.525000 0.805389 0.560833 0.818563 0.575833 0.819761 0.596667 0.816168 0.606667 0.807784 0.613333 0.791018 0.601667 0.773054 0.612500 0.755090 0.790000 0.593413 0.936667 0.452096 0.938333 0.437126
0 0.590833 0.580838 0.590000 0.610778 0.591667 0.611976 0.590000 0.615569 0.592500 0.622156 0.595833 0.623353 0.608333 0.623353 0.613333 0.620359 0.613333 0.615569 0.617500 0.612575 0.622500 0.612575 0.625000 0.614371 0.624167 0.616168 0.626667 0.617365 0.626667 0.618563 0.630833 0.619162 0.634167 0.620958 0.637500 0.620958 0.640833 0.619162 0.641667 0.616168 0.643333 0.615569 0.643333 0.613174 0.648333 0.609581 0.658333 0.610180 0.659167 0.608982 0.669167 0.609581 0.694167 0.607186 0.701667 0.607784 0.702500 0.606587 0.708333 0.607186 0.709167 0.605988 0.715833 0.606587 0.725000 0.605389 0.725833 0.603593 0.728333 0.602395 0.729167 0.588623 0.727500 0.588024 0.728333 0.586228 0.725000 0.583832 0.702500 0.583234 0.675000 0.585629 0.669167 0.585030 0.668333 0.586228 0.661667 0.585629 0.660833 0.586826 0.645833 0.586228 0.641667 0.582635 0.642500 0.574850 0.639167 0.574251 0.636667 0.574850 0.636667 0.576647 0.634167 0.578443 0.627500 0.579641 0.624167 0.582036 0.623333 0.585030 0.619167 0.587425 0.616667 0.587425 0.615000 0.586228 0.613333 0.581437 0.610833 0.579042 0.606667 0.577844 0.597500 0.578443
0 0.559167 0.262275 0.553333 0.265868 0.555000 0.266467 0.557500 0.265269
0 0.860833 0.387425 0.830833 0.336527 0.816667 0.325150 0.799167 0.320359 0.768333 0.326946 0.748333 0.335928 0.729167 0.332335 0.715000 0.326347 0.699167 0.348503 0.673333 0.361677 0.627500 0.364671 0.614167 0.369461 0.594167 0.371856 0.543333 0.388623 0.523333 0.391617 0.479167 0.410180 0.467500 0.428144 0.477500 0.470659 0.491667 0.478443 0.522500 0.477246 0.545833 0.469461 0.598333 0.459880 0.633333 0.450299 0.669167 0.445509 0.722500 0.431138 0.737500 0.437126 0.741667 0.449102 0.755000 0.461078 0.768333 0.454491 0.788333 0.434132 0.825000 0.438922 0.842500 0.435329 0.860000 0.426347 0.867500 0.413772
0 0.555000 0.725150 0.545833 0.743713 0.547500 0.756287 0.563333 0.768862 0.610833 0.794611 0.619167 0.802994 0.642500 0.808383 0.666667 0.820359 0.669167 0.827545 0.664167 0.840120 0.668333 0.852096 0.676667 0.861677 0.691667 0.867066 0.709167 0.867066 0.731667 0.885030 0.748333 0.892216 0.763333 0.892814 0.778333 0.888024 0.799167 0.873054 0.831667 0.835928 0.835000 0.820359 0.825833 0.805988 0.810833 0.798802 0.795833 0.795808 0.767500 0.770659 0.753333 0.768862 0.720000 0.777246 0.706667 0.773653 0.655833 0.746108 0.629167 0.734132 0.620000 0.726946 0.600000 0.719162 0.582500 0.716766 0.561667 0.724551
0 0.253333 0.782635 0.247500 0.785030 0.245000 0.787425 0.245000 0.791617 0.250000 0.797605 0.250000 0.799401 0.255000 0.804192 0.257500 0.808982 0.259167 0.809581 0.260000 0.811976 0.266667 0.819162 0.266667 0.820958 0.264167 0.822755 0.264167 0.831138 0.271667 0.835928 0.276667 0.845509 0.282500 0.848503 0.294167 0.846108 0.296667 0.844311 0.302500 0.843114 0.303333 0.841916 0.304167 0.842515 0.311667 0.837126 0.312500 0.837725 0.315833 0.833533 0.312500 0.827545 0.303333 0.820958 0.303333 0.813772 0.301667 0.811377 0.292500 0.808982 0.289167 0.810180 0.285833 0.809581 0.265833 0.784431 0.260833 0.782036
1 0.570833 0.055090 0.514167 0.055689 0.491667 0.061677 0.466667 0.077246 0.460833 0.094012 0.469167 0.121557 0.501667 0.139521 0.504167 0.172455 0.452500 0.351497 0.355833 0.748503 0.370833 0.774850 0.403333 0.791617 0.445833 0.779641 0.465833 0.747904 0.618333 0.171257 0.630833 0.161677 0.675833 0.152695 0.688333 0.141317 0.690000 0.102994 0.676667 0.088623 0.640833 0.068862
3 0.245000 0.270060 0.120000 0.296407 0.095833 0.305988 0.084167 0.316168 0.094167 0.337725 0.103333 0.345509 0.112500 0.347305 0.141667 0.341317 0.150000 0.343713 0.160833 0.353892 0.165833 0.372455 0.189167 0.412575 0.221667 0.495210 0.234167 0.513772 0.254167 0.559281 0.271667 0.584431 0.285000 0.591617 0.300833 0.593413 0.336667 0.588024 0.352500 0.582635 0.360000 0.575449 0.360000 0.564072 0.310833 0.453293 0.280000 0.397006 0.279167 0.385030 0.272500 0.375449 0.256667 0.328743 0.258333 0.319162 0.289167 0.302395 0.288333 0.292216 0.276667 0.271856
2 0.774167 0.607186 0.733333 0.609581 0.710000 0.620958 0.696667 0.634731 0.685833 0.659880 0.655000 0.777246 0.634167 0.787425 0.627500 0.798204 0.605000 0.798802 0.587500 0.810778 0.576667 0.825749 0.568333 0.855090 0.576667 0.883832 0.584167 0.895210 0.601667 0.905988 0.661667 0.934731 0.742500 0.945509 0.767500 0.944910 0.801667 0.938922 0.834167 0.925150 0.860000 0.900000 0.870833 0.872455 0.870000 0.853293 0.860833 0.834132 0.823333 0.800599 0.854167 0.671856 0.853333 0.652096 0.830833 0.625150 0.806667 0.613174
