0 0.601667 0.140120 0.600000 0.141317 0.594167 0.142515 0.592500 0.145509 0.594167 0.153892 0.593333 0.155689 0.595000 0.159880 0.594167 0.161677 0.596667 0.170060 0.595833 0.174251 0.587500 0.178443 0.586667 0.181437 0.587500 0.183234 0.591667 0.186228 0.593333 0.186228 0.596667 0.189222 0.592500 0.194012 0.593333 0.201198 0.595833 0.203593 0.598333 0.204192 0.607500 0.204192 0.612500 0.202994 0.613333 0.203593 0.621667 0.200599 0.628333 0.199401 0.630000 0.197006 0.630000 0.190419 0.626667 0.183234 0.630833 0.179641 0.629167 0.176048 0.627500 0.174850 0.625000 0.174850 0.624167 0.173653 0.620000 0.173054 0.617500 0.170060 0.618333 0.169461 0.616667 0.165269 0.617500 0.164671 0.615833 0.159880 0.615833 0.154491 0.613333 0.144311 0.610833 0.140719
3 0.265833 0.520958 0.243333 0.525748 0.222500 0.535329 0.211667 0.548503 0.210833 0.569461 0.230833 0.613174 0.267500 0.665269 0.276667 0.685030 0.275000 0.695808 0.286667 0.708383 0.310833 0.756287 0.340833 0.800599 0.339167 0.812575 0.312500 0.831138 0.305833 0.841317 0.312500 0.868263 0.325000 0.877245 0.380000 0.884431 0.468333 0.856886 0.510833 0.826946 0.520000 0.807186 0.505833 0.785030 0.481667 0.781437 0.461667 0.770060 0.440000 0.772455 0.431667 0.766467 0.410833 0.721557 0.375000 0.664072 0.369167 0.646108 0.332500 0.592216 0.328333 0.568862 0.312500 0.544910 0.285833 0.524551
3 0.603333 0.156287 0.595833 0.167665 0.599167 0.171856 0.612500 0.176647 0.619167 0.177844 0.621667 0.179641 0.625833 0.180240 0.626667 0.181437 0.629167 0.181437 0.633333 0.183832 0.651667 0.190419 0.654167 0.192216 0.660000 0.194012 0.660833 0.195210 0.665000 0.195808 0.691667 0.205988 0.694167 0.205988 0.697500 0.208383 0.694167 0.216766 0.695000 0.219162 0.706667 0.223952 0.708333 0.223952 0.715833 0.217365 0.716667 0.214371 0.721667 0.208982 0.726667 0.201198 0.725833 0.200599 0.727500 0.197006 0.731667 0.191617 0.730833 0.191018 0.732500 0.189222 0.732500 0.183832 0.730000 0.181437 0.723333 0.179042 0.719167 0.179042 0.711667 0.186228 0.708333 0.186228 0.655833 0.168263 0.651667 0.168263 0.615000 0.155090 0.614167 0.155689 0.611667 0.154491 0.607500 0.154491
3 0.428333 0.225150 0.359167 0.233533 0.251667 0.256287 0.204167 0.278443 0.217500 0.322755 0.228333 0.326347 0.283333 0.323952 0.296667 0.334731 0.315000 0.410180 0.390000 0.638323 0.403333 0.657485 0.417500 0.666467 0.445833 0.668263 0.508333 0.658683 0.517500 0.651497 0.522500 0.623952 0.449167 0.404790 0.423333 0.310180 0.430000 0.298802 0.447500 0.295808 0.481667 0.277246 0.482500 0.261078 0.475833 0.240120 0.465000 0.228743
1 0.097500 0.150898 0.060000 0.207784 0.065000 0.221557 0.105833 0.237725 0.138333 0.222754 0.741667 0.488024 0.776667 0.498204 0.808333 0.497006 0.846667 0.474252 0.855000 0.458084 0.842500 0.440719 0.805000 0.419162 0.204167 0.151497 0.215833 0.111976 0.180000 0.092814 0.166667 0.093413 0.140833 0.108383
0 0.412500 0.287425 0.370000 0.264671 0.357500 0.261078 0.336667 0.261078 0.310833 0.270060 0.275000 0.302395 0.263333 0.304192 0.244167 0.300000 0.228333 0.305389 0.215000 0.316168 0.209167 0.332934 0.211667 0.347305 0.205833 0.362874 0.083333 0.428743 0.060833 0.447305 0.056667 0.454491 0.059167 0.470060 0.073333 0.488623 0.098333 0.500000 0.125000 0.498204 0.270000 0.423353 0.280833 0.423353 0.295000 0.429940 0.321667 0.434132 0.340000 0.432335 0.354167 0.419162 0.359167 0.395210 0.370833 0.377246 0.379167 0.374251 0.401667 0.375449 0.413333 0.370060 0.426667 0.368862 0.441667 0.355090 0.445000 0.337126 0.440000 0.318563
3 0.603333 0.248503 0.530833 0.230539 0.500833 0.231138 0.492500 0.237725 0.484167 0.256886 0.499167 0.276048 0.506667 0.280838 0.505833 0.286826 0.392500 0.450299 0.386667 0.474850 0.398333 0.485030 0.430000 0.492814 0.445000 0.491617 0.455833 0.486826 0.487500 0.448503 0.502500 0.420958 0.569167 0.331138 0.580000 0.310180 0.589167 0.305988 0.625000 0.307784 0.640833 0.295808 0.645833 0.284431 0.628333 0.261677
1 0.239167 0.434132 0.247500 0.455689 0.280833 0.468862 0.835000 0.576048 0.844167 0.583234 0.850000 0.605389 0.860833 0.613174 0.896667 0.616168 0.914167 0.609581 0.934167 0.593413 0.951667 0.558084 0.954167 0.530539 0.948333 0.516168 0.935833 0.504790 0.919167 0.500599 0.891667 0.503593 0.871667 0.519162 0.840000 0.518563 0.707500 0.490419 0.282500 0.412575 0.256667 0.419162
4 0.130000 0.423952 0.102500 0.465868 0.090833 0.500000 0.091667 0.525748 0.103333 0.538922 0.133333 0.551497 0.155833 0.552695 0.188333 0.560479 0.203333 0.568263 0.338333 0.588024 0.363333 0.595210 0.375833 0.603593 0.377500 0.640719 0.390833 0.657485 0.447500 0.680239 0.465833 0.683832 0.480000 0.680838 0.523333 0.638922 0.559167 0.566467 0.577500 0.501796 0.575000 0.476647 0.566667 0.458683 0.544167 0.446108 0.480000 0.431737 0.436667 0.470659 0.424167 0.468862 0.410000 0.476048 0.174167 0.421557 0.142500 0.420359
0 0.284167 0.559880 0.256667 0.579042 0.245833 0.589820 0.226667 0.604192 0.222500 0.608982 0.221667 0.618563 0.239167 0.631138 0.244167 0.642515 0.252500 0.647305 0.257500 0.654491 0.266667 0.656287 0.289167 0.650898 0.303333 0.657485 0.304167 0.661677 0.319167 0.676048 0.329167 0.680838 0.333333 0.686826 0.355000 0.702395 0.371667 0.723353 0.396667 0.729940 0.410000 0.728144 0.437500 0.710180 0.438333 0.702994 0.435833 0.698204 0.337500 0.619162 0.336667 0.613174 0.347500 0.594611 0.346667 0.590419 0.340833 0.588024 0.327500 0.588024 0.320000 0.582036 0.315833 0.571856 0.305833 0.564072 0.294167 0.558683
0 0.650000 0.417365 0.650833 0.420359 0.653333 0.422754 0.654167 0.421557 0.652500 0.417964
4 0.209167 0.202994 0.160000 0.211377 0.133333 0.221557 0.116667 0.231737 0.109167 0.240719 0.108333 0.256287 0.131667 0.320958 0.156667 0.373653 0.160833 0.392216 0.176667 0.420958 0.165000 0.431138 0.120833 0.451497 0.117500 0.458084 0.134167 0.499401 0.148333 0.510778 0.161667 0.515569 0.215833 0.520359 0.264167 0.514371 0.330833 0.495808 0.356667 0.480240 0.380833 0.473054 0.409167 0.457485 0.416667 0.450898 0.420000 0.433533 0.414167 0.416766 0.396667 0.396407 0.364167 0.387425 0.320000 0.383234 0.315833 0.362874 0.247500 0.213772 0.224167 0.204790
2 0.743333 0.330539 0.695000 0.329341 0.660000 0.332934 0.659167 0.334132 0.655833 0.334132 0.651667 0.337725 0.649167 0.337725 0.643333 0.344910 0.642500 0.350299 0.645833 0.360479 0.653333 0.365868 0.660000 0.367066 0.664167 0.366467 0.670000 0.371257 0.671667 0.381437 0.670833 0.385030 0.672500 0.389222 0.671667 0.392814 0.673333 0.397006 0.672500 0.408982 0.675000 0.416168 0.674167 0.423952 0.678333 0.437725 0.679167 0.437126 0.685833 0.439521 0.689167 0.438922 0.694167 0.440719 0.715000 0.438922 0.720000 0.437126 0.727500 0.436527 0.731667 0.434132 0.734167 0.430539 0.735000 0.401198 0.733333 0.397006 0.734167 0.389222 0.732500 0.385030 0.731667 0.368862 0.736667 0.364671 0.747500 0.362874 0.755000 0.354491 0.753333 0.339521 0.751667 0.338922 0.750000 0.335329
1 0.423333 0.081437 0.296667 0.137725 0.277500 0.155090 0.307500 0.192814 0.357500 0.183234 0.375833 0.191617 0.555833 0.414970 0.575833 0.452096 0.788333 0.724551 0.826667 0.754491 0.849167 0.756287 0.874167 0.749701 0.910000 0.726946 0.899167 0.689820 0.480833 0.152695 0.480000 0.132934 0.505000 0.101796 0.499167 0.077246 0.487500 0.070659 0.460000 0.070060
