3 0.042500 0.042515 0.035000 0.073054 0.045000 0.085030 0.153333 0.120359 0.179167 0.126347 0.228333 0.143713 0.290000 0.161078 0.296667 0.165868 0.293333 0.191617 0.305833 0.200000 0.321667 0.204192 0.332500 0.204192 0.348333 0.197006 0.378333 0.152096 0.387500 0.116766 0.385833 0.104790 0.381667 0.099401 0.359167 0.093413 0.325000 0.098802 0.309167 0.091617 0.300833 0.093413 0.285000 0.090419 0.269167 0.083832 0.260833 0.085629 0.244167 0.076647 0.235833 0.079042 0.196667 0.065269 0.175000 0.061677 0.145833 0.047904 0.125833 0.045509 0.110833 0.039521 0.068333 0.035928 0.049167 0.038922
0 0.262500 0.719760 0.250000 0.723952 0.231667 0.733533 0.235833 0.756886 0.258333 0.782036 0.257500 0.790419 0.262500 0.789820 0.267500 0.791617 0.271667 0.801796 0.270833 0.808982 0.279167 0.811377 0.292500 0.820958 0.294167 0.825749 0.282500 0.839521 0.287500 0.849102 0.304167 0.853293 0.317500 0.861078 0.319167 0.874850 0.334167 0.889222 0.342500 0.889820 0.380833 0.874251 0.393333 0.865868 0.409167 0.859880 0.416667 0.854491 0.416667 0.844311 0.404167 0.834132 0.391667 0.826946 0.385833 0.816766 0.389167 0.806587 0.387500 0.801796 0.380833 0.797605 0.353333 0.799401 0.348333 0.797006 0.322500 0.772455 0.321667 0.768862 0.313333 0.762275 0.309167 0.755689 0.297500 0.747305 0.290833 0.734731 0.273333 0.720958
0 0.820833 0.325749 0.816667 0.321557 0.815000 0.322156 0.805833 0.320359 0.798333 0.322156 0.792500 0.319162 0.786667 0.319162 0.773333 0.326347 0.761667 0.325150 0.757500 0.325749 0.745000 0.323952 0.743333 0.324551 0.740000 0.323353 0.729167 0.323952 0.725833 0.322755 0.721667 0.323353 0.718333 0.325749 0.718333 0.329341 0.715000 0.333533 0.715000 0.337126 0.719167 0.340120 0.723333 0.341317 0.725833 0.340719 0.731667 0.341916 0.740833 0.341916 0.745000 0.343114 0.746667 0.342515 0.750000 0.343713 0.752500 0.343114 0.755833 0.344311 0.760833 0.343713 0.761667 0.344910 0.763333 0.344311 0.766667 0.345509 0.768333 0.344910 0.775000 0.350299 0.781667 0.353892 0.787500 0.354491 0.795833 0.351497 0.802500 0.355090 0.809167 0.356287 0.817500 0.352695 0.816667 0.352096 0.819167 0.350898 0.818333 0.350299 0.820833 0.346707
4 0.135833 0.235928 0.117500 0.277246 0.113333 0.316168 0.100000 0.364671 0.100833 0.401198 0.108333 0.419760 0.115833 0.425150 0.178333 0.429341 0.189167 0.413174 0.194167 0.389222 0.205000 0.383234 0.221667 0.380240 0.465833 0.400000 0.485000 0.395808 0.505000 0.330539 0.505000 0.315569 0.495000 0.308982 0.479167 0.303593 0.429167 0.296407 0.374167 0.297006 0.272500 0.285629 0.240833 0.286826 0.223333 0.281437 0.219167 0.276647 0.227500 0.262275 0.215833 0.238922 0.207500 0.231138 0.149167 0.226946
4 0.069167 0.159281 0.072500 0.186826 0.087500 0.220958 0.113333 0.238922 0.137500 0.247305 0.155000 0.249701 0.193333 0.242515 0.222500 0.202994 0.229167 0.198802 0.259167 0.197006 0.284167 0.191617 0.330000 0.186826 0.365000 0.180240 0.385000 0.173653 0.393333 0.167665 0.395833 0.159880 0.397500 0.130539 0.385833 0.112575 0.375000 0.107186 0.359167 0.104790 0.280833 0.113772 0.263333 0.117964 0.216667 0.120359 0.205833 0.113772 0.181667 0.109581 0.170000 0.104192 0.150000 0.099401 0.129167 0.098802 0.100000 0.105988 0.088333 0.114371 0.080000 0.123952 0.072500 0.140719
1 0.228333 0.108383 0.202500 0.127545 0.213333 0.159281 0.569167 0.525748 0.629167 0.579641 0.629167 0.591617 0.602500 0.620958 0.608333 0.634132 0.624167 0.644910 0.638333 0.646108 0.685833 0.631737 0.780833 0.577246 0.792500 0.564671 0.785833 0.549701 0.765833 0.533533 0.723333 0.544910 0.708333 0.540719 0.535000 0.366467 0.315833 0.132934 0.287500 0.110180 0.263333 0.100000
0 0.328333 0.082036 0.294167 0.113772 0.290833 0.127545 0.300833 0.142515 0.493333 0.244311 0.497500 0.252695 0.488333 0.279641 0.499167 0.291617 0.515833 0.289222 0.536667 0.291617 0.546667 0.297605 0.557500 0.313772 0.580000 0.323952 0.597500 0.326347 0.609167 0.320359 0.635000 0.295808 0.641667 0.283832 0.683333 0.237725 0.691667 0.221557 0.687500 0.213174 0.650000 0.199401 0.641667 0.192814 0.635833 0.180838 0.610833 0.167066 0.560833 0.159281 0.528333 0.141317 0.514167 0.138922 0.476667 0.119162 0.460833 0.115569 0.450000 0.105988 0.437500 0.102994 0.402500 0.085629 0.360833 0.077246 0.343333 0.077246
1 0.616667 0.577246 0.593333 0.565868 0.563333 0.574850 0.102500 0.847305 0.067500 0.827545 0.040000 0.839521 0.035000 0.847305 0.039167 0.861677 0.088333 0.908383 0.134167 0.935928 0.146667 0.936527 0.164167 0.928743 0.172500 0.916168 0.155833 0.889820 0.484167 0.701198 0.613333 0.622156 0.630833 0.605988 0.633333 0.596407
0 0.660000 0.782036 0.661667 0.797605 0.663333 0.800000 0.665833 0.801198 0.683333 0.801198 0.687500 0.803593 0.696667 0.804192 0.701667 0.802395 0.705833 0.797605 0.710000 0.795808 0.734167 0.795808 0.745000 0.794611 0.743333 0.780838 0.740833 0.780240 0.706667 0.780838 0.700000 0.774850 0.690000 0.773653 0.680000 0.776647 0.665833 0.776647 0.660833 0.779641 0.661667 0.780240
1 0.922500 0.380838 0.910000 0.338922 0.899167 0.321557 0.882500 0.307186 0.865833 0.307186 0.837500 0.313772 0.827500 0.338922 0.820000 0.343713 0.742500 0.355090 0.662500 0.359281 0.205833 0.404790 0.177500 0.413174 0.172500 0.429940 0.182500 0.461078 0.201667 0.464671 0.787500 0.410180 0.843333 0.410180 0.865000 0.437126 0.879167 0.438323 0.905000 0.434731 0.919167 0.424551 0.925000 0.405988
3 0.567500 0.570060 0.554167 0.583234 0.529167 0.596407 0.523333 0.602994 0.531667 0.626347 0.571667 0.661677 0.695000 0.747904 0.747500 0.791018 0.782500 0.812575 0.784167 0.820958 0.797500 0.825749 0.799167 0.828743 0.780833 0.861677 0.786667 0.871257 0.802500 0.882036 0.820833 0.888024 0.848333 0.879042 0.870833 0.866467 0.960000 0.801198 0.974167 0.777844 0.969167 0.767665 0.950833 0.752695 0.936667 0.746707 0.924167 0.747904 0.904167 0.760479 0.885000 0.767066 0.864167 0.751497 0.854167 0.737126 0.814167 0.707186 0.739167 0.662275 0.636667 0.585629 0.603333 0.568862 0.576667 0.567665
4 0.845000 0.876647 0.822500 0.891617 0.816667 0.898204 0.815000 0.902395 0.815000 0.909581 0.817500 0.913772 0.816667 0.914371 0.820000 0.917964 0.829167 0.924551 0.834167 0.926347 0.838333 0.925749 0.845000 0.922754 0.847500 0.923353 0.849167 0.922156 0.855833 0.920958 0.868333 0.931737 0.870833 0.932335 0.885833 0.943713 0.905833 0.956287 0.916667 0.956886 0.918333 0.955689 0.919167 0.956287 0.920833 0.955090 0.923333 0.955090 0.929167 0.952096 0.940833 0.943114 0.941667 0.938922 0.937500 0.932934 0.922500 0.922754 0.909167 0.911976 0.908333 0.912575 0.905000 0.910180 0.903333 0.907784 0.894167 0.901198 0.889167 0.899401 0.895833 0.890419 0.894167 0.886228 0.895000 0.885629 0.887500 0.875449 0.886667 0.876048 0.880833 0.870659 0.875000 0.868263 0.870833 0.868263 0.862500 0.871257 0.859167 0.871257 0.855833 0.873054 0.855000 0.872455
2 0.484167 0.418563 0.471667 0.424551 0.461667 0.447904 0.458333 0.532934 0.451667 0.577246 0.454167 0.620359 0.445000 0.626946 0.410833 0.632934 0.395000 0.646108 0.388333 0.666467 0.395000 0.698802 0.412500 0.710778 0.468333 0.720359 0.568333 0.724551 0.601667 0.722156 0.640833 0.724551 0.673333 0.720359 0.696667 0.702395 0.702500 0.680838 0.697500 0.651497 0.683333 0.640120 0.632500 0.628144 0.625833 0.622156 0.630833 0.591617 0.625833 0.583234 0.632500 0.531138 0.628333 0.477246 0.630833 0.440120 0.618333 0.420359 0.600833 0.414970 0.568333 0.417365 0.524167 0.413772
2 0.536667 0.067665 0.500000 0.070060 0.470000 0.086826 0.445000 0.122156 0.412500 0.155090 0.362500 0.227545 0.352500 0.232335 0.315833 0.231138 0.284167 0.235329 0.252500 0.255689 0.228333 0.294012 0.228333 0.309581 0.237500 0.331737 0.297500 0.379042 0.325000 0.394611 0.377500 0.415569 0.480000 0.438323 0.499167 0.432335 0.535000 0.405389 0.557500 0.370659 0.557500 0.346108 0.527500 0.311976 0.527500 0.305389 0.543333 0.280838 0.568333 0.255689 0.581667 0.232335 0.605000 0.208982 0.639167 0.149701 0.635833 0.132934 0.606667 0.101198 0.585833 0.086826
3 0.312500 0.411377 0.267500 0.416168 0.225000 0.425150 0.195000 0.440719 0.184167 0.453293 0.186667 0.470060 0.193333 0.481437 0.230000 0.494012 0.240833 0.501198 0.254167 0.550299 0.267500 0.647305 0.284167 0.719760 0.290833 0.734731 0.304167 0.747305 0.325833 0.749701 0.356667 0.743713 0.373333 0.718563 0.371667 0.667665 0.341667 0.484431 0.384167 0.462874 0.385833 0.441317 0.380000 0.428743 0.355833 0.416766 0.335833 0.411976
1 0.107500 0.268862 0.105833 0.360479 0.113333 0.370060 0.129167 0.373054 0.159167 0.371856 0.173333 0.343713 0.189167 0.338323 0.365000 0.344910 0.543333 0.358683 0.885833 0.371257 0.915833 0.367665 0.928333 0.356287 0.933333 0.340120 0.926667 0.314371 0.890833 0.301198 0.202500 0.271257 0.182500 0.264671 0.167500 0.235928 0.145000 0.228144 0.121667 0.232335
3 0.581667 0.289820 0.545833 0.300599 0.450000 0.343713 0.409167 0.370659 0.403333 0.384431 0.430000 0.410180 0.462500 0.408982 0.492500 0.420359 0.496667 0.432335 0.510833 0.444910 0.524167 0.465868 0.535833 0.471856 0.538333 0.482635 0.555000 0.504192 0.590833 0.540719 0.655000 0.620958 0.697500 0.649701 0.728333 0.659281 0.791667 0.634731 0.795833 0.616168 0.780833 0.591018 0.593333 0.367665 0.588333 0.353892 0.625000 0.328144 0.628333 0.317365 0.609167 0.294012 0.595833 0.289222
3 0.250833 0.646707 0.250833 0.656886 0.248333 0.663473 0.249167 0.688024 0.257500 0.702395 0.265833 0.704192 0.276667 0.704192 0.280000 0.702994 0.285833 0.687425 0.289167 0.685030 0.335000 0.684431 0.345833 0.682635 0.425000 0.682036 0.430000 0.680239 0.433333 0.680838 0.439167 0.678443 0.444167 0.674251 0.445833 0.668862 0.444167 0.659281 0.440000 0.655090 0.430000 0.651497 0.414167 0.652096 0.409167 0.650898 0.406667 0.652096 0.385833 0.652096 0.380833 0.653293 0.358333 0.652695 0.340833 0.654491 0.308333 0.653892 0.307500 0.655090 0.291667 0.655090 0.285000 0.653892 0.281667 0.650898 0.282500 0.649102 0.280833 0.648503 0.277500 0.639521 0.268333 0.638323 0.255833 0.639521
4 0.264167 0.170659 0.219167 0.185629 0.141667 0.228144 0.111667 0.249102 0.090000 0.277844 0.090000 0.283832 0.113333 0.309581 0.125000 0.315569 0.195833 0.304790 0.262500 0.368263 0.271667 0.372455 0.275000 0.380240 0.285833 0.386228 0.306667 0.409581 0.340833 0.433533 0.349167 0.434132 0.377500 0.425748 0.405833 0.412575 0.430000 0.396407 0.436667 0.383832 0.429167 0.367665 0.400833 0.335329 0.295833 0.240120 0.327500 0.209581 0.320000 0.195808 0.292500 0.170659
2 0.450000 0.376048 0.419167 0.370659 0.392500 0.376048 0.348333 0.400000 0.231667 0.476647 0.221667 0.480838 0.181667 0.470659 0.154167 0.472455 0.121667 0.485030 0.093333 0.511377 0.093333 0.526347 0.088333 0.535329 0.092500 0.563473 0.121667 0.594611 0.152500 0.617365 0.235000 0.660479 0.260833 0.665269 0.280833 0.663473 0.328333 0.644311 0.349167 0.626347 0.357500 0.607784 0.359167 0.583832 0.355000 0.563473 0.438333 0.508982 0.510000 0.456287 0.512500 0.440120 0.508333 0.424551 0.489167 0.400599
2 0.460833 0.226347 0.449167 0.230539 0.439167 0.238323 0.430833 0.250299 0.425833 0.276048 0.431667 0.285629 0.469167 0.303593 0.472500 0.311976 0.461667 0.332934 0.455833 0.358084 0.440833 0.383832 0.427500 0.432934 0.418333 0.453293 0.420000 0.462874 0.437500 0.476048 0.462500 0.477844 0.500833 0.488623 0.527500 0.489222 0.540833 0.484431 0.560000 0.456287 0.560833 0.447305 0.580000 0.402994 0.600000 0.365269 0.607500 0.332934 0.617500 0.329940 0.641667 0.331737 0.657500 0.323353 0.670000 0.307784 0.676667 0.287425 0.672500 0.278443 0.661667 0.269461 0.601667 0.249701 0.524167 0.234132 0.513333 0.234132 0.490833 0.227545
1 0.914167 0.631138 0.902500 0.610778 0.859167 0.607186 0.375000 0.683832 0.360833 0.683234 0.285000 0.698802 0.270833 0.694012 0.249167 0.670659 0.233333 0.670060 0.216667 0.675449 0.211667 0.681437 0.210000 0.707784 0.223333 0.753293 0.238333 0.782635 0.248333 0.793413 0.266667 0.794012 0.290000 0.787425 0.291667 0.761078 0.300833 0.754491 0.485000 0.727545 0.545000 0.714970 0.584167 0.712575 0.862500 0.670659 0.891667 0.663473 0.913333 0.652096
0 0.765833 0.137126 0.765000 0.137725 0.762500 0.136527 0.757500 0.136527 0.751667 0.138323 0.747500 0.141317 0.745000 0.145509 0.740833 0.149102 0.741667 0.149701 0.740000 0.150299 0.737500 0.155689 0.734167 0.158084 0.732500 0.162275 0.728333 0.165269 0.729167 0.165868 0.726667 0.168263 0.727500 0.168862 0.725833 0.169461 0.718333 0.180240 0.715000 0.182036 0.701667 0.182635 0.692500 0.188024 0.693333 0.188623 0.691667 0.194012 0.693333 0.195808 0.692500 0.200000 0.685833 0.204192 0.680833 0.214970 0.682500 0.216766 0.682500 0.219162 0.686667 0.221557 0.686667 0.222754 0.689167 0.222754 0.697500 0.227545 0.698333 0.226946 0.700833 0.228743 0.713333 0.232335 0.717500 0.232335 0.720000 0.234132 0.730833 0.234132 0.732500 0.233533 0.732500 0.232335 0.735833 0.231737 0.735000 0.231138 0.739167 0.228144 0.740833 0.225150 0.740000 0.219162 0.741667 0.216766 0.753333 0.213174 0.755833 0.211377 0.757500 0.208383 0.757500 0.202395 0.753333 0.197605 0.750833 0.196407 0.748333 0.192216 0.750833 0.190419 0.750833 0.188623 0.755000 0.185629 0.755833 0.183234 0.757500 0.182635 0.756667 0.182036 0.759167 0.179641 0.758333 0.179042 0.760833 0.176647 0.760000 0.176048 0.761667 0.175449 0.768333 0.165269 0.770000 0.164671 0.771667 0.160479 0.774167 0.158683 0.774167 0.156886 0.775833 0.156287 0.780000 0.149102 0.776667 0.141916 0.775833 0.142515
