2 0.433333 0.385030 0.373333 0.472455 0.381667 0.497605 0.403333 0.513174 0.476667 0.539521 0.508333 0.557485 0.598333 0.587425 0.622500 0.603593 0.657500 0.616766 0.675833 0.635928 0.654167 0.671856 0.655833 0.686228 0.665833 0.694611 0.721667 0.717964 0.758333 0.717964 0.772500 0.712575 0.805833 0.682635 0.862500 0.596407 0.890000 0.543713 0.900000 0.510180 0.887500 0.482635 0.843333 0.460479 0.806667 0.455090 0.787500 0.458683 0.765000 0.478443 0.750833 0.479641 0.697500 0.462874 0.667500 0.461078 0.618333 0.440719 0.551667 0.420958 0.530833 0.408383 0.477500 0.388024 0.450000 0.382036
2 0.607500 0.398802 0.593333 0.400000 0.584167 0.397605 0.566667 0.399401 0.545000 0.411377 0.531667 0.437126 0.523333 0.484431 0.512500 0.523952 0.504167 0.529341 0.488333 0.532934 0.470833 0.540719 0.457500 0.558084 0.454167 0.581437 0.460000 0.594012 0.475833 0.608982 0.511667 0.625150 0.550833 0.628743 0.625833 0.626347 0.644167 0.620359 0.654167 0.614371 0.669167 0.593413 0.671667 0.574850 0.665833 0.556886 0.649167 0.540120 0.639167 0.534132 0.635000 0.527545 0.645000 0.495808 0.655833 0.423353 0.636667 0.406587
3 0.590000 0.312575 0.557500 0.297006 0.534167 0.298802 0.465000 0.338323 0.456667 0.340120 0.420833 0.367066 0.388333 0.382635 0.375000 0.394611 0.354167 0.402994 0.345000 0.409581 0.336667 0.409581 0.333333 0.419760 0.318333 0.429940 0.296667 0.436527 0.271667 0.425150 0.254167 0.425150 0.233333 0.436527 0.229167 0.443114 0.228333 0.458084 0.240000 0.477844 0.265833 0.500000 0.280000 0.504790 0.309167 0.523353 0.328333 0.529341 0.346667 0.529341 0.356667 0.525748 0.371667 0.510778 0.365000 0.489820 0.367500 0.476048 0.412500 0.453293 0.476667 0.406587 0.499167 0.393413 0.518333 0.386826 0.536667 0.372455 0.559167 0.361677 0.594167 0.338323 0.599167 0.323952
3 0.304167 0.576048 0.299167 0.579042 0.295833 0.583234 0.296667 0.589222 0.305833 0.597006 0.308333 0.597605 0.334167 0.616766 0.336667 0.617365 0.352500 0.628743 0.353333 0.630539 0.355833 0.631138 0.360833 0.634731 0.363333 0.637725 0.363333 0.640719 0.361667 0.641317 0.357500 0.647305 0.365000 0.653892 0.368333 0.654491 0.373333 0.653293 0.397500 0.638922 0.399167 0.636527 0.401667 0.635329 0.406667 0.628144 0.406667 0.624551 0.400000 0.618563 0.395833 0.618563 0.383333 0.623353 0.360833 0.608383 0.321667 0.579641 0.316667 0.577844 0.314167 0.575449
3 0.360833 0.312575 0.324167 0.350898 0.295000 0.375449 0.275833 0.400000 0.271667 0.417964 0.298333 0.431138 0.314167 0.433533 0.321667 0.431138 0.340000 0.413772 0.361667 0.413772 0.613333 0.538323 0.648333 0.550898 0.665000 0.550299 0.677500 0.546108 0.710000 0.516766 0.712500 0.508383 0.705000 0.498204 0.626667 0.456886 0.497500 0.397605 0.486667 0.388623 0.474167 0.384431 0.421667 0.353892 0.414167 0.344910 0.425000 0.319162 0.411667 0.308383 0.386667 0.299401
3 0.290000 0.562275 0.280000 0.603593 0.286667 0.610778 0.306667 0.619760 0.621667 0.655090 0.678333 0.656886 0.684167 0.662275 0.684167 0.687425 0.691667 0.696407 0.737500 0.702395 0.749167 0.696407 0.759167 0.682036 0.771667 0.640120 0.777500 0.571257 0.773333 0.556886 0.765000 0.547904 0.715833 0.544311 0.708333 0.550299 0.702500 0.572455 0.691667 0.583832 0.590000 0.569461 0.487500 0.561078 0.323333 0.543114 0.296667 0.551497
4 0.371667 0.417964 0.320000 0.417964 0.270000 0.425748 0.256667 0.434132 0.252500 0.446108 0.256667 0.462275 0.255833 0.507186 0.268333 0.546707 0.270000 0.598204 0.256667 0.607186 0.230833 0.612575 0.215000 0.621557 0.205833 0.639521 0.207500 0.661677 0.214167 0.674251 0.249167 0.683234 0.299167 0.685030 0.341667 0.682635 0.425833 0.671856 0.451667 0.662275 0.467500 0.652695 0.473333 0.641317 0.465833 0.602994 0.443333 0.597605 0.415833 0.597006 0.405833 0.592814 0.407500 0.582036 0.401667 0.574251 0.403333 0.552096 0.395000 0.519162 0.388333 0.438323 0.380000 0.422156
4 0.745833 0.394611 0.717500 0.381437 0.699167 0.380838 0.650833 0.398802 0.643333 0.407186 0.665000 0.453293 0.664167 0.460479 0.642500 0.459281 0.623333 0.468263 0.600000 0.473054 0.565833 0.491617 0.460000 0.531737 0.443333 0.544311 0.440833 0.553293 0.450833 0.563473 0.459167 0.583832 0.494167 0.618563 0.510000 0.625150 0.535000 0.625150 0.566667 0.607186 0.615000 0.591617 0.641667 0.576647 0.716667 0.544910 0.735000 0.545509 0.755000 0.559281 0.784167 0.571257 0.812500 0.567066 0.853333 0.548503 0.849167 0.516766 0.821667 0.471257 0.778333 0.420958
0 0.320833 0.672455 0.322500 0.677245 0.321667 0.677844 0.323333 0.680239 0.322500 0.682635 0.325000 0.686228 0.324167 0.687425 0.326667 0.692216 0.330000 0.694012 0.335000 0.694012 0.342500 0.691018 0.345833 0.691018 0.350833 0.692814 0.355000 0.691018 0.357500 0.684431 0.367500 0.682036 0.368333 0.682635 0.388333 0.679042 0.394167 0.677245 0.395833 0.677844 0.402500 0.674850 0.399167 0.665868 0.395833 0.664072 0.356667 0.670060 0.351667 0.669461 0.344167 0.664072 0.341667 0.664671 0.335833 0.668862 0.332500 0.668263 0.321667 0.670060
3 0.509167 0.329940 0.494167 0.322755 0.471667 0.318563 0.438333 0.338922 0.432500 0.351497 0.454167 0.372455 0.460833 0.391617 0.390833 0.434731 0.175000 0.580838 0.165833 0.594012 0.162500 0.609581 0.180833 0.632335 0.185833 0.646108 0.210000 0.650299 0.233333 0.643114 0.255833 0.631138 0.371667 0.550299 0.479167 0.482635 0.540000 0.455689 0.551667 0.456287 0.570833 0.468862 0.585833 0.470659 0.617500 0.448503 0.613333 0.425150 0.601667 0.407784 0.555833 0.364072
3 0.102500 0.479042 0.092500 0.508383 0.097500 0.520359 0.116667 0.530539 0.142500 0.531737 0.155833 0.525748 0.168333 0.514371 0.180000 0.513174 0.209167 0.526347 0.233333 0.532335 0.268333 0.546108 0.279167 0.553892 0.300833 0.559281 0.450000 0.616766 0.477500 0.619760 0.485000 0.616168 0.513333 0.583234 0.513333 0.573653 0.507500 0.566467 0.461667 0.546707 0.429167 0.541317 0.385833 0.522754 0.367500 0.517964 0.340000 0.504192 0.310000 0.493413 0.290833 0.489820 0.245833 0.472455 0.228333 0.455090 0.229167 0.426347 0.210000 0.413174 0.185833 0.413174 0.162500 0.420958 0.147500 0.437725 0.126667 0.452096
