3 0.077500 0.738922 0.071667 0.752695 0.074167 0.759281 0.082500 0.761078 0.093333 0.757485 0.098333 0.756886 0.101667 0.758084 0.103333 0.763473 0.110833 0.772455 0.115833 0.782635 0.154167 0.834731 0.153333 0.835928 0.160833 0.845509 0.160000 0.846707 0.164167 0.853293 0.170000 0.857485 0.177500 0.859880 0.190833 0.855090 0.195833 0.855090 0.203333 0.849102 0.202500 0.838323 0.195000 0.829341 0.194167 0.825150 0.186667 0.816168 0.185833 0.812575 0.181667 0.808982 0.179167 0.802994 0.173333 0.798204 0.174167 0.797006 0.167500 0.790419 0.162500 0.780240 0.157500 0.776048 0.145833 0.755689 0.139167 0.748503 0.140833 0.744910 0.150833 0.740719 0.155833 0.736527 0.155833 0.732934 0.151667 0.726946 0.145000 0.723952 0.133333 0.724551 0.092500 0.735928 0.087500 0.735928 0.080000 0.739521
3 0.377500 0.462275 0.386667 0.488024 0.429167 0.495210 0.449167 0.491018 0.460000 0.464072 0.475833 0.450299 0.581667 0.466467 0.870000 0.501796 0.904167 0.492814 0.918333 0.468862 0.932500 0.455689 0.922500 0.439521 0.869167 0.423353 0.712500 0.405988 0.574167 0.385629 0.540833 0.373653 0.501667 0.365269 0.494167 0.357485 0.496667 0.337126 0.490833 0.329341 0.445833 0.323952 0.435000 0.328743 0.412500 0.351497 0.390000 0.403593
1 0.428333 0.105389 0.390833 0.119162 0.386667 0.137725 0.639167 0.609581 0.608333 0.632335 0.610000 0.655090 0.621667 0.670659 0.645000 0.676048 0.737500 0.662874 0.775833 0.648503 0.805000 0.625150 0.801667 0.611377 0.785833 0.590419 0.753333 0.592216 0.737500 0.583832 0.500000 0.152096 0.469167 0.109581 0.450000 0.101796
1 0.395833 0.211976 0.338333 0.209581 0.313333 0.240120 0.113333 0.840120 0.103333 0.846707 0.049167 0.844311 0.041667 0.848503 0.031667 0.884431 0.070000 0.904790 0.235833 0.929341 0.266667 0.923952 0.281667 0.906587 0.282500 0.885629 0.246667 0.870659 0.245000 0.853892 0.292500 0.734132 0.293333 0.709581 0.432500 0.292216 0.428333 0.230539 0.415833 0.218563
3 0.506667 0.258683 0.491667 0.255090 0.480833 0.255689 0.445833 0.271257 0.423333 0.286228 0.404167 0.303593 0.388333 0.312575 0.384167 0.320359 0.375000 0.325150 0.368333 0.333533 0.346667 0.349701 0.330833 0.357485 0.310000 0.377246 0.289167 0.386826 0.274167 0.398802 0.235833 0.397006 0.224167 0.400000 0.210833 0.411377 0.205000 0.420958 0.206667 0.436527 0.216667 0.453293 0.233333 0.458683 0.245000 0.470659 0.274167 0.487425 0.321667 0.497605 0.340000 0.496407 0.360833 0.480838 0.362500 0.472455 0.360000 0.455090 0.347500 0.442515 0.357500 0.438323 0.365833 0.428144 0.378333 0.422754 0.391667 0.405988 0.405833 0.398204 0.412500 0.389222 0.445833 0.365868 0.485000 0.329940 0.516667 0.309581 0.528333 0.288623 0.529167 0.276647
4 0.120833 0.577844 0.099167 0.597006 0.085000 0.621557 0.083333 0.632934 0.091667 0.643713 0.101667 0.650898 0.117500 0.655689 0.144167 0.669461 0.188333 0.680838 0.228333 0.698204 0.236667 0.706587 0.228333 0.723353 0.233333 0.737725 0.245000 0.747305 0.267500 0.755689 0.278333 0.756886 0.285833 0.753892 0.302500 0.742515 0.326667 0.717964 0.357500 0.674251 0.365833 0.652695 0.366667 0.641916 0.362500 0.631737 0.354167 0.625150 0.344167 0.623353 0.326667 0.614371 0.320000 0.613772 0.302500 0.622755 0.289167 0.636527 0.281667 0.638323 0.276667 0.633533 0.265000 0.630539 0.248333 0.619760 0.211667 0.607784 0.180000 0.592814 0.145000 0.579641 0.130000 0.576647
3 0.545000 0.131737 0.515833 0.125150 0.501667 0.126946 0.475000 0.140120 0.403333 0.202395 0.256667 0.356287 0.225833 0.375449 0.209167 0.394611 0.192500 0.398802 0.155000 0.391018 0.132500 0.401796 0.115833 0.417365 0.114167 0.434132 0.140000 0.465868 0.172500 0.488623 0.242500 0.525150 0.285833 0.538922 0.320833 0.541317 0.337500 0.538323 0.365833 0.515569 0.365833 0.498204 0.327500 0.463473 0.326667 0.455090 0.347500 0.440719 0.568333 0.212575 0.580833 0.185030 0.578333 0.160479
0 0.309167 0.235329 0.303333 0.226347 0.299167 0.223952 0.290833 0.223952 0.284167 0.228144 0.277500 0.226347 0.270833 0.226946 0.267500 0.229940 0.265000 0.237126 0.259167 0.238323 0.258333 0.237725 0.246667 0.241317 0.245833 0.240719 0.241667 0.242515 0.237500 0.242515 0.233333 0.244311 0.226667 0.245509 0.223333 0.247305 0.221667 0.251497 0.225000 0.257485 0.230000 0.259880 0.235833 0.259880 0.260833 0.253892 0.265000 0.253892 0.269167 0.252096 0.274167 0.252096 0.280833 0.256287 0.288333 0.256287 0.294167 0.251497 0.300833 0.251497 0.310000 0.247904 0.311667 0.246108 0.311667 0.243114
3 0.911667 0.630539 0.902500 0.621557 0.877500 0.616168 0.835000 0.617964 0.427500 0.670659 0.417500 0.664671 0.405833 0.634731 0.394167 0.623952 0.378333 0.622755 0.339167 0.629940 0.329167 0.640719 0.327500 0.674251 0.349167 0.769461 0.365000 0.802395 0.380833 0.817964 0.392500 0.820958 0.443333 0.807784 0.442500 0.773653 0.450000 0.764671 0.468333 0.759880 0.794167 0.723353 0.903333 0.700599 0.928333 0.682635
1 0.810833 0.199401 0.795000 0.183234 0.772500 0.182635 0.230000 0.284431 0.220000 0.279042 0.209167 0.258084 0.200000 0.256886 0.176667 0.261078 0.169167 0.266467 0.169167 0.295210 0.196667 0.360479 0.215833 0.373054 0.235833 0.371257 0.248333 0.365269 0.246667 0.338323 0.250833 0.335329 0.630833 0.268263 0.785000 0.237126 0.807500 0.228743 0.815000 0.220958
1 0.937500 0.576647 0.920000 0.562874 0.901667 0.561078 0.848333 0.577844 0.320000 0.846108 0.303333 0.849102 0.270000 0.832335 0.244167 0.840120 0.223333 0.858683 0.240833 0.879641 0.243333 0.895210 0.297500 0.942515 0.316667 0.949102 0.327500 0.958683 0.350833 0.958683 0.375833 0.944311 0.363333 0.914371 0.367500 0.904790 0.876667 0.647904 0.944167 0.603593 0.947500 0.594012
0 0.149167 0.529940 0.149167 0.531737 0.145000 0.536527 0.145000 0.540120 0.147500 0.543114 0.190000 0.556886 0.192500 0.558683 0.192500 0.565868 0.195833 0.568862 0.200833 0.568862 0.204167 0.567665 0.208333 0.568263 0.214167 0.573054 0.220833 0.575449 0.228333 0.574251 0.235833 0.565868 0.237500 0.559281 0.240833 0.557485 0.241667 0.547305 0.237500 0.543114 0.230833 0.542515 0.225833 0.543713 0.220833 0.540120 0.220000 0.537725 0.216667 0.535329 0.210000 0.536527 0.207500 0.537725 0.205833 0.540719 0.200833 0.541916 0.190000 0.537126 0.189167 0.537725 0.184167 0.535329 0.183333 0.535928 0.167500 0.530539 0.162500 0.529940 0.157500 0.527545 0.152500 0.528144
2 0.382500 0.265269 0.363333 0.270060 0.348333 0.284431 0.304167 0.348503 0.274167 0.385030 0.256667 0.417365 0.240833 0.419760 0.217500 0.415569 0.196667 0.422156 0.178333 0.440120 0.170000 0.461078 0.175833 0.476647 0.219167 0.501198 0.298333 0.531138 0.325833 0.537725 0.351667 0.548503 0.376667 0.553293 0.405000 0.546707 0.420833 0.532335 0.430000 0.516168 0.432500 0.504192 0.427500 0.492814 0.392500 0.468862 0.391667 0.462874 0.410833 0.440719 0.410833 0.432934 0.419167 0.425150 0.422500 0.415569 0.444167 0.391617 0.470833 0.342515 0.488333 0.318563 0.488333 0.302994 0.475833 0.292814 0.450833 0.286826 0.401667 0.267665
2 0.695833 0.378443 0.633333 0.382635 0.515000 0.408383 0.452500 0.425748 0.427500 0.438323 0.415000 0.455090 0.415833 0.477246 0.439167 0.513174 0.469167 0.523353 0.515833 0.521557 0.531667 0.526946 0.535833 0.552695 0.555000 0.594012 0.565000 0.605389 0.563333 0.616168 0.608333 0.705389 0.627500 0.723353 0.645833 0.727545 0.735833 0.707784 0.765000 0.695808 0.780000 0.680239 0.771667 0.634132 0.758333 0.614970 0.718333 0.517964 0.699167 0.486826 0.704167 0.474850 0.721667 0.469461 0.740000 0.455090 0.747500 0.438323 0.742500 0.414371 0.719167 0.386826
2 0.714167 0.652695 0.701667 0.652695 0.694167 0.656287 0.660000 0.686826 0.652500 0.691617 0.647500 0.692216 0.644167 0.691018 0.631667 0.690419 0.630833 0.691617 0.630000 0.691018 0.624167 0.694012 0.621667 0.694012 0.614167 0.700000 0.611667 0.700599 0.605833 0.706587 0.605833 0.708982 0.603333 0.711976 0.603333 0.722754 0.607500 0.731138 0.619167 0.743114 0.625000 0.746707 0.624167 0.747305 0.640833 0.758084 0.641667 0.757485 0.654167 0.762874 0.671667 0.764072 0.694167 0.752695 0.699167 0.747305 0.702500 0.739521 0.702500 0.733533 0.698333 0.724551 0.701667 0.719760 0.716667 0.707186 0.715833 0.706587 0.722500 0.701198 0.721667 0.700599 0.740000 0.684431 0.739167 0.683832 0.741667 0.680838 0.741667 0.670060 0.733333 0.662275
1 0.168333 0.132934 0.103333 0.179641 0.095833 0.202994 0.100833 0.213174 0.123333 0.229940 0.137500 0.232335 0.172500 0.219162 0.194167 0.225150 0.731667 0.653892 0.748333 0.662874 0.775000 0.667066 0.810000 0.652695 0.829167 0.630539 0.820833 0.608982 0.276667 0.170659 0.273333 0.161078 0.298333 0.131138 0.294167 0.117964 0.256667 0.098802 0.216667 0.107784
