3 0.660000 0.266467 0.631667 0.258084 0.610833 0.259281 0.566667 0.279641 0.502500 0.334731 0.473333 0.365868 0.455000 0.374850 0.359167 0.455090 0.355000 0.456287 0.340833 0.451497 0.324167 0.453293 0.304167 0.467066 0.299167 0.480240 0.311667 0.500000 0.359167 0.531737 0.415000 0.559281 0.445833 0.570659 0.467500 0.570060 0.480833 0.559281 0.486667 0.542515 0.472500 0.523353 0.461667 0.515569 0.465833 0.507784 0.638333 0.347305 0.680000 0.304192 0.684167 0.292216 0.680000 0.281437
0 0.548333 0.391018 0.530000 0.387425 0.513333 0.398204 0.495000 0.404192 0.487500 0.411377 0.465000 0.419760 0.456667 0.428144 0.427500 0.434132 0.404167 0.445509 0.392500 0.447305 0.372500 0.459880 0.349167 0.462874 0.340833 0.461677 0.325000 0.466467 0.314167 0.474850 0.290833 0.482036 0.271667 0.497006 0.253333 0.506587 0.245833 0.513772 0.244167 0.520359 0.253333 0.541317 0.286667 0.576647 0.305833 0.591617 0.324167 0.600000 0.344167 0.600000 0.360833 0.592216 0.371667 0.582635 0.374167 0.562874 0.389167 0.565868 0.423333 0.565868 0.436667 0.561677 0.440833 0.555090 0.436667 0.530539 0.444167 0.522156 0.490000 0.493413 0.535000 0.473054 0.573333 0.450299 0.585833 0.422754 0.557500 0.402994
0 0.141667 0.382036 0.141667 0.420359 0.151667 0.434731 0.161667 0.440120 0.174167 0.443114 0.186667 0.443713 0.207500 0.436527 0.214167 0.431737 0.223333 0.434731 0.230833 0.440719 0.255000 0.441916 0.295000 0.428743 0.315833 0.430539 0.339167 0.429341 0.404167 0.434132 0.437500 0.433533 0.451667 0.425748 0.458333 0.410180 0.456667 0.392814 0.447500 0.385030 0.405833 0.378443 0.390000 0.379042 0.300000 0.371856 0.293333 0.365868 0.287500 0.354491 0.271667 0.343713 0.255000 0.344311 0.221667 0.354491 0.190833 0.343713 0.174167 0.344910 0.153333 0.354491
2 0.393333 0.219162 0.382500 0.231138 0.370000 0.266467 0.355000 0.292216 0.345833 0.334132 0.331667 0.369461 0.313333 0.399401 0.318333 0.419162 0.350000 0.429940 0.400000 0.433533 0.412500 0.427545 0.434167 0.394611 0.448333 0.390419 0.525000 0.405389 0.556667 0.407784 0.591667 0.416766 0.608333 0.416766 0.619167 0.421557 0.632500 0.420958 0.692500 0.434132 0.723333 0.434132 0.730000 0.431138 0.749167 0.395808 0.760833 0.358084 0.761667 0.329341 0.756667 0.320958 0.745000 0.320958 0.711667 0.303593 0.678333 0.292814 0.645833 0.289222 0.620000 0.282036 0.592500 0.281437 0.579167 0.276048 0.501667 0.262275 0.488333 0.255689 0.490833 0.234731 0.480833 0.224551 0.469167 0.219760 0.428333 0.213174 0.408333 0.213772
1 0.256667 0.108982 0.222500 0.126946 0.210833 0.139521 0.206667 0.156287 0.212500 0.165868 0.232500 0.180240 0.264167 0.181437 0.285833 0.200599 0.362500 0.323353 0.544167 0.591018 0.568333 0.601198 0.597500 0.601198 0.615833 0.580838 0.607500 0.553892 0.352500 0.162874 0.355000 0.154491 0.375833 0.135928 0.376667 0.124551 0.355833 0.102395 0.338333 0.097006 0.304167 0.096407
0 0.440000 0.719162 0.424167 0.710180 0.403333 0.713174 0.263333 0.770659 0.247500 0.771856 0.235000 0.760479 0.220000 0.755090 0.210833 0.759880 0.211667 0.768263 0.206667 0.774850 0.168333 0.783832 0.154167 0.791018 0.150000 0.796407 0.150000 0.801796 0.157500 0.816766 0.179167 0.838323 0.185000 0.850898 0.201667 0.868862 0.217500 0.868862 0.246667 0.852695 0.261667 0.849102 0.278333 0.850898 0.284167 0.849701 0.289167 0.841916 0.286667 0.834731 0.292500 0.829341 0.305000 0.823952 0.315000 0.823353 0.322500 0.817964 0.330833 0.816168 0.334167 0.808383 0.359167 0.802994 0.362500 0.795210 0.374167 0.792814 0.390833 0.782635 0.404167 0.779042 0.435833 0.758683 0.447500 0.754491 0.455000 0.743114
2 0.268333 0.477844 0.255833 0.486228 0.249167 0.502395 0.235000 0.592814 0.235833 0.624551 0.225000 0.633533 0.187500 0.640719 0.178333 0.658683 0.179167 0.687425 0.191667 0.691018 0.254167 0.695210 0.288333 0.701198 0.362500 0.706587 0.378333 0.705389 0.387500 0.701796 0.398333 0.691617 0.403333 0.661677 0.400000 0.655090 0.390833 0.647904 0.360000 0.640120 0.351667 0.634731 0.361667 0.613174 0.373333 0.536527 0.374167 0.493413 0.365833 0.484431 0.331667 0.476647 0.281667 0.476048
3 0.127500 0.583832 0.121667 0.601198 0.127500 0.622156 0.138333 0.632934 0.160833 0.641317 0.305000 0.660479 0.355833 0.663473 0.422500 0.673054 0.465000 0.674850 0.476667 0.683832 0.475833 0.707784 0.485000 0.714970 0.520000 0.719162 0.529167 0.716168 0.540833 0.705988 0.568333 0.625150 0.569167 0.598204 0.557500 0.577246 0.516667 0.574251 0.500000 0.591018 0.496667 0.601198 0.478333 0.603593 0.455833 0.597006 0.392500 0.594611 0.259167 0.575449 0.171667 0.567665 0.140000 0.570659
3 0.878333 0.221557 0.870833 0.206587 0.855000 0.194012 0.830833 0.191018 0.798333 0.197605 0.789167 0.205988 0.780833 0.232335 0.769167 0.240719 0.719167 0.240719 0.641667 0.249102 0.627500 0.245509 0.610833 0.249701 0.548333 0.251497 0.510833 0.256886 0.445000 0.255689 0.384167 0.261078 0.365000 0.265269 0.352500 0.274850 0.350833 0.325150 0.371667 0.342515 0.391667 0.340120 0.448333 0.343713 0.479167 0.335329 0.517500 0.330539 0.557500 0.330539 0.569167 0.327545 0.610833 0.329940 0.653333 0.321557 0.705833 0.323353 0.738333 0.319760 0.775000 0.328743 0.804167 0.362874 0.830833 0.366467 0.852500 0.356886 0.875000 0.335329 0.877500 0.299401 0.885000 0.279641
2 0.788333 0.609581 0.769167 0.605988 0.752500 0.607784 0.718333 0.623353 0.710000 0.630539 0.705000 0.641317 0.705833 0.652096 0.715833 0.672455 0.714167 0.682635 0.690000 0.689222 0.636667 0.716168 0.622500 0.718563 0.568333 0.747305 0.544167 0.756886 0.525833 0.770659 0.522500 0.782635 0.526667 0.791018 0.542500 0.804790 0.561667 0.830539 0.585000 0.846108 0.598333 0.848503 0.642500 0.836527 0.667500 0.822156 0.755833 0.785030 0.789167 0.767066 0.801667 0.767665 0.809167 0.775449 0.825833 0.783234 0.850833 0.784431 0.873333 0.777246 0.896667 0.760479 0.902500 0.746108 0.885833 0.711377 0.835833 0.651497 0.820833 0.639521 0.806667 0.621557
3 0.611667 0.061677 0.556667 0.071257 0.545000 0.083832 0.539167 0.137725 0.542500 0.171856 0.535833 0.190419 0.537500 0.214371 0.529167 0.225150 0.538333 0.231138 0.530000 0.280838 0.535833 0.310180 0.514167 0.345509 0.531667 0.365269 0.528333 0.388024 0.514167 0.402395 0.474167 0.405988 0.460000 0.416766 0.463333 0.455090 0.482500 0.467665 0.530833 0.475449 0.590000 0.477844 0.623333 0.468862 0.660833 0.468263 0.689167 0.458683 0.706667 0.443713 0.705833 0.425748 0.698333 0.411377 0.670833 0.403593 0.658333 0.391018 0.656667 0.361078 0.643333 0.338922 0.649167 0.245509 0.646667 0.205988 0.651667 0.189222 0.645833 0.170060 0.650000 0.101198 0.641667 0.076048 0.625000 0.064671
3 0.310000 0.333533 0.280833 0.356287 0.279167 0.362275 0.290833 0.377246 0.490000 0.495808 0.497500 0.501796 0.498333 0.507186 0.490833 0.514970 0.485833 0.532335 0.506667 0.546707 0.517500 0.549102 0.528333 0.545509 0.566667 0.517365 0.595000 0.490419 0.611667 0.467665 0.615000 0.458084 0.610833 0.453892 0.585833 0.440719 0.576667 0.443114 0.555000 0.456886 0.542500 0.455090 0.507500 0.431138 0.360833 0.343713 0.330000 0.330539 0.317500 0.330539
3 0.843333 0.213772 0.833333 0.175449 0.824167 0.154491 0.813333 0.146707 0.796667 0.146108 0.776667 0.153892 0.766667 0.182036 0.743333 0.186228 0.683333 0.189820 0.667500 0.193413 0.641667 0.194012 0.473333 0.211377 0.452500 0.218563 0.446667 0.226946 0.445833 0.244311 0.456667 0.261677 0.469167 0.269461 0.510833 0.276048 0.603333 0.270060 0.635833 0.264671 0.661667 0.267066 0.685833 0.264072 0.770833 0.262275 0.780000 0.259880 0.788333 0.270060 0.799167 0.276048 0.823333 0.276647 0.836667 0.271257 0.843333 0.261677
3 0.525000 0.659281 0.513333 0.662874 0.510000 0.665868 0.524167 0.680239 0.534167 0.681437 0.538333 0.685030 0.537500 0.691018 0.540000 0.695808 0.540000 0.703593 0.542500 0.707186 0.543333 0.723952 0.546667 0.726347 0.546667 0.734731 0.549167 0.737725 0.549167 0.743114 0.551667 0.746108 0.550833 0.749701 0.554167 0.758084 0.554167 0.780838 0.562500 0.789222 0.581667 0.789820 0.590833 0.785030 0.593333 0.780240 0.593333 0.773653 0.590833 0.768862 0.590833 0.759281 0.588333 0.754491 0.589167 0.748503 0.583333 0.728144 0.584167 0.723353 0.580000 0.708982 0.580833 0.701796 0.577500 0.696407 0.577500 0.686826 0.574167 0.677844 0.580000 0.674850 0.587500 0.674251 0.594167 0.670060 0.594167 0.661677 0.590833 0.658084 0.585833 0.656886 0.579167 0.657485 0.575833 0.655090 0.545833 0.656287 0.541667 0.658084 0.536667 0.657485 0.532500 0.659281
3 0.770833 0.194012 0.761667 0.188024 0.744167 0.185030 0.686667 0.197605 0.654167 0.214970 0.600000 0.229341 0.584167 0.236527 0.553333 0.240120 0.522500 0.253892 0.476667 0.264671 0.448333 0.274850 0.414167 0.274850 0.396667 0.258084 0.382500 0.250898 0.353333 0.256287 0.340833 0.267066 0.336667 0.288623 0.345833 0.308982 0.353333 0.346108 0.365833 0.372455 0.377500 0.386228 0.394167 0.398802 0.416667 0.400000 0.446667 0.385629 0.450833 0.378443 0.447500 0.353293 0.459167 0.343713 0.491667 0.337725 0.526667 0.322755 0.628333 0.295808 0.666667 0.280838 0.752500 0.259880 0.780000 0.247305 0.788333 0.234731
0 0.357500 0.434731 0.355000 0.445509 0.358333 0.475449 0.354167 0.489222 0.355833 0.510778 0.369167 0.517365 0.413333 0.514970 0.424167 0.516766 0.439167 0.525150 0.445833 0.525748 0.454167 0.520958 0.456667 0.514371 0.462500 0.510778 0.480000 0.510180 0.492500 0.513772 0.501667 0.511976 0.510833 0.513174 0.519167 0.507784 0.545833 0.512575 0.553333 0.506587 0.565833 0.508982 0.588333 0.505988 0.607500 0.507784 0.632500 0.502994 0.662500 0.502395 0.674167 0.497006 0.677500 0.492814 0.680000 0.479641 0.678333 0.461677 0.671667 0.452695 0.654167 0.448503 0.482500 0.446707 0.468333 0.441916 0.465833 0.426946 0.456667 0.416766 0.444167 0.417365 0.438333 0.425150 0.430833 0.428743 0.420000 0.428743 0.390000 0.422754 0.369167 0.423952 0.362500 0.426946
4 0.219167 0.161677 0.170833 0.173653 0.150833 0.183234 0.133333 0.195808 0.117500 0.222754 0.116667 0.249701 0.123333 0.265269 0.143333 0.280240 0.172500 0.286228 0.199167 0.300599 0.210833 0.338323 0.221667 0.356287 0.231667 0.385030 0.249167 0.410180 0.257500 0.416168 0.267500 0.419162 0.301667 0.419162 0.325833 0.413772 0.339167 0.407784 0.353333 0.386826 0.351667 0.374251 0.326667 0.314371 0.317500 0.283234 0.346667 0.226946 0.346667 0.204192 0.336667 0.186228 0.319167 0.175449 0.260000 0.158683
0 0.595000 0.746108 0.581667 0.734132 0.530833 0.733533 0.510000 0.738323 0.496667 0.746707 0.479167 0.749701 0.418333 0.773054 0.405000 0.763473 0.389167 0.774850 0.384167 0.784431 0.368333 0.776647 0.355000 0.763473 0.341667 0.758084 0.330000 0.760479 0.321667 0.769461 0.308333 0.771856 0.305833 0.780240 0.296667 0.788623 0.270833 0.786826 0.234167 0.797006 0.227500 0.805389 0.228333 0.811377 0.241667 0.831737 0.248333 0.852695 0.264167 0.873653 0.268333 0.890419 0.293333 0.904790 0.358333 0.874251 0.365833 0.875449 0.381667 0.884431 0.396667 0.886826 0.406667 0.879641 0.409167 0.871856 0.406667 0.861078 0.409167 0.844910 0.521667 0.812575 0.540000 0.802994 0.550833 0.802395 0.596667 0.788623 0.607500 0.778443 0.607500 0.770659
1 0.782500 0.104790 0.763333 0.110180 0.317500 0.413174 0.279167 0.432934 0.242500 0.420958 0.227500 0.423952 0.204167 0.446108 0.219167 0.476048 0.286667 0.522156 0.326667 0.534132 0.344167 0.529341 0.364167 0.512575 0.352500 0.479042 0.411667 0.432934 0.470833 0.396407 0.811667 0.159880 0.825833 0.144311 0.825000 0.134731
