0 0.435000 0.764671 0.438333 0.777844 0.438333 0.804192 0.442500 0.814371 0.440833 0.827545 0.454167 0.841317 0.510000 0.829341 0.523333 0.840120 0.535000 0.843713 0.541667 0.841317 0.546667 0.835928 0.549167 0.823952 0.555000 0.816168 0.647500 0.809581 0.660833 0.805389 0.698333 0.805389 0.715000 0.798802 0.718333 0.792814 0.716667 0.773054 0.710833 0.762874 0.675000 0.754491 0.655000 0.755090 0.646667 0.758683 0.630833 0.758683 0.587500 0.765868 0.580833 0.764671 0.575833 0.756886 0.561667 0.762275 0.555000 0.768862 0.544167 0.759880 0.539167 0.749102 0.531667 0.743713 0.522500 0.743713 0.514167 0.749102 0.503333 0.748503 0.498333 0.755090 0.490833 0.758683 0.474167 0.753892 0.443333 0.755090 0.435833 0.761078
0 0.860833 0.294611 0.815000 0.289820 0.775000 0.301198 0.757500 0.304192 0.749167 0.302395 0.745833 0.307784 0.737500 0.311377 0.719167 0.310778 0.703333 0.305389 0.697500 0.313772 0.665833 0.326946 0.657500 0.325749 0.650000 0.314970 0.635833 0.305389 0.623333 0.307784 0.605833 0.321557 0.597500 0.323353 0.583333 0.333533 0.558333 0.330539 0.530000 0.337126 0.522500 0.343114 0.524167 0.355090 0.533333 0.368862 0.537500 0.389820 0.550000 0.405988 0.554167 0.419162 0.544167 0.428144 0.551667 0.426946 0.562500 0.434731 0.578333 0.437126 0.600000 0.431737 0.618333 0.420359 0.632500 0.417964 0.650000 0.417964 0.665000 0.424551 0.678333 0.423353 0.685833 0.418563 0.690000 0.389820 0.699167 0.385030 0.760000 0.371856 0.810833 0.355090 0.836667 0.353892 0.865000 0.344311 0.873333 0.337126 0.875000 0.323952
3 0.808333 0.771856 0.782500 0.732934 0.755833 0.704192 0.726667 0.685030 0.702500 0.682635 0.667500 0.695210 0.655833 0.716168 0.654167 0.739521 0.644167 0.747904 0.455000 0.796407 0.290000 0.846108 0.257500 0.865269 0.259167 0.892814 0.281667 0.917964 0.305000 0.926946 0.333333 0.926347 0.656667 0.839521 0.699167 0.822755 0.725833 0.837725 0.745833 0.856287 0.775000 0.856886 0.804167 0.843713 0.805000 0.826347 0.815833 0.813174 0.818333 0.801198
1 0.717500 0.075449 0.680000 0.068263 0.648333 0.083832 0.187500 0.676647 0.170000 0.683234 0.118333 0.674850 0.099167 0.684431 0.083333 0.710180 0.099167 0.737126 0.170833 0.776647 0.244167 0.804192 0.292500 0.808383 0.319167 0.798204 0.335000 0.770060 0.299167 0.739521 0.305000 0.715569 0.750833 0.136527 0.756667 0.101796
3 0.383333 0.206587 0.323333 0.222156 0.239167 0.255689 0.230833 0.262874 0.228333 0.272455 0.241667 0.292814 0.252500 0.295808 0.281667 0.289820 0.298333 0.289820 0.305833 0.310180 0.318333 0.324551 0.360000 0.397605 0.415833 0.482036 0.435833 0.504790 0.447500 0.510180 0.460000 0.510778 0.477500 0.507784 0.506667 0.495808 0.513333 0.489222 0.514167 0.472455 0.475833 0.398204 0.449167 0.362275 0.409167 0.294012 0.390833 0.271257 0.388333 0.256886 0.410000 0.244311 0.418333 0.235928 0.404167 0.210180 0.398333 0.207186
1 0.580000 0.519162 0.565833 0.509581 0.550000 0.513174 0.544167 0.517365 0.550000 0.531138 0.548333 0.534132 0.260000 0.655689 0.255833 0.659281 0.254167 0.667066 0.263333 0.679042 0.275833 0.682635 0.285833 0.682036 0.472500 0.602395 0.525833 0.582036 0.565833 0.562874 0.576667 0.564671 0.586667 0.573054 0.598333 0.572455 0.608333 0.565868 0.607500 0.558084
3 0.434167 0.459880 0.393333 0.493413 0.340000 0.551497 0.328333 0.576647 0.334167 0.595210 0.372500 0.611976 0.415000 0.587425 0.431667 0.586826 0.641667 0.700000 0.674167 0.713174 0.770000 0.764072 0.804167 0.768862 0.837500 0.762275 0.854167 0.744910 0.861667 0.722156 0.853333 0.704790 0.837500 0.691018 0.774167 0.651497 0.586667 0.556287 0.531667 0.520359 0.504167 0.509581 0.505833 0.489222 0.517500 0.474850 0.513333 0.462275 0.482500 0.445509 0.469167 0.443713
3 0.530000 0.331138 0.516667 0.322156 0.514167 0.322755 0.509167 0.321557 0.505000 0.325150 0.504167 0.332934 0.500833 0.337126 0.484167 0.335329 0.481667 0.336527 0.478333 0.335329 0.452500 0.334731 0.416667 0.335329 0.396667 0.334132 0.390000 0.334731 0.387500 0.333533 0.383333 0.334132 0.373333 0.332934 0.364167 0.335329 0.361667 0.337126 0.360000 0.340120 0.360000 0.354491 0.363333 0.356886 0.368333 0.357485 0.373333 0.359880 0.388333 0.359281 0.390833 0.360479 0.418333 0.360479 0.421667 0.361677 0.424167 0.360479 0.435000 0.361078 0.437500 0.359880 0.443333 0.361078 0.470833 0.361078 0.474167 0.362275 0.485833 0.362275 0.488333 0.361078 0.490833 0.362275 0.495000 0.361677 0.499167 0.364671 0.500000 0.374850 0.505000 0.377246 0.511667 0.377246 0.516667 0.376048 0.520000 0.373653 0.523333 0.368263 0.523333 0.361078 0.525833 0.357485 0.525000 0.353892 0.527500 0.346707 0.526667 0.342515 0.529167 0.339521 0.528333 0.337126 0.530000 0.335329 0.528333 0.332934
4 0.170000 0.384431 0.163333 0.399401 0.162500 0.436527 0.181667 0.510180 0.199167 0.541317 0.215833 0.558084 0.225833 0.561677 0.254167 0.561677 0.286667 0.555689 0.291667 0.535928 0.290000 0.515569 0.296667 0.508982 0.312500 0.510180 0.321667 0.506587 0.360833 0.504790 0.400000 0.497006 0.423333 0.497605 0.512500 0.488024 0.531667 0.480240 0.532500 0.451497 0.520000 0.411377 0.509167 0.397605 0.498333 0.394012 0.420000 0.401198 0.401667 0.400000 0.365000 0.408982 0.317500 0.414371 0.304167 0.413174 0.290833 0.417964 0.279167 0.414970 0.265833 0.404790 0.242500 0.378443 0.225833 0.373054 0.182500 0.377246
4 0.456667 0.558683 0.440833 0.575449 0.432500 0.597006 0.430000 0.647904 0.412500 0.720359 0.413333 0.740120 0.405833 0.751497 0.400000 0.753892 0.379167 0.748503 0.339167 0.761078 0.333333 0.779042 0.333333 0.802994 0.346667 0.811377 0.423333 0.827545 0.452500 0.827545 0.503333 0.836527 0.563333 0.837725 0.588333 0.832934 0.596667 0.825749 0.602500 0.785629 0.580833 0.777246 0.550000 0.773653 0.540833 0.764671 0.537500 0.752096 0.568333 0.586228 0.564167 0.575449 0.544167 0.568862 0.520000 0.568263 0.490833 0.560479
4 0.820833 0.655689 0.800833 0.654491 0.718333 0.659281 0.680000 0.666467 0.651667 0.679042 0.645833 0.686228 0.648333 0.714371 0.654167 0.720958 0.668333 0.721557 0.678333 0.724551 0.690000 0.723952 0.697500 0.727545 0.695833 0.734132 0.702500 0.746108 0.700833 0.761078 0.709167 0.781437 0.716667 0.846707 0.722500 0.858084 0.729167 0.861078 0.773333 0.861078 0.815000 0.852695 0.819167 0.848503 0.822500 0.835928 0.818333 0.826347 0.815833 0.788024 0.807500 0.770060 0.807500 0.753892 0.803333 0.741317 0.805833 0.733533 0.801667 0.725748 0.806667 0.718563 0.816667 0.712575 0.844167 0.702395 0.851667 0.691617 0.849167 0.666467 0.846667 0.662275
3 0.170833 0.529341 0.171667 0.566467 0.182500 0.579042 0.201667 0.588623 0.239167 0.597006 0.363333 0.608982 0.530000 0.634132 0.605000 0.638922 0.625000 0.685629 0.641667 0.692814 0.663333 0.697006 0.682500 0.694611 0.724167 0.668263 0.730833 0.653892 0.742500 0.597605 0.740000 0.556886 0.728333 0.527545 0.710833 0.516766 0.666667 0.515569 0.633333 0.533533 0.620833 0.549701 0.606667 0.552096 0.396667 0.522754 0.230833 0.504790 0.187500 0.509581
3 0.416667 0.753293 0.397500 0.776647 0.383333 0.807784 0.385000 0.832934 0.393333 0.841916 0.419167 0.847305 0.445833 0.832934 0.458333 0.831138 0.674167 0.903593 0.706667 0.907186 0.713333 0.904192 0.715000 0.895210 0.725833 0.888024 0.730000 0.875449 0.723333 0.864671 0.711667 0.856886 0.652500 0.832934 0.488333 0.777246 0.483333 0.774252 0.484167 0.765269 0.477500 0.747904 0.457500 0.735928 0.434167 0.741317
