0 0.540000 0.532934 0.515000 0.525748 0.497500 0.528144 0.486667 0.532934 0.455833 0.558084 0.376667 0.613772 0.325833 0.608982 0.318333 0.610180 0.305833 0.618563 0.304167 0.646707 0.294167 0.661078 0.288333 0.662874 0.273333 0.661078 0.260833 0.664671 0.245833 0.675449 0.236667 0.687425 0.236667 0.701796 0.244167 0.720359 0.255833 0.732934 0.277500 0.748503 0.317500 0.765269 0.345000 0.766467 0.362500 0.761078 0.375000 0.752695 0.395000 0.723952 0.407500 0.718563 0.426667 0.720359 0.440000 0.713772 0.450833 0.701198 0.450833 0.687425 0.443333 0.669461 0.451667 0.657485 0.510833 0.610778 0.532500 0.597605 0.559167 0.571856 0.563333 0.562275 0.561667 0.555689
3 0.837500 0.663473 0.826667 0.655090 0.798333 0.651497 0.555833 0.684431 0.450833 0.695210 0.439167 0.691018 0.436667 0.680838 0.418333 0.661078 0.407500 0.659281 0.376667 0.662874 0.364167 0.667665 0.359167 0.679042 0.359167 0.696407 0.375000 0.762275 0.387500 0.793413 0.408333 0.817365 0.441667 0.815569 0.456667 0.811976 0.460833 0.806587 0.460833 0.776048 0.472500 0.767665 0.559167 0.759880 0.820000 0.724551 0.832500 0.719162 0.842500 0.709581 0.843333 0.686228
0 0.781667 0.595210 0.770000 0.586228 0.762500 0.585629 0.732500 0.598204 0.716667 0.597605 0.695000 0.602395 0.687500 0.605988 0.670000 0.624551 0.655833 0.629341 0.649167 0.629341 0.639167 0.635928 0.620000 0.640719 0.600833 0.650299 0.588333 0.652096 0.549167 0.667665 0.536667 0.677844 0.525833 0.692814 0.527500 0.701198 0.544167 0.727545 0.555833 0.730539 0.565833 0.729940 0.657500 0.698802 0.677500 0.695210 0.720000 0.680239 0.726667 0.680838 0.747500 0.694611 0.760000 0.694611 0.774167 0.677844 0.784167 0.675449 0.804167 0.675449 0.819167 0.668862 0.825833 0.663473 0.825833 0.654491 0.803333 0.626946 0.796667 0.614970 0.788333 0.607186
0 0.443333 0.595808 0.433333 0.595808 0.421667 0.602994 0.374167 0.668862 0.360000 0.685030 0.350833 0.688024 0.330000 0.685030 0.320833 0.688623 0.316667 0.698802 0.325000 0.710778 0.302500 0.722156 0.292500 0.732934 0.290000 0.746108 0.296667 0.752695 0.308333 0.759880 0.318333 0.761677 0.328333 0.768862 0.353333 0.777844 0.375000 0.782036 0.387500 0.780838 0.395000 0.777844 0.405000 0.763473 0.401667 0.747305 0.415000 0.740719 0.430833 0.738323 0.437500 0.729341 0.435833 0.724551 0.416667 0.709581 0.417500 0.705389 0.451667 0.655689 0.465833 0.639521 0.479167 0.617964 0.478333 0.612575 0.470000 0.605389
1 0.655833 0.343713 0.626667 0.335928 0.586667 0.359880 0.210000 0.794611 0.196667 0.803593 0.139167 0.805988 0.125000 0.816168 0.128333 0.835329 0.162500 0.858084 0.271667 0.900000 0.290000 0.901198 0.305000 0.891617 0.315000 0.868263 0.285000 0.845509 0.291667 0.829940 0.328333 0.794012 0.400000 0.704790 0.448333 0.665269 0.559167 0.525748 0.680833 0.389820 0.686667 0.366467
3 0.241667 0.392216 0.225833 0.410180 0.212500 0.438323 0.212500 0.450898 0.229167 0.465868 0.385000 0.510180 0.477500 0.529940 0.582500 0.561078 0.621667 0.567066 0.631667 0.574251 0.630000 0.587425 0.620833 0.600000 0.622500 0.612575 0.660000 0.627545 0.683333 0.627545 0.720000 0.591617 0.775000 0.484431 0.775000 0.464671 0.769167 0.461078 0.722500 0.450299 0.683333 0.487425 0.673333 0.490419 0.617500 0.471856 0.314167 0.389820 0.262500 0.383234
3 0.499167 0.486826 0.492500 0.476048 0.485833 0.471856 0.459167 0.473054 0.445833 0.478443 0.447500 0.498802 0.440000 0.508982 0.390000 0.508982 0.152500 0.525150 0.134167 0.532335 0.131667 0.554491 0.135000 0.572455 0.138333 0.576048 0.150833 0.579641 0.176667 0.581437 0.307500 0.571856 0.450000 0.565868 0.468333 0.597006 0.505000 0.595808 0.511667 0.589820 0.508333 0.525150
0 0.578333 0.303593 0.573333 0.303593 0.572500 0.304790 0.571667 0.304192 0.567500 0.307186 0.563333 0.313174 0.558333 0.314970 0.555000 0.314371 0.552500 0.316168 0.551667 0.320359 0.554167 0.323353 0.554167 0.326946 0.519167 0.354491 0.517500 0.358683 0.530000 0.366467 0.535000 0.366467 0.572500 0.339521 0.585833 0.341916 0.590000 0.338922 0.589167 0.336527 0.593333 0.331737 0.603333 0.326347 0.605000 0.323952 0.603333 0.323353 0.603333 0.320958 0.593333 0.314371 0.594167 0.313772 0.585000 0.308383 0.585833 0.307784
3 0.492500 0.505988 0.451667 0.515569 0.407500 0.533533 0.390833 0.546108 0.389167 0.556287 0.402500 0.574251 0.429167 0.579042 0.437500 0.578443 0.445833 0.583234 0.487500 0.671856 0.527500 0.747305 0.546667 0.766467 0.563333 0.767665 0.580833 0.762874 0.597500 0.753293 0.603333 0.745509 0.603333 0.732934 0.588333 0.698802 0.570000 0.669461 0.530000 0.581437 0.516667 0.561677 0.519167 0.553892 0.544167 0.538323 0.545833 0.529341 0.542500 0.519760 0.535833 0.511976 0.524167 0.511377 0.500833 0.505389
0 0.267500 0.340719 0.260833 0.356287 0.251667 0.394611 0.255000 0.409581 0.268333 0.419162 0.307500 0.423952 0.325833 0.443114 0.343333 0.432934 0.361667 0.429940 0.375833 0.431737 0.408333 0.444311 0.420833 0.445509 0.430000 0.449102 0.480000 0.454491 0.494167 0.458084 0.502500 0.457485 0.511667 0.460479 0.537500 0.459281 0.555000 0.449102 0.571667 0.419162 0.566667 0.408982 0.551667 0.401796 0.516667 0.396407 0.487500 0.388024 0.473333 0.386826 0.425833 0.374850 0.411667 0.374251 0.395833 0.369461 0.382500 0.368263 0.373333 0.361078 0.376667 0.355689 0.377500 0.340120 0.373333 0.338323 0.340833 0.343114 0.331667 0.340719 0.319167 0.329940 0.296667 0.326347 0.278333 0.329341
3 0.123333 0.240719 0.106667 0.286228 0.103333 0.317365 0.111667 0.341317 0.130833 0.359281 0.170000 0.362874 0.213333 0.328144 0.587500 0.396407 0.628333 0.394012 0.645000 0.379641 0.653333 0.343114 0.643333 0.329341 0.630000 0.320958 0.293333 0.253293 0.250833 0.248503 0.237500 0.238922 0.227500 0.200000 0.209167 0.191018 0.176667 0.188623 0.148333 0.208383
3 0.175833 0.199401 0.140000 0.223952 0.134167 0.238323 0.141667 0.255689 0.169167 0.270060 0.185000 0.271257 0.200000 0.267665 0.222500 0.270060 0.245833 0.307784 0.279167 0.348503 0.284167 0.363473 0.292500 0.370060 0.303333 0.391018 0.336667 0.430539 0.378333 0.498204 0.398333 0.516168 0.415000 0.523952 0.429167 0.523353 0.483333 0.505389 0.493333 0.488024 0.485000 0.480240 0.468333 0.446108 0.429167 0.404790 0.373333 0.315569 0.355833 0.300000 0.353333 0.288024 0.342500 0.277246 0.330000 0.253293 0.328333 0.235329 0.347500 0.219760 0.357500 0.202994 0.346667 0.185030 0.330000 0.176647 0.294167 0.170659 0.257500 0.180240 0.223333 0.183234
