0 0.560833 0.421557 0.555000 0.419760 0.554167 0.420359 0.548333 0.416766 0.547500 0.417365 0.543333 0.414970 0.537500 0.415569 0.531667 0.419162 0.532500 0.419760 0.528333 0.423353 0.527500 0.427545 0.522500 0.428743 0.517500 0.431737 0.517500 0.446707 0.515000 0.447904 0.508333 0.454491 0.508333 0.455689 0.503333 0.458683 0.498333 0.464072 0.492500 0.468263 0.488333 0.473653 0.483333 0.477246 0.483333 0.480838 0.485000 0.483234 0.489167 0.485030 0.492500 0.489222 0.496667 0.491018 0.504167 0.489820 0.536667 0.462275 0.542500 0.459880 0.545000 0.460479 0.549167 0.459880 0.550833 0.458683 0.555000 0.458683 0.561667 0.453892 0.560833 0.452695 0.562500 0.447305 0.565000 0.445509 0.569167 0.445509 0.575000 0.442515 0.577500 0.439521 0.575833 0.431737 0.566667 0.424551 0.565000 0.424551
3 0.916667 0.563473 0.896667 0.537725 0.865000 0.506587 0.835000 0.490419 0.818333 0.491617 0.789167 0.506587 0.785833 0.541916 0.779167 0.547904 0.625000 0.599401 0.497500 0.646108 0.460833 0.668263 0.460833 0.684431 0.471667 0.700599 0.487500 0.712575 0.502500 0.718563 0.521667 0.718563 0.589167 0.698204 0.634167 0.679042 0.786667 0.629341 0.829167 0.611377 0.841667 0.612575 0.874167 0.634132 0.888333 0.634731 0.902500 0.631138 0.920000 0.622755 0.927500 0.589820
0 0.659167 0.678443 0.653333 0.674850 0.633333 0.671257 0.576667 0.682036 0.492500 0.689820 0.434167 0.701198 0.411667 0.679641 0.395000 0.678443 0.389167 0.679641 0.380000 0.694611 0.351667 0.694611 0.317500 0.700599 0.308333 0.711377 0.330000 0.768862 0.344167 0.795210 0.364167 0.800000 0.404167 0.790419 0.428333 0.797006 0.441667 0.796407 0.451667 0.792814 0.458333 0.785030 0.470000 0.783234 0.476667 0.774252 0.488333 0.770060 0.490000 0.759281 0.500000 0.755689 0.520000 0.757485 0.548333 0.747305 0.584167 0.747305 0.605833 0.740120 0.621667 0.746108 0.651667 0.737725 0.662500 0.728743 0.668333 0.714371
3 0.639167 0.673054 0.633333 0.679042 0.634167 0.683234 0.636667 0.686228 0.694167 0.726946 0.699167 0.728743 0.700000 0.732335 0.696667 0.735928 0.696667 0.738323 0.695000 0.740120 0.695000 0.742515 0.698333 0.746108 0.702500 0.747904 0.705833 0.747904 0.712500 0.746108 0.718333 0.743114 0.733333 0.732335 0.735833 0.728743 0.737500 0.728144 0.740000 0.723353 0.739167 0.721557 0.740833 0.720359 0.740000 0.718563 0.734167 0.714371 0.730833 0.713772 0.725833 0.714970 0.720833 0.717964 0.715833 0.717365 0.710833 0.711976 0.705833 0.709581 0.655833 0.674251 0.645833 0.671257
3 0.138333 0.416168 0.134167 0.470060 0.140833 0.524551 0.158333 0.556287 0.182500 0.568263 0.220833 0.568862 0.238333 0.562275 0.255833 0.532934 0.283333 0.519760 0.710000 0.526946 0.765833 0.521557 0.775833 0.517365 0.785000 0.498802 0.775833 0.477844 0.777500 0.462874 0.765000 0.449701 0.746667 0.441317 0.618333 0.430539 0.275833 0.426347 0.259167 0.414970 0.242500 0.377844 0.221667 0.370060 0.177500 0.368862 0.166667 0.374251 0.145833 0.394012
2 0.764167 0.632335 0.749167 0.614970 0.724167 0.604192 0.673333 0.599401 0.652500 0.602395 0.629167 0.613174 0.610000 0.628743 0.600000 0.644910 0.588333 0.649102 0.367500 0.639521 0.327500 0.631138 0.276667 0.631737 0.265000 0.638323 0.244167 0.674251 0.241667 0.719760 0.249167 0.750898 0.267500 0.764072 0.300833 0.768862 0.361667 0.768862 0.446667 0.775449 0.499167 0.785030 0.550833 0.785030 0.578333 0.789222 0.601667 0.832934 0.617500 0.844910 0.645000 0.856287 0.669167 0.859880 0.715000 0.856886 0.736667 0.850898 0.755000 0.833533 0.778333 0.779042 0.784167 0.735928 0.781667 0.697006
1 0.751667 0.353293 0.665833 0.311377 0.649167 0.308383 0.634167 0.314970 0.625000 0.333533 0.639167 0.347904 0.558333 0.427545 0.547500 0.443713 0.500000 0.482036 0.450833 0.529940 0.442500 0.546108 0.410000 0.570659 0.349167 0.631138 0.326667 0.663473 0.321667 0.679042 0.329167 0.686826 0.365000 0.702994 0.386667 0.695808 0.481667 0.604192 0.497500 0.583234 0.508333 0.578443 0.708333 0.382635 0.719167 0.381437 0.746667 0.391018 0.764167 0.378443 0.765833 0.365269
3 0.608333 0.355090 0.540000 0.365868 0.531667 0.370659 0.525000 0.385629 0.531667 0.450898 0.550000 0.524551 0.555000 0.580240 0.576667 0.679042 0.568333 0.685629 0.534167 0.691018 0.518333 0.697605 0.515000 0.710180 0.522500 0.735329 0.534167 0.741317 0.554167 0.744311 0.696667 0.733533 0.745833 0.722156 0.764167 0.707186 0.756667 0.682036 0.749167 0.674251 0.705833 0.673054 0.695000 0.667665 0.690000 0.656886 0.655833 0.443713 0.631667 0.372455 0.615833 0.356886
1 0.453333 0.043713 0.439167 0.053293 0.439167 0.070659 0.458333 0.099401 0.801667 0.479641 0.771667 0.507186 0.787500 0.530539 0.800000 0.535928 0.827500 0.531737 0.889167 0.507784 0.947500 0.473054 0.950833 0.460479 0.926667 0.436527 0.891667 0.438922 0.545833 0.061078 0.522500 0.043114 0.497500 0.035928 0.480000 0.035928
3 0.280000 0.507186 0.238333 0.570659 0.238333 0.589820 0.249167 0.601796 0.292500 0.619162 0.340833 0.592814 0.359167 0.588024 0.437500 0.629341 0.453333 0.632335 0.684167 0.743114 0.712500 0.765269 0.731667 0.764072 0.744167 0.770659 0.765000 0.768263 0.775000 0.774850 0.780000 0.772455 0.779167 0.767066 0.812500 0.735329 0.824167 0.713772 0.813333 0.693413 0.763333 0.661078 0.724167 0.645509 0.685000 0.622755 0.595000 0.585629 0.495000 0.531138 0.471667 0.525150 0.436667 0.508383 0.429167 0.495210 0.440000 0.465868 0.425833 0.453892 0.392500 0.438922 0.370833 0.440719 0.330000 0.465868
0 0.257500 0.516766 0.248333 0.520958 0.240000 0.527545 0.239167 0.538323 0.242500 0.548503 0.260833 0.574850 0.264167 0.584431 0.275000 0.601198 0.275000 0.603593 0.260833 0.619760 0.261667 0.631138 0.266667 0.638323 0.286667 0.652096 0.290000 0.659880 0.295000 0.665269 0.295833 0.673653 0.307500 0.683832 0.318333 0.686826 0.350833 0.685030 0.370833 0.678443 0.388333 0.666467 0.393333 0.657485 0.387500 0.640719 0.375000 0.625749 0.377500 0.613772 0.375000 0.602994 0.368333 0.595808 0.356667 0.589222 0.329167 0.583234 0.320833 0.573653 0.318333 0.565868 0.299167 0.538323 0.297500 0.532934 0.286667 0.520958 0.275000 0.515569 0.269167 0.514970
0 0.690833 0.273653 0.675000 0.285030 0.675000 0.316168 0.656667 0.332335 0.651667 0.343114 0.653333 0.352096 0.661667 0.359281 0.660000 0.368263 0.670833 0.376647 0.671667 0.386228 0.684167 0.389222 0.687500 0.397006 0.678333 0.412575 0.681667 0.438323 0.669167 0.463473 0.670833 0.480838 0.657500 0.489820 0.657500 0.514970 0.672500 0.530539 0.687500 0.536527 0.737500 0.541916 0.755833 0.528742 0.759167 0.517964 0.760000 0.494012 0.781667 0.417964 0.787500 0.371257 0.825000 0.364072 0.833333 0.350299 0.830000 0.344910 0.815000 0.335329 0.825833 0.316168 0.830000 0.288623 0.821667 0.279641 0.771667 0.274251
1 0.332500 0.143713 0.295000 0.164072 0.303333 0.213772 0.708333 0.818563 0.703333 0.830539 0.660833 0.862275 0.685000 0.904192 0.731667 0.908383 0.866667 0.873054 0.913333 0.852695 0.928333 0.821557 0.912500 0.796407 0.893333 0.782635 0.849167 0.789820 0.830000 0.783234 0.416667 0.165269 0.377500 0.139521
0 0.789167 0.719760 0.774167 0.701198 0.749167 0.689222 0.732500 0.688623 0.709167 0.693413 0.695000 0.701796 0.684167 0.704790 0.658333 0.693413 0.635833 0.692216 0.620000 0.698204 0.590000 0.732934 0.486667 0.745509 0.438333 0.755689 0.430833 0.759880 0.419167 0.773653 0.422500 0.792814 0.431667 0.805389 0.446667 0.814970 0.476667 0.815569 0.485833 0.818563 0.518333 0.816168 0.543333 0.817964 0.559167 0.813174 0.600000 0.811377 0.613333 0.813772 0.634167 0.823353 0.660833 0.825150 0.672500 0.820359 0.693333 0.805988 0.718333 0.809581 0.741667 0.807784 0.766667 0.800000 0.781667 0.791018 0.790833 0.781437 0.795833 0.768862 0.794167 0.738323
3 0.250000 0.423353 0.225000 0.444311 0.206667 0.468862 0.206667 0.476647 0.229167 0.497605 0.385833 0.566467 0.581667 0.646108 0.585833 0.655090 0.576667 0.664072 0.572500 0.694012 0.599167 0.708982 0.626667 0.714371 0.658333 0.695210 0.702500 0.641916 0.727500 0.602395 0.737500 0.577844 0.736667 0.557485 0.702500 0.541916 0.688333 0.539521 0.675833 0.545509 0.651667 0.569461 0.639167 0.571257 0.316667 0.435928 0.281667 0.423952
0 0.430000 0.374251 0.409167 0.382036 0.401667 0.389820 0.401667 0.394611 0.407500 0.408982 0.436667 0.453293 0.445000 0.476048 0.443333 0.482635 0.430000 0.495808 0.428333 0.500000 0.433333 0.510778 0.438333 0.513772 0.445833 0.514970 0.457500 0.522156 0.460000 0.527545 0.459167 0.532934 0.468333 0.543713 0.475833 0.558683 0.481667 0.562275 0.489167 0.563473 0.501667 0.561677 0.514167 0.562275 0.528333 0.559880 0.554167 0.552096 0.574167 0.539521 0.580000 0.531737 0.575000 0.517365 0.563333 0.505389 0.555000 0.491617 0.554167 0.485030 0.559167 0.476647 0.558333 0.468862 0.548333 0.461078 0.542500 0.459281 0.519167 0.456886 0.508333 0.448503 0.463333 0.379641 0.449167 0.372455
4 0.589167 0.586228 0.584167 0.580838 0.580833 0.579641 0.575833 0.575449 0.572500 0.575449 0.571667 0.574251 0.560833 0.573653 0.551667 0.574251 0.547500 0.576048 0.545000 0.580240 0.545000 0.582635 0.543333 0.583234 0.542500 0.586228 0.539167 0.589820 0.519167 0.589222 0.516667 0.590419 0.494167 0.590419 0.486667 0.591617 0.475000 0.591018 0.473333 0.592216 0.470000 0.592216 0.467500 0.594012 0.466667 0.593413 0.465833 0.595210 0.462500 0.597006 0.462500 0.598802 0.460000 0.601198 0.460000 0.619162 0.463333 0.622156 0.470833 0.623952 0.510000 0.623952 0.513333 0.622755 0.530833 0.623353 0.538333 0.622156 0.540833 0.625150 0.540000 0.626347 0.541667 0.629940 0.548333 0.634132 0.551667 0.634132 0.553333 0.635329 0.559167 0.636527 0.574167 0.636527 0.580833 0.634132 0.584167 0.629341 0.584167 0.626946 0.585833 0.626347 0.586667 0.623353 0.588333 0.622156 0.588333 0.619162 0.590833 0.614970 0.590000 0.611976 0.591667 0.597006 0.590000 0.591617 0.590833 0.590419 0.588333 0.587425
0 0.265833 0.735928 0.247500 0.758084 0.247500 0.768263 0.252500 0.774850 0.297500 0.798802 0.316667 0.803593 0.333333 0.815569 0.347500 0.817964 0.366667 0.829341 0.385000 0.834731 0.397500 0.843713 0.415833 0.850299 0.428333 0.861078 0.422500 0.879641 0.430000 0.891617 0.435833 0.894012 0.463333 0.893413 0.475833 0.899401 0.492500 0.913174 0.514167 0.920359 0.528333 0.916766 0.538333 0.910180 0.568333 0.876647 0.576667 0.861078 0.589167 0.849701 0.595000 0.837126 0.585833 0.823353 0.574167 0.817964 0.540833 0.812575 0.515000 0.789820 0.489167 0.794012 0.477500 0.791617 0.451667 0.791617 0.425833 0.774252 0.412500 0.772455 0.408333 0.768862 0.380000 0.759880 0.367500 0.752096 0.312500 0.738922 0.288333 0.728743 0.275833 0.730539
0 0.380833 0.236527 0.358333 0.252096 0.355000 0.262874 0.383333 0.306587 0.387500 0.318563 0.395000 0.326946 0.403333 0.331737 0.417500 0.359880 0.403333 0.373653 0.400000 0.385030 0.402500 0.393413 0.410000 0.400000 0.429167 0.404790 0.432500 0.412575 0.431667 0.426347 0.445833 0.442515 0.464167 0.447904 0.496667 0.442515 0.548333 0.420958 0.565000 0.406587 0.566667 0.399401 0.560833 0.386826 0.551667 0.377844 0.545000 0.374850 0.538333 0.374850 0.535000 0.371856 0.540000 0.350898 0.537500 0.341916 0.529167 0.335928 0.511667 0.334731 0.499167 0.336527 0.487500 0.331138 0.476667 0.314371 0.470000 0.309581 0.431667 0.251497 0.417500 0.236527 0.411667 0.233533 0.400833 0.232335
0 0.132500 0.495808 0.125833 0.517964 0.119167 0.525748 0.120833 0.532934 0.124167 0.535928 0.139167 0.538922 0.151667 0.544910 0.161667 0.545509 0.178333 0.552695 0.190833 0.553892 0.205833 0.564671 0.214167 0.565868 0.231667 0.575449 0.250000 0.579641 0.263333 0.589820 0.265833 0.594012 0.277500 0.599401 0.286667 0.600000 0.303333 0.608383 0.315833 0.609581 0.339167 0.615569 0.350833 0.616168 0.358333 0.613772 0.370000 0.603593 0.390000 0.571257 0.395000 0.558084 0.395833 0.546707 0.387500 0.536527 0.371667 0.531737 0.360000 0.531138 0.342500 0.537725 0.338333 0.528742 0.326667 0.514970 0.317500 0.509581 0.305000 0.511377 0.288333 0.521557 0.277500 0.521557 0.263333 0.517365 0.240000 0.513772 0.195833 0.498802 0.163333 0.491018 0.151667 0.491617
