2 0.566667 0.362874 0.454167 0.373653 0.365000 0.397006 0.304167 0.406587 0.268333 0.418563 0.259167 0.427545 0.255000 0.442515 0.258333 0.463473 0.281667 0.498204 0.301667 0.505988 0.353333 0.504192 0.370000 0.507784 0.383333 0.547305 0.394167 0.557485 0.391667 0.567665 0.400833 0.577246 0.429167 0.655689 0.455833 0.710778 0.476667 0.733533 0.497500 0.734731 0.514167 0.729940 0.525833 0.720958 0.553333 0.720359 0.600833 0.711976 0.627500 0.700599 0.635833 0.692216 0.637500 0.664671 0.619167 0.626347 0.586667 0.519162 0.555833 0.470060 0.563333 0.460479 0.595833 0.449701 0.613333 0.432335 0.603333 0.385030 0.591667 0.373653
3 0.416667 0.397006 0.399167 0.420958 0.400000 0.422156 0.396667 0.425150 0.395000 0.432335 0.392500 0.434731 0.392500 0.450299 0.400833 0.455090 0.406667 0.456886 0.412500 0.456886 0.427500 0.443713 0.430833 0.443713 0.464167 0.453293 0.475833 0.455090 0.481667 0.457485 0.483333 0.456886 0.515833 0.467066 0.517500 0.466467 0.527500 0.470060 0.529167 0.469461 0.533333 0.471856 0.545833 0.475449 0.547500 0.474850 0.551667 0.477246 0.567500 0.479042 0.575833 0.476048 0.581667 0.470060 0.583333 0.465868 0.582500 0.458683 0.579167 0.453892 0.575000 0.451497 0.556667 0.445509 0.534167 0.440719 0.518333 0.435329 0.516667 0.435928 0.495000 0.429341 0.490833 0.429341 0.463333 0.420359 0.455000 0.419162 0.441667 0.412575 0.443333 0.398802 0.434167 0.394611 0.425833 0.392814
4 0.637500 0.093413 0.594167 0.115569 0.525833 0.169461 0.497500 0.199401 0.484167 0.228743 0.485000 0.237126 0.516667 0.261078 0.531667 0.265868 0.602500 0.244311 0.769167 0.350898 0.790833 0.359281 0.806667 0.356886 0.856667 0.325749 0.874167 0.308982 0.879167 0.294012 0.866667 0.277844 0.823333 0.244910 0.691667 0.163473 0.696667 0.149102 0.715000 0.126347 0.713333 0.120359 0.701667 0.110180 0.665833 0.088623
3 0.645000 0.310778 0.625833 0.296407 0.571667 0.304192 0.565833 0.310778 0.561667 0.356287 0.551667 0.363473 0.485833 0.367665 0.266667 0.396407 0.189167 0.402395 0.091667 0.418563 0.070833 0.428743 0.065000 0.440120 0.063333 0.464671 0.073333 0.498802 0.091667 0.513174 0.118333 0.516168 0.294167 0.497006 0.397500 0.479042 0.526667 0.465868 0.563333 0.456886 0.580000 0.461078 0.589167 0.489222 0.600000 0.500000 0.657500 0.497605 0.669167 0.491617 0.675000 0.477844 0.676667 0.440120 0.670833 0.400599 0.660833 0.381437
1 0.323333 0.083832 0.273333 0.108982 0.262500 0.137725 0.283333 0.165269 0.299167 0.172455 0.339167 0.163473 0.356667 0.168862 0.790833 0.723952 0.829167 0.746108 0.870833 0.740120 0.903333 0.719760 0.892500 0.675449 0.466667 0.131138 0.469167 0.120359 0.506667 0.088623 0.480833 0.050898 0.438333 0.048503
0 0.377500 0.019760 0.365000 0.014970 0.352500 0.017365 0.248333 0.073054 0.235833 0.074850 0.222500 0.065868 0.212500 0.064072 0.206667 0.067665 0.207500 0.076048 0.205000 0.079641 0.198333 0.083234 0.176667 0.089222 0.166667 0.095808 0.164167 0.098802 0.164167 0.104790 0.171667 0.115569 0.189167 0.128743 0.198333 0.140719 0.213333 0.153293 0.225833 0.152096 0.246667 0.137725 0.256667 0.134132 0.272500 0.134132 0.275833 0.132335 0.277500 0.125749 0.275000 0.120958 0.276667 0.117964 0.285833 0.111976 0.295833 0.110180 0.302500 0.104790 0.305833 0.104192 0.309167 0.097006 0.315000 0.096407 0.327500 0.091617 0.328333 0.085030 0.338333 0.082036 0.349167 0.073054 0.359167 0.069461 0.385833 0.048503 0.390000 0.047305 0.393333 0.041317 0.393333 0.036527
0 0.880000 0.568862 0.867500 0.567665 0.855000 0.572455 0.810000 0.618563 0.796667 0.628743 0.775000 0.650299 0.770000 0.652096 0.747500 0.647904 0.738333 0.652096 0.740000 0.658084 0.738333 0.667665 0.732500 0.671856 0.722500 0.674850 0.711667 0.686228 0.710000 0.692216 0.717500 0.698802 0.755833 0.717365 0.791667 0.731138 0.800000 0.728743 0.815000 0.711377 0.827500 0.707186 0.838333 0.695210 0.840000 0.683234 0.843333 0.677245 0.855833 0.665868 0.859167 0.658683 0.875833 0.642515 0.877500 0.637126 0.885000 0.632934 0.889167 0.625749 0.901667 0.613174 0.908333 0.598204 0.908333 0.588024 0.905833 0.583832
1 0.217500 0.189820 0.105833 0.195808 0.089167 0.201198 0.083333 0.212575 0.090833 0.232335 0.117500 0.238323 0.124167 0.337126 0.130000 0.357485 0.130833 0.474252 0.138333 0.491018 0.135000 0.526347 0.140000 0.600599 0.153333 0.633533 0.152500 0.641916 0.161667 0.655090 0.172500 0.658084 0.214167 0.656287 0.221667 0.653293 0.229167 0.641317 0.223333 0.518563 0.216667 0.495210 0.221667 0.486228 0.205000 0.232934 0.213333 0.227545 0.243333 0.222156 0.245833 0.200599 0.235000 0.192216
2 0.429167 0.664072 0.414167 0.654491 0.390833 0.649701 0.350000 0.655090 0.324167 0.672455 0.315833 0.686228 0.313333 0.700599 0.305000 0.704790 0.231667 0.718563 0.217500 0.718563 0.191667 0.725748 0.170833 0.726946 0.143333 0.733533 0.111667 0.733533 0.075833 0.741916 0.068333 0.749102 0.065000 0.779042 0.075833 0.809581 0.091667 0.832934 0.108333 0.839521 0.141667 0.837126 0.155000 0.832335 0.236667 0.819761 0.280000 0.817964 0.343333 0.807784 0.353333 0.813772 0.369167 0.832335 0.390833 0.842515 0.411667 0.845509 0.432500 0.844311 0.459167 0.837126 0.477500 0.826347 0.485000 0.811976 0.485000 0.768862 0.475833 0.735928 0.460833 0.706587
3 0.324167 0.376647 0.306667 0.369461 0.295833 0.368263 0.274167 0.381437 0.270000 0.388623 0.287500 0.405389 0.290833 0.413174 0.289167 0.416168 0.221667 0.463473 0.099167 0.556287 0.092500 0.568263 0.093333 0.574251 0.106667 0.587425 0.125000 0.600000 0.141667 0.600000 0.155833 0.593413 0.296667 0.487425 0.350000 0.453892 0.358333 0.454491 0.365000 0.459880 0.390833 0.467066 0.416667 0.449701 0.415000 0.440719 0.400000 0.426946
3 0.597500 0.126946 0.577500 0.131138 0.556667 0.144311 0.550000 0.155689 0.554167 0.188623 0.589167 0.249701 0.608333 0.273653 0.612500 0.291617 0.625000 0.310180 0.655000 0.371856 0.660000 0.375449 0.648333 0.384431 0.643333 0.394611 0.650000 0.410778 0.661667 0.419760 0.687500 0.420958 0.740000 0.407784 0.795000 0.387425 0.820000 0.374251 0.827500 0.365868 0.827500 0.360479 0.819167 0.347305 0.808333 0.340719 0.784167 0.340120 0.767500 0.343114 0.763333 0.341317 0.750833 0.326347 0.728333 0.286228 0.717500 0.274251 0.632500 0.140719 0.615833 0.128144
3 0.543333 0.313174 0.525833 0.335329 0.523333 0.352096 0.513333 0.367665 0.512500 0.382036 0.520833 0.394012 0.532500 0.398204 0.549167 0.399401 0.563333 0.389820 0.575000 0.388623 0.599167 0.396407 0.619167 0.397006 0.699167 0.428144 0.724167 0.435329 0.739167 0.443713 0.755000 0.446108 0.811667 0.468263 0.834167 0.471257 0.845833 0.468263 0.851667 0.464072 0.860000 0.443114 0.860000 0.436527 0.853333 0.429341 0.810000 0.410778 0.784167 0.403593 0.770000 0.395210 0.749167 0.388024 0.745000 0.382635 0.737500 0.385030 0.702500 0.368263 0.675833 0.361677 0.665833 0.355090 0.660000 0.346108 0.652500 0.342515 0.635000 0.344311 0.615000 0.335928 0.607500 0.327545 0.615833 0.308383 0.610000 0.298802 0.580000 0.289820 0.565000 0.294012
0 0.825000 0.816766 0.807500 0.819761 0.796667 0.824551 0.775833 0.840719 0.770000 0.850299 0.766667 0.860479 0.767500 0.861677 0.765833 0.862874 0.765000 0.874850 0.768333 0.889222 0.777500 0.902994 0.787500 0.910778 0.794167 0.912575 0.800000 0.917365 0.803333 0.922754 0.804167 0.928144 0.808333 0.934132 0.815000 0.937725 0.828333 0.941916 0.840833 0.942515 0.848333 0.940719 0.855833 0.935928 0.860000 0.934731 0.864167 0.928743 0.863333 0.927545 0.869167 0.913174 0.875000 0.908383 0.879167 0.907186 0.889167 0.896407 0.892500 0.887425 0.893333 0.879641 0.892500 0.864671 0.885833 0.849701 0.862500 0.828144 0.859167 0.823353 0.848333 0.817964 0.846667 0.818563 0.841667 0.816766
4 0.490000 0.589222 0.447500 0.589820 0.426667 0.614970 0.421667 0.637126 0.436667 0.662275 0.451667 0.674251 0.451667 0.679042 0.422500 0.713772 0.420000 0.721557 0.410833 0.727545 0.371667 0.772455 0.336667 0.826946 0.340000 0.838323 0.363333 0.855689 0.402500 0.869461 0.428333 0.874251 0.450833 0.870659 0.477500 0.849701 0.525833 0.788024 0.547500 0.770060 0.555000 0.753293 0.570833 0.737725 0.574167 0.728144 0.586667 0.726946 0.636667 0.734731 0.651667 0.728144 0.680000 0.691617 0.671667 0.670659 0.656667 0.655689 0.632500 0.639521 0.556667 0.605988 0.521667 0.594611
0 0.687500 0.894012 0.686667 0.895210 0.680833 0.897006 0.678333 0.899401 0.674167 0.900599 0.667500 0.905389 0.663333 0.911976 0.665000 0.914970 0.670000 0.919162 0.675833 0.920958 0.678333 0.922754 0.680833 0.926347 0.680833 0.931138 0.684167 0.933533 0.694167 0.934132 0.696667 0.932934 0.700000 0.932934 0.727500 0.956287 0.732500 0.958084 0.738333 0.957485 0.746667 0.952695 0.748333 0.947904 0.745833 0.944311 0.740833 0.940719 0.740833 0.939521 0.737500 0.937725 0.726667 0.926946 0.717500 0.920359 0.717500 0.917964 0.719167 0.916168 0.716667 0.907186 0.710833 0.905389 0.708333 0.903593 0.704167 0.897605 0.699167 0.894012 0.694167 0.892216
0 0.646667 0.892814 0.639167 0.894012 0.630000 0.897605 0.625000 0.897605 0.622500 0.899401 0.620833 0.899401 0.615833 0.902994 0.615000 0.909581 0.623333 0.914970 0.621667 0.916168 0.622500 0.917964 0.620000 0.920958 0.620000 0.923952 0.626667 0.926946 0.631667 0.925749 0.636667 0.928144 0.639167 0.936527 0.640833 0.937126 0.640833 0.940120 0.645000 0.946108 0.650833 0.959880 0.655833 0.962275 0.659167 0.962275 0.660833 0.961078 0.669167 0.959880 0.672500 0.956287 0.670833 0.949102 0.667500 0.944311 0.665000 0.937126 0.663333 0.935928 0.663333 0.932335 0.661667 0.931737 0.660833 0.926946 0.659167 0.925749 0.659167 0.921557 0.665000 0.918563 0.667500 0.913174 0.658333 0.907186 0.657500 0.905389 0.659167 0.902994 0.659167 0.897605 0.656667 0.895808 0.656667 0.894611 0.652500 0.892814
3 0.174167 0.414371 0.123333 0.489820 0.115000 0.514371 0.115833 0.531737 0.121667 0.537725 0.158333 0.545509 0.180000 0.531737 0.186667 0.522156 0.204167 0.522754 0.224167 0.532934 0.284167 0.544910 0.298333 0.551497 0.414167 0.586228 0.491667 0.605988 0.521667 0.607186 0.541667 0.592216 0.549167 0.578443 0.548333 0.558683 0.541667 0.547305 0.521667 0.535329 0.383333 0.493413 0.341667 0.484431 0.279167 0.464671 0.238333 0.456287 0.230000 0.447305 0.237500 0.425150 0.233333 0.415569 0.201667 0.405389 0.191667 0.405389
