1 0.847500 0.171257 0.785833 0.138922 0.755833 0.129341 0.723333 0.126347 0.707500 0.136527 0.689167 0.159281 0.710000 0.195210 0.647500 0.255689 0.576667 0.308982 0.207500 0.622755 0.190833 0.645509 0.193333 0.656287 0.207500 0.667665 0.250000 0.689222 0.272500 0.681437 0.763333 0.273054 0.806667 0.245509 0.858333 0.257485 0.871667 0.251497 0.892500 0.232335 0.894167 0.213174 0.877500 0.191617
1 0.285833 0.420359 0.278333 0.419162 0.272500 0.422754 0.270000 0.427545 0.276667 0.434132 0.276667 0.436527 0.260000 0.449102 0.229167 0.477844 0.223333 0.480838 0.218333 0.487425 0.208333 0.493413 0.189167 0.510180 0.186667 0.514371 0.168333 0.527545 0.152500 0.543713 0.148333 0.546108 0.145833 0.549102 0.146667 0.553892 0.155000 0.559880 0.160833 0.560479 0.167500 0.558084 0.175000 0.552695 0.182500 0.544910 0.205000 0.527545 0.214167 0.517964 0.233333 0.502994 0.240000 0.500000 0.243333 0.494611 0.256667 0.486228 0.260000 0.480240 0.267500 0.476048 0.269167 0.472455 0.301667 0.451497 0.307500 0.450898 0.313333 0.452096 0.320000 0.446707 0.317500 0.440120
2 0.411667 0.307784 0.400833 0.311976 0.379167 0.333533 0.367500 0.359880 0.312500 0.446108 0.284167 0.505988 0.270000 0.508982 0.226667 0.501198 0.211667 0.503593 0.184167 0.525748 0.170000 0.565269 0.180000 0.574251 0.250000 0.592814 0.315833 0.617964 0.414167 0.646707 0.442500 0.650299 0.464167 0.645509 0.477500 0.635928 0.497500 0.597605 0.490000 0.579042 0.447500 0.556287 0.445000 0.545509 0.472500 0.511976 0.524167 0.425150 0.554167 0.359880 0.547500 0.344311 0.515833 0.329341 0.468333 0.315569
2 0.300833 0.293413 0.275000 0.299401 0.245000 0.298802 0.222500 0.302395 0.208333 0.307186 0.198333 0.316168 0.196667 0.347904 0.207500 0.402395 0.210833 0.444910 0.221667 0.475449 0.214167 0.480838 0.190000 0.486826 0.180000 0.500000 0.178333 0.520359 0.183333 0.537725 0.203333 0.549102 0.297500 0.549701 0.364167 0.539521 0.388333 0.538922 0.416667 0.531737 0.430000 0.516168 0.431667 0.502994 0.422500 0.476048 0.407500 0.467066 0.364167 0.462275 0.358333 0.456287 0.356667 0.433533 0.347500 0.408982 0.347500 0.380838 0.331667 0.329341 0.329167 0.309581 0.320833 0.298802
2 0.628333 0.739521 0.619167 0.745509 0.617500 0.747904 0.617500 0.767665 0.619167 0.769461 0.620000 0.792814 0.619167 0.795210 0.615000 0.798204 0.604167 0.802994 0.600833 0.807784 0.597500 0.819162 0.599167 0.828144 0.601667 0.832934 0.612500 0.840719 0.613333 0.840120 0.621667 0.843713 0.631667 0.846108 0.647500 0.847904 0.669167 0.847904 0.683333 0.844910 0.690833 0.841916 0.695000 0.838922 0.698333 0.834132 0.700833 0.827545 0.700000 0.825749 0.701667 0.817964 0.699167 0.809581 0.688333 0.800599 0.683333 0.798204 0.682500 0.798802 0.679167 0.796407 0.678333 0.778443 0.676667 0.776647 0.675833 0.759281 0.672500 0.746707 0.662500 0.739521 0.659167 0.738323 0.649167 0.737725 0.643333 0.738922
3 0.645833 0.785629 0.643333 0.786826 0.641667 0.785629 0.625833 0.786826 0.621667 0.792216 0.621667 0.800000 0.625000 0.802994 0.636667 0.807186 0.639167 0.810180 0.633333 0.820958 0.634167 0.825749 0.631667 0.829341 0.630833 0.839521 0.627500 0.844910 0.628333 0.846707 0.615000 0.886228 0.604167 0.909581 0.605833 0.919760 0.608333 0.922754 0.614167 0.925150 0.626667 0.926946 0.635833 0.923353 0.640833 0.919162 0.647500 0.905988 0.650000 0.897006 0.652500 0.894611 0.652500 0.889820 0.659167 0.877245 0.659167 0.871856 0.663333 0.866467 0.664167 0.857485 0.667500 0.853892 0.666667 0.850299 0.670000 0.846707 0.671667 0.837725 0.677500 0.827545 0.676667 0.823353 0.678333 0.819761 0.684167 0.816168 0.699167 0.817365 0.704167 0.815569 0.708333 0.805988 0.705000 0.800599 0.683333 0.794012 0.677500 0.790419 0.672500 0.791018
0 0.820833 0.101198 0.809167 0.105988 0.799167 0.123353 0.796667 0.155689 0.782500 0.216168 0.780000 0.246707 0.770833 0.252695 0.753333 0.251497 0.737500 0.254491 0.739167 0.262874 0.754167 0.282036 0.737500 0.299401 0.735833 0.317365 0.745000 0.329341 0.763333 0.334731 0.841667 0.337725 0.859167 0.333533 0.870000 0.326347 0.873333 0.309581 0.870000 0.297605 0.872500 0.290419 0.891667 0.278443 0.877500 0.267066 0.869167 0.247305 0.869167 0.242515 0.875000 0.234731 0.875000 0.226347 0.881667 0.217365 0.880833 0.208383 0.885000 0.200599 0.885000 0.161677 0.888333 0.153892 0.888333 0.137725 0.883333 0.120958 0.869167 0.110180
3 0.337500 0.327545 0.308333 0.371257 0.287500 0.429341 0.289167 0.465868 0.306667 0.479042 0.352500 0.486826 0.403333 0.459281 0.416667 0.459281 0.618333 0.525150 0.795000 0.577246 0.852500 0.582635 0.871667 0.570659 0.885833 0.547904 0.888333 0.522754 0.881667 0.507784 0.860833 0.493413 0.776667 0.464671 0.713333 0.449102 0.520833 0.384431 0.462500 0.370060 0.452500 0.359281 0.454167 0.318563 0.444167 0.308383 0.420000 0.298802 0.399167 0.295808 0.346667 0.319162
3 0.548333 0.564072 0.525000 0.568862 0.504167 0.562275 0.453333 0.559880 0.393333 0.574251 0.371667 0.588024 0.368333 0.619162 0.395833 0.641916 0.421667 0.647904 0.415833 0.658683 0.418333 0.673054 0.410000 0.686228 0.414167 0.704790 0.406667 0.728144 0.408333 0.743114 0.402500 0.753892 0.394167 0.845509 0.381667 0.883234 0.393333 0.916766 0.403333 0.926946 0.444167 0.933533 0.460833 0.931138 0.473333 0.925749 0.484167 0.914970 0.506667 0.859281 0.509167 0.828743 0.516667 0.808982 0.513333 0.799401 0.517500 0.789820 0.515833 0.775449 0.520833 0.768263 0.518333 0.760479 0.530000 0.733533 0.531667 0.697605 0.545833 0.673054 0.546667 0.655689 0.588333 0.637725 0.600000 0.626347 0.602500 0.606587 0.597500 0.592216 0.580000 0.577844
2 0.800833 0.391617 0.770000 0.386228 0.745833 0.391018 0.722500 0.400000 0.700833 0.416168 0.691667 0.434132 0.691667 0.468862 0.555000 0.551497 0.549167 0.561677 0.550833 0.579042 0.565833 0.601198 0.598333 0.623952 0.626667 0.629940 0.646667 0.625749 0.689167 0.605389 0.761667 0.561078 0.798333 0.543713 0.830833 0.553892 0.852500 0.553892 0.884167 0.543713 0.908333 0.523952 0.915000 0.504790 0.913333 0.477844 0.890833 0.450898 0.867500 0.431138
0 0.292500 0.503593 0.270000 0.508982 0.237500 0.522156 0.223333 0.537725 0.221667 0.562275 0.236667 0.597605 0.222500 0.620958 0.223333 0.635329 0.241667 0.659880 0.292500 0.683832 0.318333 0.784431 0.330833 0.803593 0.341667 0.811976 0.355833 0.816766 0.381667 0.815569 0.412500 0.802994 0.420000 0.786826 0.418333 0.762874 0.405000 0.722754 0.395000 0.665269 0.400000 0.659281 0.418333 0.649701 0.427500 0.639521 0.433333 0.624551 0.430833 0.611377 0.422500 0.598204 0.402500 0.581437 0.404167 0.563473 0.397500 0.550299 0.400833 0.538922 0.385833 0.516766 0.370833 0.507784 0.335833 0.501796
0 0.300833 0.589222 0.255833 0.622755 0.238333 0.640120 0.229167 0.655090 0.234167 0.672455 0.249167 0.683234 0.265000 0.689222 0.295833 0.687425 0.295000 0.701198 0.300000 0.710778 0.300833 0.724551 0.311667 0.734731 0.326667 0.735928 0.355833 0.728144 0.372500 0.731737 0.424167 0.760479 0.464167 0.790419 0.505833 0.814371 0.546667 0.819761 0.555000 0.816766 0.570833 0.795808 0.590000 0.782635 0.590833 0.767066 0.571667 0.757485 0.562500 0.747904 0.546667 0.740719 0.528333 0.725150 0.512500 0.719162 0.500000 0.700000 0.485833 0.691617 0.471667 0.674850 0.449167 0.662874 0.433333 0.632934 0.414167 0.621557 0.395000 0.603593 0.340000 0.577246 0.325833 0.577844
0 0.477500 0.703593 0.475833 0.720958 0.467500 0.741916 0.468333 0.761677 0.471667 0.770659 0.480000 0.777844 0.493333 0.781437 0.518333 0.783832 0.527500 0.779641 0.533333 0.780838 0.555000 0.795210 0.565833 0.798204 0.580000 0.797006 0.607500 0.779641 0.618333 0.776647 0.670833 0.785629 0.685833 0.786228 0.762500 0.800599 0.780000 0.798204 0.789167 0.794012 0.796667 0.786228 0.801667 0.764671 0.793333 0.749701 0.786667 0.744311 0.741667 0.735329 0.720833 0.733533 0.708333 0.729341 0.693333 0.729341 0.665833 0.721557 0.635000 0.705389 0.612500 0.683832 0.590833 0.685030 0.560833 0.694611 0.550000 0.683832 0.538333 0.677245 0.513333 0.673653 0.494167 0.680838
2 0.290000 0.173054 0.258333 0.227545 0.233333 0.314970 0.231667 0.334731 0.247500 0.356886 0.272500 0.367066 0.310833 0.368862 0.323333 0.362874 0.331667 0.344910 0.357500 0.344910 0.409167 0.351497 0.493333 0.368263 0.506667 0.368263 0.520000 0.374251 0.557500 0.381437 0.564167 0.385629 0.587500 0.388623 0.600833 0.385629 0.617500 0.353892 0.625833 0.317964 0.626667 0.300599 0.618333 0.291617 0.599167 0.283234 0.582500 0.281437 0.542500 0.267665 0.495000 0.260479 0.433333 0.245509 0.415000 0.237725 0.389167 0.234132 0.375000 0.220958 0.385833 0.204192 0.376667 0.180240 0.321667 0.165868
