1 0.806667 0.816168 0.799167 0.807186 0.784167 0.803593 0.726667 0.803593 0.168333 0.840120 0.161667 0.836527 0.146667 0.807784 0.110833 0.811377 0.100833 0.834132 0.115000 0.917964 0.125000 0.930539 0.145833 0.934731 0.165833 0.930539 0.170833 0.910180 0.186667 0.905389 0.280000 0.900000 0.306667 0.901796 0.331667 0.896407 0.375000 0.896407 0.744167 0.870659 0.801667 0.853892 0.809167 0.845509
2 0.491667 0.531138 0.470833 0.529940 0.442500 0.538922 0.400833 0.544910 0.376667 0.552096 0.355833 0.566467 0.356667 0.591018 0.388333 0.670060 0.401667 0.716766 0.420833 0.752695 0.413333 0.761078 0.385833 0.773054 0.375833 0.789222 0.378333 0.810180 0.396667 0.837126 0.416667 0.845509 0.476667 0.842515 0.637500 0.809581 0.665833 0.798802 0.680000 0.779042 0.677500 0.756886 0.659167 0.729341 0.642500 0.722156 0.588333 0.721557 0.580000 0.715569 0.573333 0.688024 0.565000 0.680838 0.564167 0.670659 0.555833 0.659281 0.550000 0.629940 0.520000 0.574251 0.514167 0.553892
0 0.885000 0.567066 0.878333 0.567066 0.858333 0.578443 0.859167 0.579042 0.837500 0.592216 0.830833 0.597006 0.831667 0.597605 0.824167 0.602395 0.817500 0.602395 0.810833 0.600599 0.809167 0.601796 0.805833 0.601796 0.798333 0.605988 0.796667 0.613174 0.787500 0.617365 0.787500 0.618563 0.782500 0.621557 0.780833 0.623952 0.783333 0.629940 0.800000 0.643713 0.801667 0.643713 0.804167 0.646108 0.812500 0.650299 0.818333 0.650898 0.838333 0.638323 0.839167 0.638922 0.840833 0.637725 0.845833 0.637725 0.848333 0.635928 0.850833 0.635928 0.854167 0.629341 0.852500 0.624551 0.850000 0.622755 0.850000 0.619162 0.851667 0.618563 0.850833 0.617964 0.896667 0.585629 0.895833 0.585030 0.899167 0.580240 0.896667 0.576647 0.897500 0.576048
3 0.670833 0.558683 0.646667 0.558683 0.594167 0.585629 0.549167 0.623353 0.495833 0.654491 0.471667 0.664671 0.432500 0.696407 0.410000 0.705389 0.384167 0.723952 0.349167 0.731138 0.308333 0.714970 0.293333 0.717365 0.277500 0.726347 0.268333 0.746108 0.270833 0.767066 0.295000 0.790419 0.305000 0.811976 0.345833 0.847305 0.375000 0.861677 0.390000 0.863473 0.418333 0.855090 0.430000 0.844910 0.433333 0.835928 0.420000 0.805389 0.420833 0.796407 0.513333 0.737126 0.530000 0.731737 0.540833 0.720958 0.582500 0.698802 0.603333 0.680838 0.685833 0.635329 0.700833 0.622156 0.712500 0.600599 0.696667 0.579641
2 0.348333 0.100599 0.305000 0.171856 0.300000 0.189222 0.303333 0.195808 0.332500 0.212575 0.462500 0.246707 0.488333 0.257485 0.530833 0.266467 0.571667 0.284431 0.574167 0.291617 0.567500 0.328743 0.578333 0.338323 0.604167 0.348503 0.628333 0.352096 0.647500 0.351497 0.656667 0.346707 0.696667 0.300000 0.758333 0.194611 0.764167 0.170060 0.754167 0.154491 0.726667 0.140120 0.685833 0.133533 0.666667 0.140120 0.650833 0.165269 0.639167 0.169461 0.624167 0.169461 0.532500 0.138922 0.414167 0.108383 0.381667 0.096407 0.363333 0.095210
1 0.083333 0.522156 0.070833 0.555689 0.072500 0.571856 0.084167 0.589820 0.104167 0.598204 0.136667 0.598802 0.161667 0.583832 0.202500 0.589222 0.404167 0.662874 0.828333 0.805389 0.857500 0.805389 0.890833 0.788024 0.888333 0.762275 0.856667 0.741916 0.228333 0.522156 0.218333 0.511976 0.218333 0.483234 0.205833 0.472455 0.165833 0.464072 0.143333 0.468862 0.114167 0.485030
3 0.299167 0.270659 0.267500 0.298802 0.266667 0.306587 0.272500 0.314970 0.307500 0.342515 0.363333 0.377246 0.415833 0.416766 0.485833 0.463473 0.485833 0.467665 0.467500 0.485629 0.463333 0.494012 0.489167 0.512575 0.505833 0.510180 0.519167 0.503593 0.588333 0.453293 0.610000 0.428743 0.607500 0.419760 0.585833 0.405988 0.572500 0.408383 0.551667 0.420359 0.536667 0.415569 0.497500 0.386826 0.475000 0.374850 0.443333 0.348503 0.382500 0.305389 0.317500 0.270659 0.310000 0.268862
0 0.575000 0.279042 0.563333 0.288623 0.562500 0.301198 0.578333 0.322755 0.605833 0.367066 0.605833 0.370060 0.590833 0.389820 0.593333 0.398802 0.596667 0.401796 0.616667 0.407186 0.628333 0.415569 0.623333 0.423353 0.623333 0.430539 0.627500 0.437725 0.636667 0.446108 0.650833 0.449701 0.667500 0.450299 0.697500 0.442515 0.721667 0.427545 0.726667 0.421557 0.728333 0.413772 0.722500 0.400000 0.702500 0.384431 0.701667 0.378443 0.707500 0.370659 0.705833 0.364072 0.697500 0.356287 0.683333 0.352695 0.668333 0.352096 0.659167 0.344910 0.635833 0.311976 0.626667 0.295210 0.612500 0.279641 0.601667 0.274850 0.592500 0.274850
3 0.388333 0.259281 0.370000 0.277246 0.378333 0.323952 0.449167 0.453293 0.503333 0.568263 0.517500 0.635329 0.510833 0.644311 0.482500 0.653293 0.471667 0.664671 0.488333 0.696407 0.505833 0.705988 0.551667 0.708982 0.623333 0.697605 0.717500 0.674251 0.746667 0.661078 0.761667 0.648503 0.760000 0.629341 0.748333 0.608982 0.730833 0.597605 0.688333 0.605389 0.654167 0.601198 0.620833 0.524551 0.570000 0.434731 0.495000 0.281437 0.458333 0.258084 0.420000 0.261677
0 0.208333 0.583234 0.190833 0.613772 0.195833 0.630539 0.260000 0.659880 0.400833 0.694611 0.409167 0.705389 0.410833 0.728743 0.422500 0.737725 0.436667 0.740120 0.460000 0.732335 0.469167 0.732335 0.482500 0.740120 0.486667 0.750299 0.515000 0.761078 0.530000 0.763473 0.542500 0.762874 0.559167 0.753892 0.588333 0.707186 0.607500 0.659880 0.608333 0.642515 0.597500 0.632934 0.565833 0.622755 0.526667 0.622156 0.518333 0.613174 0.515833 0.602395 0.500833 0.595210 0.483333 0.594611 0.450833 0.616766 0.435833 0.622156 0.424167 0.615569 0.399167 0.611377 0.253333 0.571856 0.224167 0.572455
4 0.400833 0.564072 0.326667 0.589820 0.274167 0.627545 0.245833 0.673653 0.242500 0.687425 0.248333 0.701796 0.278333 0.733533 0.291667 0.736527 0.348333 0.728144 0.376667 0.737126 0.513333 0.877245 0.542500 0.898802 0.565833 0.901198 0.608333 0.890419 0.663333 0.856886 0.667500 0.838323 0.649167 0.807186 0.514167 0.665868 0.550833 0.609581 0.545000 0.594611 0.513333 0.561677 0.501667 0.556287 0.460833 0.553892
1 0.960000 0.519760 0.953333 0.511976 0.920833 0.504790 0.692500 0.523952 0.638333 0.534132 0.619167 0.530539 0.119167 0.575449 0.106667 0.568862 0.092500 0.537126 0.045000 0.538323 0.033333 0.548503 0.030000 0.576048 0.055000 0.682036 0.068333 0.698802 0.093333 0.702395 0.129167 0.692216 0.137500 0.665269 0.333333 0.647305 0.376667 0.638323 0.484167 0.635928 0.605000 0.625150 0.639167 0.614970 0.709167 0.614970 0.869167 0.599401 0.920000 0.584431 0.933333 0.585030 0.963333 0.572455 0.967500 0.556886
4 0.634167 0.304790 0.615833 0.341916 0.599167 0.425748 0.600833 0.452096 0.611667 0.468263 0.635833 0.471856 0.668333 0.471257 0.679167 0.438323 0.691667 0.432335 0.706667 0.429940 0.883333 0.447904 0.917500 0.449701 0.932500 0.445509 0.950000 0.387425 0.949167 0.377246 0.943333 0.373054 0.908333 0.364072 0.858333 0.359880 0.831667 0.360479 0.750833 0.350299 0.722500 0.349701 0.707500 0.344910 0.703333 0.340120 0.712500 0.326946 0.698333 0.305389 0.688333 0.301796 0.646667 0.297605
3 0.322500 0.226347 0.288333 0.232335 0.280000 0.246707 0.278333 0.265269 0.283333 0.274850 0.318333 0.281437 0.338333 0.292216 0.285833 0.554491 0.300833 0.580838 0.350833 0.597605 0.370833 0.589222 0.386667 0.559281 0.425833 0.354491 0.440000 0.332335 0.450000 0.305389 0.459167 0.300599 0.485000 0.301796 0.495833 0.297006 0.500833 0.268263 0.480000 0.252096 0.455000 0.243713 0.384167 0.231138
3 0.689167 0.320359 0.661667 0.325749 0.645833 0.347305 0.646667 0.362275 0.685833 0.380838 0.688333 0.392216 0.680000 0.405389 0.664167 0.459281 0.631667 0.516766 0.592500 0.622755 0.595833 0.637725 0.605833 0.646108 0.620000 0.652695 0.659167 0.659880 0.677500 0.655090 0.697500 0.635329 0.725833 0.573054 0.736667 0.527545 0.783333 0.438323 0.789167 0.412575 0.798333 0.405389 0.828333 0.406587 0.843333 0.398802 0.855833 0.376048 0.847500 0.360479 0.814167 0.343713 0.758333 0.330539 0.732500 0.328144 0.720000 0.322755
