0 0.371667 0.277246 0.367500 0.277246 0.335000 0.300599 0.329167 0.301198 0.323333 0.299401 0.319167 0.300000 0.315833 0.307186 0.305000 0.313174 0.305000 0.317964 0.325833 0.332934 0.333333 0.332934 0.339167 0.328743 0.338333 0.328144 0.342500 0.324551 0.348333 0.323952 0.350833 0.322755 0.351667 0.318563 0.349167 0.313174 0.381667 0.287425 0.382500 0.283832
4 0.424167 0.442515 0.370000 0.474252 0.281667 0.550898 0.258333 0.580838 0.255833 0.603593 0.277500 0.617365 0.311667 0.631737 0.355000 0.601796 0.386667 0.605988 0.561667 0.709581 0.590833 0.724551 0.610000 0.727545 0.678333 0.677245 0.689167 0.664072 0.687500 0.656886 0.660000 0.631737 0.611667 0.604192 0.581667 0.591617 0.475000 0.527545 0.465833 0.517365 0.465833 0.510778 0.486667 0.502994 0.491667 0.471856 0.480000 0.461078 0.445833 0.441317
0 0.398333 0.193413 0.382500 0.216766 0.384167 0.222156 0.395000 0.226946 0.404167 0.227545 0.406667 0.229341 0.405833 0.231737 0.407500 0.232335 0.407500 0.233533 0.412500 0.234132 0.415833 0.232934 0.418333 0.230539 0.421667 0.229940 0.459167 0.243713 0.466667 0.244910 0.473333 0.247305 0.478333 0.246707 0.485833 0.234731 0.485000 0.232335 0.481667 0.229940 0.435000 0.211377 0.434167 0.207784 0.436667 0.201796 0.433333 0.199401 0.430000 0.199401 0.425833 0.201796 0.420833 0.200599 0.416667 0.202395 0.415000 0.201198 0.415833 0.197006 0.413333 0.194012 0.404167 0.191018 0.400833 0.191617
1 0.885000 0.228743 0.846667 0.222754 0.819167 0.239521 0.682500 0.371856 0.675833 0.386826 0.621667 0.428144 0.597500 0.472455 0.575833 0.475449 0.536667 0.532934 0.512500 0.546108 0.355833 0.706587 0.304167 0.701198 0.279167 0.711976 0.266667 0.736527 0.283333 0.752695 0.355000 0.791018 0.403333 0.807784 0.453333 0.813772 0.473333 0.799401 0.481667 0.775449 0.462500 0.760479 0.464167 0.745509 0.507500 0.705988 0.601667 0.591617 0.660000 0.543713 0.668333 0.526347 0.767500 0.435329 0.785000 0.408982 0.800833 0.400000 0.808333 0.381437 0.912500 0.298204 0.925833 0.277844 0.924167 0.253892
4 0.660000 0.217365 0.640833 0.197605 0.600833 0.188024 0.565833 0.191617 0.474167 0.210180 0.395000 0.219760 0.369167 0.216168 0.304167 0.194012 0.281667 0.191617 0.251667 0.197006 0.218333 0.211377 0.197500 0.234132 0.184167 0.262275 0.183333 0.285030 0.192500 0.325150 0.211667 0.362874 0.224167 0.375449 0.252500 0.392814 0.286667 0.405389 0.316667 0.410180 0.375000 0.402395 0.389167 0.392216 0.402500 0.364671 0.413333 0.357485 0.430833 0.334132 0.591667 0.305389 0.641667 0.291617 0.662500 0.273054 0.666667 0.254491
3 0.137500 0.099401 0.134167 0.100000 0.129167 0.103593 0.120000 0.122754 0.120833 0.124551 0.118333 0.126347 0.117500 0.131138 0.115000 0.133533 0.115000 0.136527 0.108333 0.148503 0.105833 0.150299 0.097500 0.167066 0.095000 0.168862 0.095000 0.172455 0.092500 0.174251 0.080000 0.203593 0.075833 0.206587 0.055833 0.205988 0.053333 0.207186 0.048333 0.217964 0.048333 0.220359 0.051667 0.222754 0.055833 0.223353 0.060833 0.226347 0.070000 0.227545 0.072500 0.229341 0.094167 0.234731 0.096667 0.234132 0.118333 0.238323 0.124167 0.238323 0.127500 0.236527 0.130833 0.237126 0.136667 0.228144 0.136667 0.223353 0.121667 0.217964 0.120000 0.214970 0.146667 0.158084 0.145833 0.154491 0.165000 0.113174 0.164167 0.108383 0.161667 0.105389
4 0.670000 0.186228 0.662500 0.173054 0.655000 0.169461 0.608333 0.160479 0.599167 0.167066 0.585833 0.185030 0.575833 0.186228 0.570000 0.190419 0.507500 0.182635 0.421667 0.168263 0.400833 0.168862 0.393333 0.171856 0.380833 0.197605 0.376667 0.216766 0.377500 0.231737 0.380000 0.237126 0.390000 0.244311 0.406667 0.249102 0.419167 0.248503 0.441667 0.252096 0.449167 0.255689 0.535833 0.262275 0.549167 0.265269 0.559167 0.270060 0.563333 0.292814 0.573333 0.302395 0.610000 0.313772 0.620833 0.314970 0.629167 0.312575 0.645000 0.295210 0.661667 0.260479 0.672500 0.211377
1 0.520833 0.252695 0.470833 0.250898 0.430833 0.256886 0.406667 0.270060 0.403333 0.281437 0.409167 0.302994 0.426667 0.308982 0.445833 0.325749 0.447500 0.347305 0.397500 0.820958 0.410833 0.836527 0.440833 0.845509 0.471667 0.840120 0.486667 0.807784 0.539167 0.339521 0.550000 0.327545 0.585833 0.317964 0.593333 0.308383 0.594167 0.291018 0.586667 0.278443 0.565000 0.264072
1 0.770833 0.082036 0.714167 0.071257 0.695833 0.085629 0.420000 0.611377 0.390000 0.651497 0.336667 0.652096 0.323333 0.662275 0.314167 0.696407 0.348333 0.722754 0.469167 0.750898 0.530833 0.747305 0.540833 0.735329 0.549167 0.705389 0.510000 0.676048 0.542500 0.597605 0.583333 0.531138 0.790833 0.122754 0.794167 0.096407
1 0.170000 0.041916 0.157500 0.049701 0.157500 0.060479 0.293333 0.223353 0.298333 0.233533 0.285000 0.243114 0.290000 0.250299 0.296667 0.253892 0.309167 0.251497 0.321667 0.244311 0.355833 0.231737 0.360833 0.227545 0.359167 0.220359 0.352500 0.216168 0.344167 0.216168 0.335833 0.219162 0.330833 0.217365 0.325833 0.204790 0.310000 0.190419 0.297500 0.173054 0.279167 0.156886 0.274167 0.146108 0.201667 0.061677 0.190833 0.046108 0.182500 0.040719
0 0.240833 0.341916 0.181667 0.380838 0.169167 0.398802 0.174167 0.422754 0.185000 0.432335 0.208333 0.443713 0.215833 0.453293 0.219167 0.466467 0.237500 0.485629 0.265000 0.488024 0.286667 0.485030 0.296667 0.486228 0.308333 0.492216 0.391667 0.565269 0.398333 0.574850 0.421667 0.591018 0.440833 0.598802 0.470833 0.594611 0.481667 0.595808 0.503333 0.573054 0.507500 0.556886 0.493333 0.536527 0.443333 0.489820 0.438333 0.477844 0.410833 0.465269 0.385833 0.444311 0.385833 0.434731 0.399167 0.417365 0.397500 0.395808 0.393333 0.388623 0.377500 0.377844 0.353333 0.372455 0.335000 0.344910 0.317500 0.331737 0.306667 0.328144 0.280000 0.327545
3 0.213333 0.202395 0.205000 0.238922 0.208333 0.284431 0.229167 0.320958 0.249167 0.331737 0.286667 0.329341 0.312500 0.299401 0.332500 0.291018 0.671667 0.304192 0.720833 0.297006 0.730000 0.288024 0.725000 0.274251 0.733333 0.263473 0.731667 0.246108 0.715000 0.232335 0.692500 0.225749 0.603333 0.217365 0.325833 0.206587 0.290833 0.170659 0.259167 0.162874 0.247500 0.164671 0.227500 0.179042
2 0.375000 0.491018 0.368333 0.504192 0.351667 0.591617 0.345833 0.680239 0.358333 0.693413 0.403333 0.702994 0.447500 0.700599 0.460000 0.691018 0.470833 0.670659 0.483333 0.663473 0.496667 0.665269 0.510000 0.661677 0.582500 0.668862 0.616667 0.665269 0.727500 0.674251 0.750833 0.671856 0.763333 0.661677 0.773333 0.633533 0.775833 0.600599 0.767500 0.577246 0.747500 0.565269 0.681667 0.554491 0.638333 0.550898 0.605833 0.552695 0.585000 0.549102 0.571667 0.550898 0.540833 0.544311 0.526667 0.546108 0.515000 0.540719 0.502500 0.541317 0.490833 0.529341 0.488333 0.499401 0.477500 0.486826 0.460000 0.480838 0.410000 0.476048 0.390833 0.480240
1 0.935000 0.511976 0.919167 0.493413 0.865833 0.497605 0.726667 0.539521 0.710833 0.536527 0.653333 0.559281 0.622500 0.561078 0.559167 0.587425 0.550000 0.578443 0.498333 0.600000 0.485000 0.599401 0.270000 0.659880 0.254167 0.660479 0.231667 0.636527 0.202500 0.640719 0.188333 0.652096 0.191667 0.671257 0.235833 0.745509 0.263333 0.764072 0.283333 0.761677 0.305833 0.748503 0.306667 0.726946 0.313333 0.718563 0.365833 0.708383 0.497500 0.665868 0.545833 0.655689 0.557500 0.647904 0.575000 0.647305 0.592500 0.638922 0.717500 0.608982 0.781667 0.586826 0.915833 0.559880 0.943333 0.538922
3 0.226667 0.317365 0.145833 0.396407 0.134167 0.422754 0.144167 0.441317 0.181667 0.459281 0.197500 0.456287 0.229167 0.440120 0.243333 0.441317 0.305833 0.477844 0.360833 0.501796 0.581667 0.628743 0.614167 0.640120 0.629167 0.640719 0.641667 0.634731 0.680000 0.595210 0.670833 0.576048 0.560000 0.506587 0.321667 0.370060 0.319167 0.356287 0.340833 0.325150 0.332500 0.310180 0.310833 0.297605 0.287500 0.291617 0.265000 0.297006
2 0.516667 0.074251 0.500833 0.073653 0.479167 0.080240 0.449167 0.107186 0.445833 0.126946 0.455000 0.138922 0.475833 0.154491 0.480000 0.163473 0.440833 0.191617 0.331667 0.307784 0.331667 0.322755 0.360000 0.346108 0.411667 0.369461 0.436667 0.376048 0.455833 0.371856 0.477500 0.356886 0.572500 0.263473 0.600833 0.227545 0.616667 0.222754 0.669167 0.231138 0.693333 0.216766 0.717500 0.184431 0.710000 0.176647 0.642500 0.142515 0.615000 0.122754
0 0.399167 0.387425 0.394167 0.382036 0.385833 0.380838 0.370000 0.383832 0.365833 0.383234 0.362500 0.385030 0.332500 0.389222 0.325833 0.391617 0.311667 0.393413 0.309167 0.392814 0.303333 0.388024 0.298333 0.385629 0.290833 0.385030 0.284167 0.386826 0.279167 0.392814 0.271667 0.394012 0.267500 0.393413 0.267500 0.394611 0.257500 0.395808 0.258333 0.396407 0.255000 0.397006 0.253333 0.398802 0.252500 0.404192 0.256667 0.417365 0.258333 0.417365 0.260000 0.425150 0.262500 0.427545 0.265833 0.437126 0.270833 0.438922 0.277500 0.438922 0.291667 0.436527 0.292500 0.435329 0.295000 0.435329 0.296667 0.434132 0.304167 0.434132 0.306667 0.435329 0.310000 0.434731 0.310833 0.435928 0.314167 0.435329 0.315000 0.434132 0.318333 0.433533 0.322500 0.429341 0.322500 0.420359 0.325000 0.419760 0.325000 0.418563 0.345833 0.415569 0.346667 0.414371 0.356667 0.413174 0.360000 0.411377 0.374167 0.409581 0.377500 0.407784 0.388333 0.406587 0.391667 0.404790 0.398333 0.404192 0.400833 0.401198 0.400000 0.398802 0.401667 0.395808
2 0.070833 0.352695 0.064167 0.355090 0.060000 0.361677 0.059167 0.368263 0.061667 0.370659 0.066667 0.371257 0.070000 0.373054 0.070000 0.376647 0.063333 0.387425 0.060833 0.394012 0.058333 0.396407 0.058333 0.399401 0.055000 0.404192 0.048333 0.420958 0.050833 0.423353 0.055833 0.425150 0.070833 0.427545 0.079167 0.430539 0.084167 0.430539 0.088333 0.426946 0.088333 0.425150 0.096667 0.411976 0.096667 0.409581 0.100000 0.406587 0.100833 0.402994 0.105833 0.396407 0.105833 0.394012 0.110833 0.385030 0.114167 0.383234 0.124167 0.384431 0.130000 0.383234 0.133333 0.380838 0.135833 0.376048 0.136667 0.368862 0.135000 0.366467 0.125000 0.363473 0.121667 0.361677 0.111667 0.359880 0.110000 0.358683 0.095833 0.356886 0.094167 0.355689 0.088333 0.354491
3 0.490833 0.543713 0.461667 0.549102 0.440000 0.561677 0.225000 0.747305 0.201667 0.752096 0.160000 0.746108 0.136667 0.758084 0.131667 0.768263 0.135000 0.779641 0.161667 0.813174 0.190000 0.834731 0.233333 0.858084 0.270833 0.866467 0.306667 0.865269 0.327500 0.846707 0.330000 0.840120 0.307500 0.800599 0.521667 0.610778 0.533333 0.592814 0.534167 0.574850 0.514167 0.556287
