1 0.693333 0.036527 0.634167 0.032934 0.573333 0.045509 0.564167 0.062275 0.560833 0.096407 0.600000 0.111377 0.610833 0.132335 0.496667 0.576647 0.483333 0.596407 0.486667 0.611976 0.440000 0.762874 0.430000 0.834731 0.443333 0.855090 0.473333 0.863473 0.534167 0.867665 0.557500 0.849102 0.753333 0.155689 0.764167 0.148503 0.815000 0.143114 0.836667 0.115569 0.840000 0.090419 0.815833 0.070659
0 0.712500 0.286228 0.672500 0.287425 0.660833 0.289820 0.650833 0.297006 0.644167 0.304192 0.642500 0.310180 0.647500 0.335928 0.639167 0.341317 0.632500 0.351497 0.632500 0.359880 0.639167 0.371856 0.666667 0.388623 0.668333 0.423952 0.665000 0.444311 0.664167 0.487425 0.669167 0.497605 0.684167 0.504790 0.700833 0.505389 0.721667 0.502395 0.733333 0.493413 0.740000 0.435329 0.738333 0.413772 0.741667 0.392216 0.746667 0.387425 0.763333 0.381437 0.776667 0.371257 0.779167 0.365868 0.777500 0.353293 0.762500 0.336527 0.764167 0.329940 0.770833 0.321557 0.772500 0.311976 0.769167 0.301198 0.750833 0.292814
3 0.610000 0.466467 0.540833 0.470060 0.529167 0.485629 0.521667 0.539521 0.520833 0.610180 0.513333 0.656886 0.510000 0.750299 0.498333 0.755689 0.456667 0.759281 0.448333 0.770060 0.449167 0.794012 0.459167 0.801198 0.473333 0.805389 0.606667 0.812575 0.655833 0.807186 0.670000 0.797006 0.669167 0.774850 0.664167 0.765868 0.630833 0.761677 0.616667 0.750898 0.620000 0.664671 0.627500 0.625749 0.632500 0.542515 0.627500 0.484431 0.616667 0.468862
2 0.219167 0.543713 0.204167 0.559281 0.178333 0.604790 0.152500 0.680838 0.140833 0.735928 0.144167 0.750898 0.162500 0.773054 0.199167 0.788024 0.242500 0.790419 0.262500 0.785030 0.277500 0.767066 0.290833 0.762874 0.340833 0.773653 0.375000 0.772455 0.461667 0.793413 0.488333 0.795808 0.506667 0.804192 0.533333 0.807186 0.568333 0.819162 0.597500 0.820359 0.610833 0.816168 0.646667 0.726347 0.628333 0.701198 0.582500 0.683832 0.529167 0.672455 0.511667 0.664671 0.410000 0.640719 0.348333 0.621557 0.328333 0.605988 0.330000 0.595210 0.339167 0.585629 0.340000 0.568263 0.335000 0.556287 0.320000 0.547305 0.270833 0.533533 0.239167 0.534731
0 0.234167 0.613772 0.228333 0.635329 0.230000 0.686228 0.233333 0.697605 0.242500 0.710180 0.254167 0.713772 0.275000 0.715569 0.296667 0.711377 0.315833 0.720958 0.330833 0.721557 0.350833 0.714970 0.359167 0.704192 0.370000 0.699401 0.384167 0.701198 0.399167 0.699401 0.474167 0.714371 0.525833 0.718563 0.552500 0.717964 0.576667 0.713174 0.596667 0.701796 0.603333 0.691018 0.610000 0.660479 0.600833 0.649102 0.573333 0.643114 0.547500 0.643713 0.380000 0.631737 0.365000 0.622755 0.365000 0.609581 0.353333 0.595210 0.325833 0.602994 0.310833 0.615569 0.300833 0.612575 0.285833 0.600000 0.270000 0.596407 0.245000 0.600000
0 0.305000 0.284431 0.298333 0.297006 0.299167 0.298204 0.306667 0.301198 0.310833 0.301796 0.311667 0.302994 0.320833 0.304790 0.330833 0.308383 0.333333 0.311377 0.332500 0.312575 0.334167 0.315569 0.339167 0.319162 0.344167 0.320359 0.351667 0.319760 0.354167 0.321557 0.365833 0.324551 0.370833 0.323353 0.374167 0.320958 0.377500 0.316168 0.380833 0.307784 0.380833 0.303593 0.379167 0.301796 0.370833 0.299401 0.370000 0.298204 0.364167 0.297006 0.359167 0.292216 0.354167 0.290419 0.345833 0.291018 0.339167 0.294611
0 0.532500 0.368263 0.521667 0.363473 0.507500 0.360479 0.493333 0.364072 0.475833 0.374850 0.450000 0.398802 0.413333 0.426946 0.380000 0.424551 0.368333 0.428144 0.355000 0.440120 0.345833 0.461078 0.328333 0.475449 0.319167 0.479042 0.309167 0.493413 0.310000 0.502994 0.319167 0.516766 0.339167 0.534731 0.350000 0.540120 0.376667 0.547305 0.393333 0.546108 0.414167 0.534132 0.430833 0.515569 0.452500 0.510778 0.465000 0.503593 0.472500 0.494611 0.475833 0.482635 0.470000 0.459281 0.480000 0.447904 0.493333 0.438922 0.529167 0.407784 0.541667 0.392814 0.542500 0.378443
1 0.287500 0.220359 0.220833 0.288623 0.218333 0.302395 0.229167 0.313772 0.248333 0.319760 0.270000 0.307784 0.283333 0.310778 0.375000 0.365269 0.397500 0.373054 0.405833 0.380838 0.723333 0.550898 0.774167 0.565269 0.790833 0.563473 0.816667 0.541317 0.820000 0.530539 0.800833 0.511377 0.334167 0.256886 0.330000 0.250299 0.346667 0.222156 0.317500 0.207784
3 0.416667 0.287425 0.410000 0.291018 0.394167 0.292814 0.380000 0.299401 0.376667 0.320359 0.407500 0.395808 0.437500 0.453293 0.448333 0.486826 0.455833 0.494012 0.449167 0.501198 0.429167 0.510180 0.424167 0.516168 0.432500 0.535928 0.444167 0.540719 0.471667 0.541916 0.508333 0.537126 0.551667 0.525748 0.582500 0.506587 0.582500 0.499401 0.573333 0.483234 0.563333 0.480240 0.538333 0.480838 0.526667 0.474850 0.518333 0.452096 0.459167 0.329341 0.450833 0.305988 0.444167 0.297605 0.430833 0.288623
3 0.776667 0.240719 0.775833 0.241317 0.774167 0.239521 0.765833 0.240120 0.751667 0.248503 0.745833 0.253293 0.741667 0.254491 0.741667 0.255689 0.739167 0.256287 0.735833 0.259281 0.730833 0.261078 0.703333 0.276647 0.699167 0.277844 0.700000 0.278443 0.698333 0.279641 0.696667 0.279641 0.678333 0.290419 0.667500 0.298204 0.663333 0.298204 0.655833 0.293413 0.655000 0.294012 0.653333 0.292216 0.647500 0.291617 0.636667 0.298204 0.635833 0.300599 0.641667 0.308383 0.648333 0.312575 0.647500 0.313174 0.659167 0.323353 0.665833 0.326946 0.672500 0.332934 0.680000 0.336527 0.680833 0.335928 0.685833 0.337725 0.693333 0.334132 0.697500 0.330539 0.697500 0.328144 0.690833 0.320958 0.691667 0.317964 0.742500 0.286826 0.750000 0.280240 0.783333 0.260479 0.788333 0.254491 0.788333 0.252695 0.785000 0.247904
2 0.435000 0.503593 0.427500 0.543713 0.431667 0.618563 0.453333 0.646108 0.498333 0.662874 0.537500 0.664671 0.568333 0.658683 0.610000 0.632934 0.623333 0.628743 0.690833 0.638922 0.825000 0.649701 0.857500 0.631737 0.874167 0.601198 0.874167 0.561677 0.850833 0.538323 0.801667 0.525150 0.632500 0.505389 0.623333 0.499401 0.610833 0.475449 0.600000 0.464072 0.564167 0.449701 0.515833 0.446707 0.493333 0.453293 0.461667 0.471856
1 0.692500 0.387425 0.672500 0.392216 0.659167 0.411377 0.661667 0.465868 0.646667 0.793413 0.610000 0.803593 0.604167 0.823353 0.610000 0.832335 0.630833 0.840120 0.675833 0.847305 0.712500 0.847904 0.739167 0.843713 0.755833 0.836527 0.760000 0.813772 0.752500 0.805389 0.719167 0.797605 0.735833 0.489820 0.735000 0.411377 0.723333 0.393413
4 0.770000 0.518563 0.753333 0.516168 0.697500 0.517964 0.578333 0.540719 0.528333 0.559880 0.510000 0.571856 0.505000 0.580838 0.518333 0.626946 0.526667 0.629940 0.583333 0.627545 0.594167 0.632335 0.592500 0.643713 0.600000 0.653293 0.605000 0.682036 0.620833 0.714970 0.620000 0.725748 0.642500 0.798204 0.656667 0.817365 0.700000 0.816168 0.763333 0.802395 0.785000 0.791617 0.790000 0.779641 0.780000 0.760479 0.770000 0.720359 0.770833 0.706587 0.754167 0.677844 0.741667 0.639521 0.742500 0.629341 0.734167 0.618563 0.737500 0.609581 0.752500 0.598802 0.789167 0.579641 0.798333 0.563473 0.787500 0.528144
0 0.399167 0.311377 0.393333 0.311377 0.390833 0.312575 0.389167 0.311976 0.379167 0.315569 0.375000 0.315569 0.367500 0.313772 0.364167 0.314970 0.360833 0.318563 0.360833 0.325150 0.359167 0.326946 0.347500 0.328743 0.341667 0.331138 0.338333 0.331138 0.334167 0.332934 0.332500 0.332335 0.328333 0.334132 0.326667 0.333533 0.322500 0.335329 0.320833 0.334731 0.315000 0.337126 0.302500 0.340120 0.296667 0.344311 0.299167 0.354491 0.303333 0.358084 0.305833 0.358683 0.311667 0.356886 0.313333 0.357485 0.320000 0.355090 0.325000 0.355090 0.329167 0.353293 0.330833 0.353892 0.339167 0.350898 0.367500 0.345509 0.371667 0.348503 0.374167 0.352096 0.381667 0.352695 0.385000 0.350898 0.385833 0.348503 0.388333 0.346707 0.394167 0.344910 0.397500 0.345509 0.400000 0.344311 0.401667 0.344910 0.409167 0.343114 0.412500 0.340120 0.411667 0.337126 0.404167 0.326347 0.405000 0.325150 0.403333 0.317964
2 0.481667 0.534132 0.440000 0.539521 0.405833 0.567665 0.393333 0.593413 0.396667 0.605988 0.420833 0.623353 0.419167 0.636527 0.392500 0.668263 0.386667 0.688623 0.354167 0.720359 0.320833 0.763473 0.268333 0.811976 0.256667 0.831737 0.259167 0.841916 0.371667 0.893413 0.408333 0.888623 0.427500 0.876647 0.461667 0.837725 0.499167 0.808383 0.549167 0.749701 0.568333 0.738323 0.595833 0.711377 0.621667 0.702395 0.655833 0.718563 0.686667 0.721557 0.702500 0.711976 0.736667 0.677245 0.740000 0.653892 0.735833 0.646108 0.695833 0.616766 0.589167 0.568862
