0 0.410833 0.257485 0.356667 0.284431 0.337500 0.297605 0.326667 0.308982 0.325000 0.322156 0.329167 0.329341 0.350000 0.344910 0.379167 0.347305 0.375000 0.358084 0.375000 0.382635 0.381667 0.392814 0.395000 0.395808 0.425000 0.392216 0.437500 0.397605 0.476667 0.429341 0.506667 0.462874 0.539167 0.490419 0.574167 0.500000 0.583333 0.498204 0.606667 0.478443 0.623333 0.471856 0.627500 0.457485 0.610000 0.443713 0.604167 0.433533 0.590833 0.425150 0.581667 0.411976 0.567500 0.402994 0.561667 0.384431 0.552500 0.377844 0.542500 0.358683 0.524167 0.343713 0.520833 0.319760 0.512500 0.308383 0.502500 0.302395 0.490833 0.284431 0.470833 0.271257 0.458333 0.258683 0.446667 0.252695 0.433333 0.251497
2 0.585000 0.153293 0.511667 0.204790 0.465000 0.255689 0.427500 0.286826 0.410000 0.310778 0.410000 0.320359 0.418333 0.332934 0.447500 0.352096 0.479167 0.362874 0.500000 0.361078 0.539167 0.338323 0.550833 0.335329 0.592500 0.359281 0.605833 0.362275 0.612500 0.370659 0.625000 0.373054 0.677500 0.405389 0.692500 0.408982 0.706667 0.419760 0.769167 0.449701 0.801667 0.456886 0.824167 0.441916 0.825833 0.429341 0.846667 0.417365 0.874167 0.393413 0.884167 0.376048 0.883333 0.363473 0.865000 0.344910 0.824167 0.324551 0.717500 0.258683 0.660000 0.235928 0.655833 0.225749 0.670833 0.205988 0.670833 0.185030 0.628333 0.155090 0.613333 0.151497
1 0.145833 0.508982 0.130833 0.535329 0.126667 0.557485 0.129167 0.571257 0.143333 0.579042 0.175833 0.587425 0.198333 0.570659 0.217500 0.569461 0.795833 0.780838 0.853333 0.797605 0.878333 0.794012 0.890833 0.782036 0.906667 0.753293 0.893333 0.737725 0.271667 0.504790 0.265833 0.498204 0.270000 0.470659 0.247500 0.455090 0.225000 0.449102 0.200000 0.457485
3 0.774167 0.220359 0.743333 0.211377 0.730833 0.218563 0.668333 0.234132 0.595000 0.268862 0.532500 0.291617 0.434167 0.319760 0.407500 0.335928 0.385833 0.337725 0.322500 0.359281 0.293333 0.361677 0.262500 0.343114 0.232500 0.333533 0.201667 0.342515 0.185000 0.358084 0.173333 0.389222 0.190833 0.427545 0.195000 0.456287 0.224167 0.501198 0.262500 0.532934 0.293333 0.540120 0.324167 0.533533 0.350833 0.507186 0.346667 0.485030 0.350833 0.459281 0.417500 0.438323 0.490000 0.407784 0.518333 0.402994 0.530833 0.395210 0.567500 0.385629 0.640000 0.355090 0.760000 0.317964 0.790833 0.300599 0.806667 0.284431 0.805833 0.270659
0 0.500000 0.206587 0.491667 0.200000 0.477500 0.201198 0.458333 0.206587 0.448333 0.204192 0.424167 0.205389 0.418333 0.207186 0.397500 0.221557 0.377500 0.222754 0.368333 0.227545 0.348333 0.229341 0.333333 0.234132 0.319167 0.234731 0.280000 0.243713 0.266667 0.251497 0.255000 0.262874 0.254167 0.269461 0.262500 0.294611 0.269167 0.297605 0.281667 0.299401 0.316667 0.292216 0.352500 0.288024 0.370833 0.283832 0.386667 0.283832 0.425833 0.276048 0.431667 0.276647 0.448333 0.292216 0.459167 0.294012 0.470000 0.283832 0.476667 0.280838 0.483333 0.280240 0.497500 0.283234 0.516667 0.279641 0.524167 0.275449 0.525833 0.267665
2 0.660000 0.295210 0.609167 0.291018 0.472500 0.301198 0.409167 0.312575 0.385000 0.331138 0.380833 0.362275 0.391667 0.385629 0.403333 0.392814 0.430833 0.395808 0.438333 0.402395 0.443333 0.435928 0.454167 0.453293 0.454167 0.486228 0.461667 0.526946 0.460000 0.579641 0.465833 0.597006 0.475000 0.604192 0.586667 0.598802 0.610000 0.582036 0.615000 0.566467 0.610833 0.535928 0.615000 0.491617 0.608333 0.438323 0.613333 0.420958 0.612500 0.393413 0.624167 0.376647 0.665000 0.373653 0.681667 0.365868 0.685833 0.358084 0.686667 0.320359 0.671667 0.300599
3 0.698333 0.458084 0.648333 0.446108 0.619167 0.444311 0.600833 0.452096 0.592500 0.460479 0.538333 0.552096 0.430833 0.759281 0.417500 0.768862 0.358333 0.764671 0.338333 0.783234 0.332500 0.814371 0.337500 0.822755 0.355000 0.832335 0.425833 0.857485 0.516667 0.871257 0.562500 0.871257 0.575833 0.867066 0.586667 0.857485 0.594167 0.832335 0.586667 0.800000 0.594167 0.764072 0.620833 0.707784 0.625000 0.685030 0.635000 0.674850 0.638333 0.650898 0.653333 0.631138 0.675000 0.575449 0.693333 0.550898 0.708333 0.514970 0.710833 0.476048
2 0.845833 0.509581 0.828333 0.493413 0.807500 0.487425 0.778333 0.485030 0.747500 0.489820 0.730833 0.498802 0.703333 0.526946 0.660833 0.528144 0.570000 0.537126 0.553333 0.536527 0.532500 0.540719 0.515000 0.558683 0.510833 0.576647 0.518333 0.610778 0.536667 0.626347 0.556667 0.631138 0.602500 0.631138 0.695000 0.623952 0.732500 0.625150 0.748333 0.643114 0.763333 0.652096 0.798333 0.656886 0.829167 0.651497 0.851667 0.637725 0.868333 0.617964 0.870833 0.582036 0.867500 0.563473
4 0.394167 0.692814 0.375000 0.708383 0.360000 0.728743 0.355000 0.741916 0.357500 0.752096 0.366667 0.761078 0.490000 0.825749 0.519167 0.838323 0.517500 0.850898 0.505000 0.874850 0.506667 0.880240 0.543333 0.899401 0.560000 0.902395 0.574167 0.900000 0.607500 0.885629 0.631667 0.867665 0.662500 0.829940 0.666667 0.814970 0.675833 0.802994 0.685833 0.777246 0.675833 0.761677 0.664167 0.754491 0.635833 0.746707 0.610833 0.752695 0.580833 0.765269 0.569167 0.756886 0.424167 0.687425 0.401667 0.689820
4 0.320000 0.203593 0.294167 0.209581 0.269167 0.219760 0.251667 0.233533 0.250000 0.250898 0.309167 0.352695 0.323333 0.371856 0.316667 0.379641 0.285000 0.399401 0.283333 0.403593 0.300833 0.432934 0.313333 0.441317 0.325000 0.444311 0.366667 0.444311 0.401667 0.436527 0.450000 0.417964 0.468333 0.404192 0.483333 0.398204 0.507500 0.381437 0.510000 0.364671 0.503333 0.352096 0.487500 0.337725 0.461667 0.333533 0.427500 0.332934 0.420833 0.317365 0.350000 0.209581 0.332500 0.204192
4 0.129167 0.362874 0.101667 0.368862 0.076667 0.382635 0.064167 0.411377 0.065833 0.428144 0.105833 0.507784 0.128333 0.569461 0.125000 0.590419 0.099167 0.638323 0.096667 0.657485 0.100833 0.668263 0.131667 0.703593 0.180833 0.721557 0.216667 0.725748 0.237500 0.724551 0.303333 0.712575 0.357500 0.694012 0.372500 0.684431 0.398333 0.657485 0.415000 0.618563 0.407500 0.586826 0.396667 0.567665 0.382500 0.558683 0.339167 0.550898 0.330833 0.544311 0.298333 0.535928 0.290833 0.529940 0.284167 0.507784 0.263333 0.475449 0.238333 0.416168 0.210000 0.374850 0.185000 0.362275
1 0.309167 0.482036 0.298333 0.493413 0.300000 0.506587 0.311667 0.519162 0.314167 0.535928 0.334167 0.568263 0.394167 0.641317 0.426667 0.671257 0.451667 0.710180 0.466667 0.724551 0.474167 0.741317 0.567500 0.854491 0.551667 0.882036 0.559167 0.901198 0.567500 0.908982 0.606667 0.911976 0.652500 0.902994 0.675000 0.894611 0.701667 0.877844 0.707500 0.852695 0.688333 0.831737 0.650833 0.830539 0.640000 0.826946 0.425833 0.552695 0.410000 0.544311 0.402500 0.524551 0.390000 0.518563 0.390000 0.509581 0.374167 0.490419 0.360000 0.479641 0.339167 0.474252
4 0.370000 0.298802 0.299167 0.302994 0.264167 0.312575 0.248333 0.324551 0.244167 0.336527 0.258333 0.395210 0.308333 0.532934 0.299167 0.544910 0.245833 0.571856 0.243333 0.589820 0.258333 0.625150 0.309167 0.641317 0.382500 0.638922 0.501667 0.614371 0.549167 0.595808 0.559167 0.587425 0.568333 0.570060 0.558333 0.544311 0.559167 0.534132 0.550833 0.523353 0.485833 0.510180 0.465833 0.497605 0.444167 0.455090 0.439167 0.431737 0.420833 0.391617 0.420833 0.375449 0.408333 0.350898 0.403333 0.327545 0.388333 0.304192
0 0.466667 0.084431 0.445833 0.077844 0.425833 0.082635 0.300000 0.170659 0.285833 0.173653 0.246667 0.168862 0.230000 0.173054 0.213333 0.185030 0.201667 0.211976 0.181667 0.222754 0.157500 0.241317 0.155000 0.256287 0.170000 0.275449 0.225000 0.316766 0.248333 0.323952 0.260833 0.322755 0.287500 0.310778 0.321667 0.283832 0.330833 0.280240 0.347500 0.279042 0.367500 0.267665 0.375000 0.246108 0.367500 0.229341 0.370000 0.216766 0.449167 0.161677 0.492500 0.126946 0.493333 0.111377
3 0.643333 0.358084 0.594167 0.358084 0.575833 0.368263 0.567500 0.379042 0.528333 0.619760 0.527500 0.653293 0.516667 0.664072 0.470833 0.674251 0.460833 0.681437 0.455833 0.692814 0.456667 0.712575 0.480000 0.726946 0.507500 0.736527 0.562500 0.746707 0.614167 0.747904 0.651667 0.744311 0.683333 0.731737 0.695833 0.719760 0.695833 0.693413 0.641667 0.668263 0.675833 0.402994 0.670000 0.370659 0.661667 0.362874
1 0.187500 0.176048 0.183333 0.197605 0.216667 0.214970 0.301667 0.234132 0.736667 0.355090 0.750000 0.355689 0.758333 0.361078 0.756667 0.386228 0.779167 0.396407 0.793333 0.397006 0.805833 0.389222 0.851667 0.313772 0.849167 0.288024 0.840000 0.282036 0.820833 0.277246 0.806667 0.279641 0.790833 0.298802 0.774167 0.298802 0.238333 0.155689 0.204167 0.158683
