2 0.795000 0.202994 0.764167 0.177844 0.722500 0.170659 0.675833 0.177844 0.662500 0.187425 0.660833 0.212575 0.632500 0.219162 0.423333 0.226347 0.338333 0.217365 0.305000 0.219760 0.292500 0.225749 0.286667 0.244910 0.286667 0.291018 0.298333 0.343114 0.314167 0.353293 0.445833 0.366467 0.487500 0.362874 0.577500 0.367665 0.602500 0.373054 0.638333 0.371856 0.662500 0.385629 0.656667 0.409581 0.678333 0.438323 0.760000 0.443114 0.794167 0.428144 0.808333 0.378443 0.806667 0.274850
3 0.664167 0.625749 0.622500 0.616168 0.600000 0.626946 0.564167 0.665269 0.556667 0.678443 0.540000 0.690419 0.525833 0.707784 0.515833 0.710778 0.519167 0.717964 0.484167 0.749701 0.472500 0.769461 0.461667 0.776647 0.442500 0.782036 0.437500 0.786826 0.438333 0.804790 0.420000 0.820958 0.405833 0.824551 0.375000 0.814970 0.360833 0.817964 0.343333 0.838323 0.341667 0.846108 0.346667 0.858084 0.376667 0.879042 0.412500 0.897006 0.440833 0.901198 0.465833 0.911377 0.485833 0.913772 0.509167 0.908982 0.519167 0.897006 0.522500 0.883234 0.508333 0.870060 0.507500 0.859880 0.522500 0.841317 0.527500 0.820958 0.605000 0.733533 0.620000 0.721557 0.624167 0.710180 0.667500 0.663473 0.675833 0.643114 0.672500 0.633533
3 0.088333 0.676048 0.099167 0.705389 0.115000 0.724551 0.131667 0.733533 0.170833 0.734731 0.189167 0.725150 0.200833 0.685629 0.210833 0.677844 0.236667 0.680838 0.308333 0.674251 0.603333 0.661078 0.636667 0.651497 0.660000 0.635928 0.669167 0.600599 0.653333 0.578443 0.621667 0.569461 0.511667 0.568862 0.365000 0.580240 0.267500 0.582635 0.229167 0.577844 0.203333 0.580838 0.187500 0.573653 0.173333 0.549701 0.148333 0.544311 0.122500 0.544910 0.105000 0.553293 0.087500 0.587425 0.084167 0.625150
0 0.494167 0.188623 0.476667 0.177246 0.460000 0.176048 0.447500 0.180240 0.435000 0.188623 0.418333 0.193413 0.387500 0.207784 0.358333 0.223952 0.333333 0.233533 0.297500 0.224551 0.280000 0.226347 0.268333 0.234132 0.255833 0.255090 0.235833 0.258084 0.221667 0.263473 0.210833 0.272455 0.212500 0.289222 0.231667 0.319760 0.253333 0.338922 0.265000 0.345509 0.290000 0.346707 0.300833 0.343114 0.327500 0.324551 0.344167 0.326347 0.356667 0.323353 0.365000 0.318563 0.374167 0.308383 0.378333 0.280240 0.415833 0.259281 0.444167 0.247904 0.499167 0.218563 0.504167 0.212575 0.505833 0.204192
3 0.398333 0.162275 0.350833 0.172455 0.330833 0.208982 0.340833 0.276048 0.411667 0.522156 0.362500 0.550299 0.356667 0.566467 0.360833 0.591617 0.371667 0.602395 0.425000 0.619162 0.455833 0.619162 0.519167 0.608982 0.579167 0.592216 0.619167 0.567066 0.629167 0.550898 0.621667 0.525150 0.611667 0.513772 0.545833 0.492814 0.520000 0.427545 0.486667 0.301198 0.450833 0.200599 0.430000 0.171856 0.418333 0.164671
4 0.739167 0.848503 0.722500 0.834731 0.690833 0.819761 0.676667 0.819761 0.648333 0.826946 0.643333 0.832934 0.642500 0.855689 0.630000 0.867066 0.500000 0.902994 0.478333 0.913174 0.475833 0.920359 0.476667 0.933533 0.490833 0.959880 0.497500 0.966467 0.507500 0.970060 0.525000 0.969461 0.667500 0.932335 0.706667 0.955090 0.717500 0.955090 0.749167 0.946707 0.755000 0.942515 0.761667 0.929940 0.763333 0.902395 0.754167 0.869461
2 0.352500 0.256886 0.347500 0.302395 0.355000 0.338922 0.370833 0.376647 0.400000 0.420958 0.413333 0.429940 0.438333 0.435928 0.483333 0.431737 0.496667 0.426347 0.515000 0.410778 0.526667 0.384431 0.535000 0.380838 0.711667 0.358084 0.747500 0.359281 0.785000 0.352096 0.793333 0.345509 0.800000 0.310778 0.790833 0.279042 0.776667 0.253892 0.758333 0.245509 0.723333 0.246707 0.709167 0.250898 0.617500 0.261078 0.568333 0.260479 0.504167 0.268862 0.473333 0.236527 0.455833 0.228743 0.429167 0.224551 0.409167 0.225150 0.377500 0.233533 0.360833 0.242515
4 0.178333 0.693413 0.166667 0.704192 0.157500 0.720958 0.144167 0.733533 0.134167 0.754491 0.146667 0.765269 0.173333 0.777246 0.240833 0.792814 0.333333 0.822755 0.345000 0.829341 0.346667 0.834731 0.336667 0.843114 0.340000 0.870060 0.361667 0.879042 0.385000 0.884431 0.397500 0.880240 0.428333 0.849102 0.440833 0.823353 0.470000 0.782635 0.480833 0.750898 0.480833 0.741317 0.475833 0.733533 0.428333 0.720359 0.415000 0.731737 0.403333 0.749701 0.381667 0.752096 0.308333 0.731737 0.219167 0.701796
0 0.677500 0.667066 0.668333 0.673054 0.662500 0.682036 0.665833 0.692216 0.745000 0.771856 0.746667 0.780240 0.738333 0.795210 0.737500 0.802994 0.740000 0.811377 0.748333 0.820359 0.777500 0.831138 0.801667 0.857485 0.806667 0.860479 0.817500 0.862275 0.846667 0.854491 0.892500 0.831138 0.902500 0.819162 0.903333 0.811976 0.892500 0.794611 0.869167 0.774252 0.865833 0.768263 0.865833 0.757485 0.857500 0.746707 0.830833 0.738922 0.817500 0.741916 0.802500 0.738922 0.756667 0.692216 0.722500 0.661677 0.707500 0.658084
4 0.546667 0.237126 0.511667 0.234731 0.468333 0.236527 0.446667 0.239521 0.432500 0.247305 0.427500 0.259281 0.430000 0.277246 0.425000 0.320359 0.434167 0.358084 0.431667 0.404192 0.418333 0.414970 0.388333 0.420359 0.375000 0.427545 0.364167 0.444311 0.364167 0.468263 0.368333 0.478443 0.404167 0.489222 0.450833 0.493413 0.499167 0.492814 0.577500 0.486228 0.617500 0.470060 0.624167 0.459880 0.624167 0.426946 0.620833 0.421557 0.595000 0.414371 0.572500 0.413174 0.563333 0.408982 0.565833 0.398204 0.560833 0.390419 0.564167 0.366467 0.560000 0.350898 0.560000 0.256287 0.554167 0.241916
0 0.092500 0.567066 0.079167 0.580838 0.067500 0.599401 0.095000 0.625749 0.102500 0.630539 0.144167 0.644910 0.150000 0.650299 0.151667 0.656287 0.163333 0.652096 0.180000 0.664671 0.185000 0.672455 0.198333 0.671856 0.221667 0.676647 0.229167 0.682036 0.227500 0.705988 0.242500 0.714371 0.260833 0.711377 0.289167 0.713772 0.305833 0.730539 0.324167 0.738323 0.337500 0.740719 0.348333 0.737725 0.379167 0.702395 0.388333 0.685030 0.402500 0.668263 0.406667 0.658084 0.396667 0.646108 0.352500 0.637725 0.334167 0.626946 0.328333 0.613174 0.322500 0.608383 0.309167 0.606587 0.292500 0.612575 0.278333 0.621557 0.268333 0.620958 0.183333 0.589222 0.159167 0.582635 0.139167 0.571257 0.107500 0.563473
0 0.245833 0.788623 0.240000 0.788024 0.238333 0.789222 0.235833 0.789222 0.221667 0.799401 0.213333 0.803593 0.213333 0.804790 0.207500 0.807784 0.197500 0.815569 0.192500 0.817964 0.186667 0.822156 0.185833 0.823952 0.180000 0.825150 0.173333 0.823353 0.168333 0.823353 0.163333 0.825150 0.159167 0.829341 0.160000 0.833533 0.145000 0.841916 0.145833 0.842515 0.143333 0.843713 0.144167 0.844311 0.142500 0.844910 0.142500 0.847904 0.145000 0.851497 0.159167 0.863473 0.160833 0.863473 0.165000 0.867665 0.166667 0.867665 0.173333 0.871856 0.183333 0.873054 0.195000 0.865868 0.194167 0.865269 0.200000 0.859281 0.205833 0.859880 0.211667 0.857485 0.211667 0.856287 0.215000 0.853892 0.215000 0.851497 0.213333 0.849102 0.214167 0.848503 0.212500 0.847305 0.213333 0.846707 0.210000 0.843713 0.210833 0.840719 0.213333 0.839521 0.212500 0.838922 0.219167 0.835329 0.220000 0.833533 0.226667 0.829940 0.228333 0.827545 0.258333 0.805389 0.260833 0.801198 0.259167 0.800000 0.260000 0.799401 0.257500 0.795808
3 0.875000 0.750898 0.856667 0.713174 0.835833 0.697006 0.814167 0.699401 0.785000 0.707784 0.765833 0.731737 0.764167 0.742515 0.737500 0.750299 0.720833 0.749701 0.665833 0.759880 0.645833 0.758084 0.627500 0.763473 0.608333 0.762275 0.593333 0.767665 0.472500 0.779641 0.368333 0.797605 0.350000 0.808982 0.352500 0.840719 0.369167 0.866467 0.384167 0.874251 0.402500 0.876647 0.440000 0.876048 0.583333 0.856287 0.754167 0.840120 0.795833 0.841916 0.820833 0.870659 0.856667 0.870060 0.875833 0.864671 0.886667 0.846108 0.887500 0.806587
0 0.541667 0.446108 0.544167 0.456287 0.552500 0.462874 0.565000 0.467665 0.584167 0.469461 0.597500 0.474252 0.604167 0.480240 0.609167 0.489820 0.619167 0.495210 0.630833 0.494012 0.656667 0.480240 0.676667 0.485030 0.729167 0.507784 0.738333 0.513772 0.806667 0.540120 0.815833 0.540719 0.828333 0.535329 0.840833 0.534132 0.848333 0.528144 0.850833 0.508383 0.842500 0.498204 0.704167 0.436527 0.698333 0.431737 0.705833 0.410180 0.701667 0.401796 0.694167 0.398802 0.680000 0.401198 0.656667 0.397006 0.650833 0.394012 0.644167 0.383234 0.625833 0.374850 0.607500 0.373653 0.600833 0.378443 0.591667 0.391617 0.565000 0.417365
0 0.153333 0.662874 0.151667 0.664671 0.150833 0.664072 0.149167 0.665269 0.148333 0.664671 0.140000 0.667066 0.135000 0.670060 0.134167 0.669461 0.131667 0.671856 0.130833 0.671257 0.127500 0.674251 0.126667 0.673653 0.120833 0.679641 0.120833 0.683234 0.124167 0.686826 0.125000 0.689820 0.127500 0.691018 0.126667 0.691617 0.135833 0.697006 0.135000 0.697605 0.138333 0.703593 0.135833 0.711377 0.139167 0.714371 0.138333 0.714970 0.142500 0.717365 0.150833 0.719760 0.159167 0.718563 0.163333 0.720359 0.165833 0.725748 0.168333 0.726946 0.168333 0.729341 0.171667 0.732335 0.170833 0.732934 0.173333 0.734132 0.178333 0.741317 0.177500 0.741916 0.180833 0.744910 0.180000 0.745509 0.183333 0.748503 0.185833 0.753293 0.187500 0.753892 0.187500 0.756287 0.190000 0.757485 0.190000 0.759880 0.195833 0.763473 0.205000 0.764671 0.215000 0.761677 0.217500 0.759880 0.218333 0.760479 0.224167 0.754491 0.223333 0.750299 0.221667 0.749102 0.222500 0.747305 0.216667 0.740120 0.217500 0.739521 0.215833 0.738323 0.216667 0.737725 0.214167 0.736527 0.214167 0.734132 0.212500 0.733533 0.210000 0.727545 0.208333 0.726946 0.208333 0.724551 0.205000 0.721557 0.205833 0.720958 0.204167 0.720359 0.203333 0.717365 0.198333 0.712575 0.199167 0.711976 0.195000 0.706587 0.195000 0.703593 0.198333 0.700599 0.197500 0.698802 0.200833 0.692814 0.199167 0.691617 0.200000 0.687425 0.189167 0.679641 0.190000 0.679042 0.187500 0.676647 0.188333 0.674850 0.186667 0.670060 0.182500 0.665269 0.183333 0.664671 0.174167 0.659281 0.170833 0.659281 0.169167 0.660479 0.166667 0.659880 0.165833 0.661078 0.156667 0.662874 0.155833 0.662275 0.154167 0.663473
0 0.374167 0.227545 0.377500 0.232335 0.370000 0.241317 0.370833 0.253293 0.382500 0.265868 0.402500 0.276647 0.410833 0.288623 0.412500 0.297605 0.407500 0.308383 0.410833 0.315569 0.417500 0.320359 0.460000 0.317365 0.467500 0.322156 0.502500 0.363473 0.533333 0.391018 0.541667 0.408383 0.560833 0.424551 0.571667 0.428144 0.587500 0.426347 0.622500 0.410180 0.619167 0.377246 0.586667 0.341916 0.587500 0.335928 0.578333 0.334731 0.572500 0.329940 0.569167 0.317964 0.572500 0.305988 0.560833 0.304790 0.553333 0.296407 0.535000 0.285629 0.534167 0.279641 0.547500 0.271856 0.556667 0.260479 0.550000 0.252096 0.530000 0.244910 0.521667 0.237725 0.508333 0.232335 0.505000 0.227545 0.505000 0.213772 0.490000 0.196407 0.480833 0.192814 0.465000 0.196407 0.443333 0.208383 0.423333 0.213772 0.392500 0.231138 0.383333 0.232335
0 0.545833 0.168263 0.535833 0.170060 0.517500 0.181437 0.421667 0.267066 0.409167 0.268862 0.391667 0.261677 0.377500 0.262275 0.367500 0.274251 0.366667 0.287425 0.355833 0.297006 0.335000 0.308982 0.325000 0.319162 0.325000 0.328144 0.335833 0.337725 0.369167 0.358683 0.385000 0.364072 0.407500 0.378443 0.418333 0.380240 0.428333 0.377844 0.443333 0.364671 0.453333 0.349102 0.467500 0.344910 0.479167 0.344311 0.488333 0.340120 0.492500 0.331737 0.478333 0.313772 0.477500 0.305389 0.506667 0.273054 0.580833 0.207186 0.584167 0.198802 0.577500 0.185030
0 0.230833 0.489820 0.205000 0.510778 0.205000 0.520958 0.212500 0.535329 0.275833 0.600000 0.307500 0.641916 0.325833 0.656287 0.305833 0.683234 0.308333 0.696407 0.321667 0.705988 0.346667 0.709581 0.365000 0.722156 0.369167 0.744311 0.384167 0.754491 0.387500 0.760479 0.405833 0.764072 0.435000 0.755689 0.460000 0.743713 0.492500 0.733533 0.531667 0.710778 0.545833 0.693413 0.546667 0.685030 0.526667 0.653892 0.499167 0.637725 0.499167 0.621557 0.491667 0.612575 0.480000 0.606587 0.466667 0.604790 0.423333 0.609581 0.415000 0.605988 0.388333 0.574850 0.365000 0.556886 0.337500 0.526347 0.290833 0.485629 0.276667 0.480838 0.259167 0.480838
1 0.785833 0.177246 0.779167 0.178443 0.775000 0.182036 0.773333 0.186228 0.799167 0.296407 0.800000 0.307784 0.806667 0.326946 0.803333 0.331737 0.795833 0.332934 0.792500 0.335329 0.791667 0.339521 0.795833 0.344910 0.802500 0.346108 0.838333 0.343114 0.849167 0.338922 0.850000 0.334132 0.846667 0.328743 0.838333 0.328743 0.832500 0.326946 0.827500 0.300599 0.825000 0.295210 0.824167 0.284431 0.818333 0.267665 0.815000 0.246108 0.808333 0.224551 0.800000 0.182635 0.795000 0.177844
2 0.433333 0.315569 0.337500 0.349701 0.317500 0.361078 0.313333 0.368862 0.321667 0.396407 0.343333 0.420359 0.355833 0.443713 0.424167 0.532934 0.437500 0.557485 0.434167 0.572455 0.394167 0.598204 0.394167 0.613174 0.405000 0.632335 0.419167 0.645509 0.436667 0.655090 0.449167 0.655090 0.531667 0.635329 0.670000 0.585629 0.700000 0.565269 0.701667 0.549102 0.686667 0.518563 0.662500 0.501198 0.647500 0.500000 0.612500 0.511976 0.599167 0.509581 0.584167 0.499401 0.545000 0.434731 0.483333 0.355090 0.468333 0.329341 0.454167 0.318563
