1 0.260833 0.201198 0.242500 0.213772 0.241667 0.229341 0.276667 0.283832 0.641667 0.767665 0.643333 0.777844 0.610000 0.811377 0.629167 0.844311 0.650833 0.852096 0.681667 0.850898 0.791667 0.822156 0.825833 0.803593 0.844167 0.785030 0.845000 0.771257 0.831667 0.750898 0.814167 0.736527 0.772500 0.741916 0.751667 0.730539 0.490833 0.391617 0.483333 0.371257 0.395000 0.254491 0.342500 0.196407 0.313333 0.183832
0 0.830833 0.224551 0.815833 0.225150 0.808333 0.229940 0.802500 0.237725 0.785000 0.283832 0.765833 0.320359 0.765833 0.327545 0.738333 0.332335 0.730833 0.337725 0.728333 0.344311 0.736667 0.356287 0.737500 0.362275 0.735833 0.369461 0.722500 0.379641 0.722500 0.387425 0.719167 0.392814 0.723333 0.400599 0.746667 0.409581 0.760000 0.411976 0.772500 0.417365 0.812500 0.423952 0.831667 0.421557 0.835833 0.419162 0.849167 0.399401 0.847500 0.390419 0.849167 0.382635 0.860000 0.376048 0.863333 0.369461 0.863333 0.364072 0.858333 0.356886 0.837500 0.343114 0.836667 0.337126 0.847500 0.315569 0.850000 0.301198 0.860000 0.278443 0.860000 0.271257 0.865000 0.261677 0.868333 0.244910 0.865833 0.238323 0.859167 0.232335 0.840833 0.225749
4 0.231667 0.518563 0.232500 0.519162 0.220833 0.529341 0.221667 0.529940 0.217500 0.533533 0.212500 0.541317 0.212500 0.546108 0.215000 0.550299 0.215000 0.553892 0.223333 0.561078 0.224167 0.560479 0.234167 0.565269 0.237500 0.565269 0.250833 0.558683 0.251667 0.559281 0.252500 0.558084 0.255833 0.557485 0.266667 0.563473 0.267500 0.562874 0.270833 0.565269 0.273333 0.565269 0.290000 0.573653 0.292500 0.573653 0.295000 0.575449 0.304167 0.578443 0.307500 0.580838 0.309167 0.580240 0.310833 0.581437 0.315833 0.582036 0.326667 0.578443 0.332500 0.574251 0.332500 0.573054 0.340000 0.565269 0.340000 0.560479 0.332500 0.554491 0.318333 0.549102 0.307500 0.543114 0.298333 0.540120 0.287500 0.534132 0.280000 0.532335 0.279167 0.531138 0.282500 0.526347 0.282500 0.522754 0.280000 0.518563 0.270833 0.510778 0.263333 0.507186 0.255000 0.505988 0.243333 0.511377
3 0.092500 0.688024 0.080833 0.708982 0.080833 0.718563 0.068333 0.758683 0.067500 0.774252 0.073333 0.788024 0.091667 0.792216 0.106667 0.790419 0.120000 0.776048 0.129167 0.770659 0.143333 0.775449 0.155833 0.775449 0.170000 0.781437 0.185000 0.782036 0.195000 0.788024 0.203333 0.786826 0.220833 0.792814 0.230833 0.792814 0.247500 0.797006 0.270000 0.797605 0.335833 0.812575 0.368333 0.813772 0.400000 0.806587 0.405833 0.792814 0.410833 0.788623 0.413333 0.778443 0.406667 0.767066 0.390000 0.761078 0.145000 0.716766 0.136667 0.710778 0.139167 0.695808 0.135833 0.684431 0.110833 0.679042 0.100833 0.680838
2 0.615000 0.508982 0.572500 0.515569 0.545833 0.532335 0.420000 0.657485 0.407500 0.659880 0.369167 0.656287 0.342500 0.661677 0.309167 0.681437 0.284167 0.716168 0.292500 0.759281 0.304167 0.781437 0.325833 0.798204 0.379167 0.823952 0.484167 0.855689 0.515833 0.855689 0.535833 0.850898 0.560833 0.838922 0.589167 0.814970 0.599167 0.800000 0.605000 0.777246 0.601667 0.752096 0.589167 0.729341 0.590833 0.720359 0.698333 0.610778 0.717500 0.585030 0.710833 0.560479 0.683333 0.534731 0.641667 0.515569
0 0.845833 0.577246 0.842500 0.575449 0.837500 0.575449 0.813333 0.583832 0.797500 0.591018 0.793333 0.590419 0.791667 0.589222 0.780000 0.589222 0.773333 0.594611 0.762500 0.597006 0.755000 0.602395 0.755000 0.604192 0.765000 0.619760 0.773333 0.626347 0.774167 0.625749 0.775833 0.626946 0.786667 0.623952 0.789167 0.620958 0.794167 0.617964 0.804167 0.618563 0.808333 0.616766 0.810833 0.612575 0.810833 0.605389 0.829167 0.598204 0.830000 0.597006 0.830833 0.597605 0.836667 0.594012 0.843333 0.592216 0.848333 0.589222 0.850833 0.585030
3 0.623333 0.372455 0.599167 0.377844 0.579167 0.386228 0.575000 0.392216 0.576667 0.404192 0.691667 0.586826 0.685833 0.594012 0.660833 0.602994 0.660833 0.610778 0.673333 0.628743 0.696667 0.629341 0.722500 0.623353 0.796667 0.596407 0.814167 0.585030 0.816667 0.580240 0.807500 0.563473 0.801667 0.559281 0.774167 0.563473 0.763333 0.558683 0.697500 0.470060 0.648333 0.390419 0.636667 0.377246 0.630000 0.373054
2 0.800833 0.592216 0.777500 0.582036 0.735833 0.579042 0.652500 0.602994 0.431667 0.640719 0.409167 0.622156 0.406667 0.598204 0.391667 0.590419 0.369167 0.585629 0.307500 0.594611 0.279167 0.615569 0.272500 0.626347 0.276667 0.661078 0.325833 0.767665 0.375000 0.838922 0.417500 0.856287 0.472500 0.847904 0.495833 0.838323 0.510833 0.823353 0.509167 0.789222 0.519167 0.779042 0.578333 0.763473 0.599167 0.752695 0.700000 0.733533 0.724167 0.723353 0.745000 0.722156 0.779167 0.709581 0.807500 0.706587 0.841667 0.695210 0.845833 0.684431
0 0.546667 0.070659 0.505833 0.076048 0.482500 0.073653 0.464167 0.084431 0.466667 0.104192 0.461667 0.119162 0.465833 0.130539 0.460833 0.150299 0.465000 0.164072 0.451667 0.185030 0.453333 0.195210 0.444167 0.217964 0.445833 0.239521 0.433333 0.258084 0.425000 0.264072 0.420833 0.278443 0.424167 0.288623 0.416667 0.311976 0.420833 0.320958 0.421667 0.352695 0.426667 0.364072 0.439167 0.371856 0.466667 0.377246 0.535833 0.380240 0.570000 0.377844 0.590833 0.373054 0.607500 0.356886 0.609167 0.339521 0.604167 0.327545 0.580833 0.311976 0.596667 0.302994 0.619167 0.282635 0.623333 0.268862 0.615833 0.260479 0.584167 0.247904 0.577500 0.235928 0.579167 0.225150 0.573333 0.192814 0.579167 0.141317 0.577500 0.100599 0.555000 0.073653
0 0.875833 0.407784 0.860833 0.400599 0.835833 0.402994 0.705000 0.442515 0.647500 0.455689 0.638333 0.455090 0.610833 0.432934 0.600833 0.430539 0.580000 0.437126 0.570000 0.459880 0.520833 0.457485 0.490000 0.466467 0.480000 0.473054 0.476667 0.492814 0.490833 0.529341 0.514167 0.567066 0.531667 0.584431 0.553333 0.592814 0.585000 0.586228 0.602500 0.566467 0.612500 0.560479 0.637500 0.561677 0.655000 0.568862 0.666667 0.569461 0.680833 0.560479 0.680000 0.522754 0.695000 0.520958 0.831667 0.477844 0.850833 0.474850 0.892500 0.459880 0.895833 0.444311
1 0.927500 0.079641 0.920833 0.085629 0.909167 0.108383 0.893333 0.129940 0.892500 0.133533 0.870000 0.166467 0.865833 0.176048 0.845000 0.205988 0.837500 0.220359 0.832500 0.223952 0.822500 0.222754 0.820000 0.224551 0.817500 0.234132 0.825000 0.241317 0.850833 0.248503 0.864167 0.249102 0.868333 0.247904 0.872500 0.243713 0.873333 0.239521 0.866667 0.229341 0.867500 0.223353 0.871667 0.217365 0.876667 0.213772 0.879167 0.203593 0.884167 0.198802 0.892500 0.181437 0.898333 0.174850 0.909167 0.154491 0.919167 0.140719 0.930000 0.118563 0.933333 0.116168 0.934167 0.112575 0.945833 0.097006 0.947500 0.086228 0.944167 0.083832
2 0.610833 0.263473 0.584167 0.309581 0.568333 0.362874 0.565833 0.386228 0.579167 0.404790 0.610833 0.413772 0.631667 0.413772 0.645833 0.407186 0.655000 0.394611 0.665000 0.394012 0.702500 0.401198 0.714167 0.400599 0.771667 0.414970 0.782500 0.414371 0.795833 0.420359 0.814167 0.422156 0.834167 0.429341 0.851667 0.429341 0.862500 0.425150 0.882500 0.374850 0.879167 0.365868 0.870833 0.357485 0.849167 0.347305 0.809167 0.338922 0.797500 0.332335 0.758333 0.326946 0.741667 0.322755 0.730833 0.316766 0.714167 0.314371 0.694167 0.307784 0.683333 0.300599 0.683333 0.289820 0.689167 0.279641 0.688333 0.273653 0.680000 0.264671 0.649167 0.255689 0.625000 0.256287
0 0.513333 0.485629 0.490833 0.494611 0.475833 0.510180 0.485000 0.548503 0.514167 0.611976 0.525833 0.649701 0.516667 0.658084 0.502500 0.663473 0.495000 0.672455 0.496667 0.698802 0.510000 0.713772 0.523333 0.722754 0.533333 0.758084 0.550000 0.775449 0.565833 0.782036 0.598333 0.783832 0.655833 0.776647 0.695833 0.758683 0.705000 0.750299 0.711667 0.734132 0.708333 0.708383 0.690000 0.690419 0.697500 0.660479 0.680000 0.638922 0.658333 0.628144 0.641667 0.625749 0.622500 0.617964 0.610000 0.597006 0.587500 0.535928 0.566667 0.496407 0.553333 0.486228 0.533333 0.482635
0 0.414167 0.582635 0.387500 0.600599 0.387500 0.613772 0.404167 0.628743 0.435000 0.649701 0.461667 0.674251 0.475000 0.678443 0.498333 0.698802 0.517500 0.710180 0.515000 0.720958 0.505000 0.731138 0.502500 0.743114 0.512500 0.746707 0.530000 0.747904 0.539167 0.752695 0.552500 0.755689 0.564167 0.773054 0.579167 0.785629 0.590000 0.789820 0.602500 0.788024 0.628333 0.770060 0.649167 0.751497 0.673333 0.738922 0.685833 0.728743 0.680833 0.717365 0.654167 0.702395 0.630833 0.695808 0.626667 0.687425 0.626667 0.670060 0.615833 0.661677 0.610000 0.662275 0.581667 0.673653 0.575833 0.673653 0.550000 0.653293 0.516667 0.631737 0.509167 0.620958 0.489167 0.610180 0.463333 0.587425 0.437500 0.578443
0 0.580833 0.477844 0.546667 0.497006 0.555833 0.530539 0.574167 0.547904 0.588333 0.556886 0.592500 0.562874 0.591667 0.568862 0.600833 0.569461 0.605000 0.572455 0.611667 0.585030 0.612500 0.595808 0.625833 0.599401 0.654167 0.614371 0.655833 0.619760 0.636667 0.638922 0.641667 0.651497 0.654167 0.655090 0.664167 0.654491 0.672500 0.660479 0.686667 0.664072 0.690833 0.669461 0.691667 0.683234 0.709167 0.700599 0.722500 0.704790 0.737500 0.698204 0.754167 0.685629 0.772500 0.679042 0.793333 0.661078 0.815000 0.653892 0.824167 0.643114 0.823333 0.636527 0.817500 0.629341 0.783333 0.613174 0.780000 0.604790 0.771667 0.598204 0.775000 0.586826 0.771667 0.576647 0.760000 0.572455 0.730000 0.579042 0.721667 0.578443 0.680000 0.544311 0.656667 0.520958 0.636667 0.508383 0.629167 0.495210 0.605833 0.477844 0.594167 0.474252
0 0.736667 0.660479 0.733333 0.658084 0.728333 0.656886 0.720833 0.659880 0.719167 0.659281 0.710833 0.663473 0.698333 0.667665 0.697500 0.668862 0.694167 0.668862 0.690833 0.670060 0.689167 0.671856 0.684167 0.672455 0.679167 0.675449 0.678333 0.674850 0.673333 0.676048 0.665833 0.671257 0.657500 0.670659 0.654167 0.673054 0.652500 0.677844 0.650000 0.678443 0.648333 0.680239 0.639167 0.679641 0.630000 0.682635 0.626667 0.689820 0.632500 0.700599 0.639167 0.705988 0.638333 0.707186 0.640000 0.708383 0.640000 0.710180 0.651667 0.717365 0.653333 0.716766 0.656667 0.717964 0.662500 0.716766 0.665833 0.713772 0.666667 0.710778 0.670000 0.708383 0.677500 0.708982 0.680833 0.710180 0.686667 0.708982 0.689167 0.704192 0.689167 0.701796 0.686667 0.698802 0.688333 0.694611 0.701667 0.690419 0.706667 0.687425 0.708333 0.688024 0.710000 0.686228 0.712500 0.686228 0.719167 0.682635 0.725833 0.680838 0.740833 0.674251 0.742500 0.668263 0.736667 0.662275
0 0.249167 0.652096 0.230833 0.670659 0.211667 0.680838 0.209167 0.695210 0.225833 0.705988 0.234167 0.717365 0.246667 0.723353 0.259167 0.737725 0.274167 0.745509 0.283333 0.765269 0.293333 0.771257 0.305833 0.789820 0.325833 0.804192 0.331667 0.826946 0.337500 0.835329 0.351667 0.844311 0.365833 0.862275 0.385833 0.873054 0.401667 0.886228 0.414167 0.891617 0.428333 0.891617 0.453333 0.882635 0.500833 0.854491 0.518333 0.840120 0.528333 0.827545 0.527500 0.811976 0.512500 0.798204 0.498333 0.792216 0.471667 0.792216 0.474167 0.783234 0.471667 0.756287 0.464167 0.746707 0.451667 0.744311 0.420000 0.749701 0.408333 0.745509 0.362500 0.713772 0.330000 0.683234 0.295000 0.657485 0.258333 0.649701
0 0.622500 0.540719 0.605000 0.555090 0.605833 0.559281 0.608333 0.561078 0.607500 0.561677 0.642500 0.588024 0.644167 0.591018 0.645000 0.590419 0.654167 0.597006 0.654167 0.598204 0.660000 0.602994 0.651667 0.613772 0.651667 0.615569 0.653333 0.616766 0.652500 0.617365 0.655000 0.619162 0.665000 0.617964 0.670000 0.620359 0.678333 0.619760 0.680000 0.622156 0.675833 0.626946 0.677500 0.631737 0.689167 0.639521 0.695000 0.638922 0.716667 0.623952 0.716667 0.622755 0.728333 0.614970 0.727500 0.614371 0.734167 0.608982 0.734167 0.605389 0.730833 0.601796 0.731667 0.601198 0.721667 0.593413 0.709167 0.588623 0.708333 0.586228 0.710833 0.583832 0.709167 0.582635 0.709167 0.580838 0.705000 0.578443 0.700833 0.578443 0.691667 0.581437 0.689167 0.580838 0.683333 0.576647 0.682500 0.577246 0.665833 0.564072 0.640000 0.546707 0.638333 0.546707 0.635000 0.544311 0.634167 0.544910 0.629167 0.540719
