2 0.467500 0.725150 0.440833 0.756287 0.433333 0.774850 0.416667 0.793413 0.408333 0.815569 0.384167 0.855090 0.388333 0.865868 0.423333 0.881437 0.462500 0.887425 0.472500 0.886228 0.472500 0.877844 0.480833 0.873054 0.482500 0.867665 0.490833 0.864072 0.500000 0.867665 0.505000 0.874251 0.527500 0.888024 0.531667 0.885030 0.530000 0.877245 0.575833 0.896407 0.590833 0.898204 0.601667 0.902395 0.610833 0.910180 0.620000 0.912575 0.636667 0.910778 0.653333 0.916168 0.670833 0.915569 0.689167 0.898204 0.703333 0.875449 0.710833 0.847305 0.707500 0.840120 0.665000 0.821557 0.550000 0.788024 0.527500 0.774252 0.530833 0.747305 0.526667 0.736527 0.494167 0.722156
0 0.439167 0.176048 0.387500 0.163473 0.365833 0.162275 0.353333 0.167066 0.343333 0.180838 0.338333 0.197605 0.333333 0.201198 0.311667 0.207186 0.320833 0.220958 0.322500 0.231138 0.319167 0.244311 0.309167 0.252096 0.305833 0.259281 0.295833 0.266467 0.294167 0.272455 0.285000 0.282635 0.270833 0.315569 0.261667 0.326347 0.254167 0.355090 0.264167 0.370659 0.304167 0.388623 0.321667 0.385030 0.333333 0.373054 0.342500 0.354491 0.374167 0.306587 0.385000 0.294611 0.404167 0.260479 0.416667 0.257485 0.430000 0.262275 0.446667 0.262874 0.448333 0.253892 0.442500 0.234132 0.452500 0.226946 0.461667 0.223952 0.469167 0.216766 0.474167 0.206587 0.474167 0.195808 0.462500 0.185629
4 0.743333 0.286826 0.668333 0.302994 0.616667 0.325150 0.595000 0.344311 0.590833 0.354491 0.592500 0.364072 0.602500 0.382635 0.613333 0.392814 0.654167 0.392216 0.670833 0.397006 0.682500 0.413174 0.684167 0.420359 0.690833 0.426347 0.737500 0.517964 0.751667 0.526347 0.790000 0.531138 0.815000 0.525748 0.844167 0.511377 0.850000 0.500000 0.849167 0.485629 0.821667 0.437126 0.800000 0.385629 0.788333 0.368263 0.817500 0.334731 0.820833 0.325150 0.805000 0.291617 0.790833 0.288024
1 0.537500 0.020958 0.472500 0.032934 0.454167 0.046108 0.450833 0.053892 0.459167 0.073653 0.465833 0.077246 0.494167 0.077844 0.508333 0.095808 0.630000 0.507186 0.648333 0.526347 0.682500 0.526946 0.705000 0.517964 0.708333 0.485629 0.586667 0.076048 0.588333 0.068263 0.620000 0.055090 0.625000 0.046108 0.618333 0.028743 0.610000 0.022754 0.584167 0.017964
3 0.327500 0.368862 0.328333 0.382635 0.338333 0.386228 0.365000 0.404790 0.415833 0.425748 0.498333 0.473653 0.517500 0.479641 0.527500 0.488623 0.539167 0.492814 0.563333 0.508982 0.571667 0.517964 0.566667 0.534132 0.567500 0.550299 0.581667 0.559281 0.600000 0.561677 0.628333 0.556886 0.652500 0.538922 0.670833 0.530539 0.686667 0.513174 0.697500 0.505988 0.708333 0.489222 0.710833 0.479042 0.707500 0.467665 0.695833 0.458683 0.666667 0.454491 0.630000 0.468263 0.594167 0.447305 0.550000 0.426946 0.540000 0.417964 0.530833 0.415569 0.490833 0.392216 0.470000 0.384431 0.405833 0.346707 0.381667 0.338922 0.366667 0.337725 0.356667 0.341916
3 0.430000 0.261078 0.372500 0.267665 0.352500 0.276048 0.346667 0.285629 0.346667 0.310778 0.363333 0.319162 0.398333 0.324551 0.409167 0.332934 0.400833 0.621557 0.408333 0.637725 0.435000 0.656886 0.468333 0.658683 0.499167 0.649102 0.510833 0.636527 0.518333 0.617365 0.526667 0.546108 0.527500 0.407186 0.536667 0.362874 0.533333 0.332335 0.557500 0.322156 0.577500 0.321557 0.589167 0.314970 0.591667 0.285030 0.585000 0.275449 0.550833 0.266467
3 0.206667 0.311377 0.196667 0.312575 0.190833 0.316168 0.183333 0.336527 0.190000 0.343713 0.205833 0.347305 0.217500 0.355090 0.219167 0.364671 0.211667 0.379042 0.196667 0.431138 0.176667 0.470060 0.172500 0.486826 0.155833 0.522754 0.147500 0.553293 0.150833 0.571856 0.184167 0.586826 0.200833 0.582635 0.210000 0.575449 0.216667 0.564671 0.255833 0.463473 0.281667 0.407784 0.303333 0.377844 0.311667 0.374251 0.330833 0.377844 0.339167 0.375449 0.346667 0.358084 0.345000 0.349701 0.329167 0.339521 0.267500 0.321557
0 0.536667 0.568862 0.509167 0.607186 0.506667 0.617964 0.485000 0.643114 0.482500 0.650898 0.486667 0.657485 0.521667 0.670659 0.530000 0.671856 0.539167 0.669461 0.569167 0.680838 0.580000 0.693413 0.592500 0.690419 0.615833 0.679042 0.625000 0.678443 0.706667 0.702994 0.747500 0.719162 0.770833 0.725150 0.791667 0.734731 0.809167 0.737725 0.822500 0.732335 0.839167 0.712575 0.849167 0.691018 0.838333 0.681437 0.660833 0.623353 0.657500 0.616168 0.662500 0.594611 0.651667 0.584431 0.622500 0.588024 0.556667 0.564671 0.545000 0.563473
4 0.469167 0.231138 0.459167 0.233533 0.435833 0.250299 0.420000 0.291018 0.439167 0.317365 0.478333 0.347904 0.419167 0.444910 0.370000 0.544311 0.381667 0.565269 0.396667 0.576048 0.459167 0.595808 0.506667 0.598204 0.534167 0.586826 0.560000 0.554491 0.650833 0.390419 0.671667 0.386826 0.718333 0.392216 0.739167 0.390419 0.750000 0.380240 0.770000 0.344311 0.771667 0.326347 0.762500 0.310180 0.720000 0.278443 0.674167 0.258683 0.585833 0.238323
0 0.370000 0.188024 0.356667 0.178443 0.343333 0.176647 0.290833 0.189222 0.280000 0.190419 0.244167 0.200000 0.232500 0.200599 0.221667 0.204192 0.216667 0.204192 0.201667 0.189222 0.192500 0.187425 0.186667 0.189222 0.182500 0.195808 0.167500 0.203593 0.160833 0.204790 0.149167 0.202395 0.132500 0.205988 0.123333 0.211976 0.123333 0.218563 0.129167 0.226946 0.130000 0.234731 0.148333 0.277246 0.158333 0.281437 0.166667 0.281437 0.179167 0.277844 0.189167 0.271257 0.199167 0.268263 0.206667 0.267665 0.216667 0.270659 0.228333 0.269461 0.233333 0.263473 0.234167 0.249701 0.236667 0.244910 0.247500 0.240120 0.304167 0.228144 0.359167 0.213174 0.365833 0.207784 0.367500 0.200000 0.372500 0.194611
1 0.922500 0.195808 0.900833 0.175449 0.874167 0.170659 0.854167 0.178443 0.842500 0.188024 0.850833 0.207784 0.845833 0.216766 0.331667 0.433533 0.310000 0.453293 0.316667 0.472455 0.335833 0.488024 0.373333 0.483832 0.883333 0.269461 0.895000 0.271257 0.923333 0.288024 0.950000 0.280240 0.958333 0.274850 0.960000 0.254491
0 0.577500 0.267665 0.563333 0.279641 0.475000 0.419760 0.465000 0.422754 0.450833 0.418563 0.433333 0.417964 0.414167 0.427545 0.420833 0.445509 0.417500 0.457485 0.382500 0.506587 0.382500 0.514371 0.406667 0.526946 0.455000 0.543114 0.468333 0.544311 0.504167 0.560479 0.515833 0.562874 0.528333 0.560479 0.540833 0.546108 0.550833 0.526946 0.547500 0.517964 0.563333 0.495210 0.584167 0.485629 0.579167 0.473054 0.562500 0.455689 0.561667 0.448503 0.600833 0.381437 0.654167 0.302994 0.651667 0.293413 0.614167 0.275449
4 0.521667 0.248503 0.500833 0.291018 0.495833 0.321557 0.499167 0.334731 0.511667 0.355090 0.542500 0.379641 0.570833 0.387425 0.593333 0.389222 0.610000 0.383832 0.629167 0.369461 0.637500 0.368862 0.660833 0.356287 0.787500 0.376048 0.829167 0.379042 0.851667 0.372455 0.872500 0.346707 0.877500 0.332335 0.875000 0.314970 0.865833 0.305389 0.850000 0.296407 0.781667 0.283832 0.755000 0.281437 0.692500 0.267665 0.675000 0.258084 0.671667 0.252096 0.640833 0.226946 0.623333 0.219162 0.594167 0.216766 0.569167 0.219760 0.537500 0.234731
2 0.633333 0.111976 0.508333 0.113174 0.487500 0.122754 0.474167 0.135928 0.463333 0.159880 0.462500 0.217964 0.454167 0.231737 0.460000 0.292814 0.450833 0.318563 0.448333 0.368263 0.437500 0.383832 0.413333 0.389820 0.386667 0.388024 0.372500 0.392216 0.356667 0.405988 0.350833 0.445509 0.365000 0.474850 0.387500 0.488024 0.499167 0.497006 0.635000 0.489820 0.690000 0.481437 0.726667 0.455689 0.731667 0.424551 0.722500 0.391018 0.696667 0.375449 0.665833 0.371856 0.660833 0.361677 0.650000 0.281437 0.655000 0.222754 0.649167 0.208383 0.655833 0.193413 0.650833 0.166467 0.656667 0.140719 0.650000 0.123353
2 0.741667 0.255090 0.720833 0.262874 0.705833 0.275449 0.688333 0.319162 0.663333 0.353892 0.651667 0.381437 0.620000 0.427545 0.597500 0.428743 0.578333 0.419162 0.560833 0.422156 0.549167 0.428743 0.529167 0.459281 0.538333 0.485629 0.569167 0.500000 0.673333 0.526347 0.754167 0.537725 0.785000 0.528144 0.800833 0.507186 0.805000 0.493413 0.800833 0.476647 0.794167 0.470060 0.771667 0.460479 0.768333 0.452096 0.781667 0.422156 0.782500 0.408383 0.812500 0.357485 0.814167 0.344311 0.823333 0.334132 0.828333 0.314970 0.839167 0.300599 0.844167 0.283832 0.836667 0.276647 0.775000 0.260479
3 0.685833 0.421557 0.660000 0.397605 0.612500 0.404192 0.596667 0.414371 0.602500 0.444910 0.594167 0.464072 0.495000 0.478443 0.178333 0.536527 0.147500 0.557485 0.148333 0.583234 0.142500 0.602994 0.165000 0.616168 0.223333 0.614970 0.395833 0.580838 0.538333 0.558084 0.624167 0.555689 0.634167 0.560479 0.644167 0.580838 0.655833 0.587425 0.700833 0.579042 0.710000 0.570060 0.718333 0.547305 0.715833 0.513174
2 0.467500 0.096407 0.434167 0.103593 0.420833 0.114371 0.410000 0.130539 0.403333 0.147904 0.408333 0.161078 0.437500 0.182635 0.446667 0.194611 0.391667 0.264072 0.372500 0.282635 0.321667 0.353293 0.318333 0.371257 0.334167 0.386228 0.360000 0.392814 0.394167 0.410778 0.433333 0.420359 0.450833 0.419760 0.471667 0.404192 0.520000 0.350898 0.600000 0.252695 0.637500 0.259880 0.662500 0.253293 0.687500 0.230539 0.696667 0.210180 0.690000 0.192814 0.649167 0.167066 0.550000 0.122754 0.526667 0.116168 0.499167 0.102994
3 0.644167 0.540719 0.616667 0.536527 0.523333 0.580240 0.495833 0.604790 0.450833 0.626347 0.435833 0.638323 0.357500 0.668862 0.340833 0.685629 0.264167 0.720958 0.240000 0.726347 0.196667 0.707784 0.179167 0.705389 0.155833 0.711976 0.140833 0.735928 0.136667 0.767066 0.168333 0.800599 0.177500 0.828743 0.212500 0.863473 0.256667 0.885629 0.280833 0.887425 0.310833 0.879641 0.330000 0.855090 0.330000 0.841317 0.317500 0.810180 0.425833 0.752695 0.440833 0.740719 0.498333 0.715569 0.535833 0.689820 0.657500 0.630539 0.677500 0.613174 0.688333 0.594012 0.683333 0.580240
3 0.534167 0.486826 0.512500 0.482036 0.502500 0.488024 0.460833 0.500599 0.412500 0.527545 0.306667 0.567665 0.288333 0.579641 0.273333 0.582036 0.258333 0.590419 0.228333 0.600000 0.209167 0.601796 0.188333 0.590419 0.168333 0.585030 0.148333 0.590419 0.136667 0.600599 0.129167 0.625150 0.144167 0.650898 0.150000 0.672455 0.167500 0.691018 0.171667 0.700599 0.202500 0.722156 0.223333 0.725150 0.245000 0.719162 0.260000 0.701796 0.260833 0.692814 0.255000 0.679641 0.257500 0.667665 0.302500 0.650299 0.349167 0.627545 0.367500 0.623353 0.377500 0.616766 0.425833 0.598802 0.449167 0.585629 0.531667 0.555090 0.551667 0.541916 0.561667 0.529940 0.560000 0.520958
1 0.522500 0.200599 0.489167 0.196407 0.459167 0.219760 0.255000 0.618563 0.230000 0.680838 0.215833 0.688024 0.169167 0.689222 0.159167 0.699401 0.155833 0.713772 0.161667 0.722156 0.206667 0.742515 0.315000 0.765269 0.335000 0.764671 0.347500 0.752096 0.352500 0.731737 0.319167 0.715569 0.314167 0.704790 0.544167 0.261078 0.552500 0.237725 0.550000 0.213174
0 0.501667 0.877245 0.499167 0.880240 0.497500 0.880240 0.493333 0.883832 0.491667 0.883832 0.489167 0.886826 0.482500 0.891018 0.482500 0.892216 0.469167 0.901796 0.470000 0.905988 0.474167 0.909581 0.483333 0.912575 0.487500 0.914970 0.490000 0.919162 0.490000 0.922754 0.496667 0.924551 0.500833 0.922754 0.503333 0.922754 0.505833 0.920958 0.509167 0.920958 0.519167 0.926347 0.519167 0.927545 0.521667 0.928144 0.540833 0.942515 0.542500 0.942515 0.555833 0.952096 0.560833 0.953293 0.564167 0.952695 0.575000 0.946108 0.577500 0.941916 0.576667 0.938922 0.565000 0.930539 0.565833 0.929940 0.564167 0.929940 0.541667 0.913772 0.537500 0.911976 0.536667 0.910180 0.530000 0.905389 0.535833 0.897006 0.534167 0.894611 0.535000 0.894012 0.530000 0.892216 0.524167 0.892814 0.515833 0.888024 0.515833 0.884431 0.513333 0.880838 0.508333 0.877844
3 0.260000 0.136527 0.235833 0.158683 0.207500 0.196407 0.199167 0.215569 0.197500 0.231138 0.200833 0.237126 0.230833 0.250898 0.245833 0.249701 0.279167 0.237725 0.290000 0.238922 0.349167 0.273054 0.541667 0.370060 0.570000 0.373653 0.590833 0.362275 0.597500 0.354491 0.603333 0.337126 0.598333 0.320958 0.540833 0.285030 0.452500 0.240719 0.364167 0.191617 0.338333 0.181437 0.332500 0.172455 0.342500 0.151497 0.342500 0.143713 0.330833 0.131138 0.305833 0.121557 0.291667 0.129940
