3 0.853333 0.310778 0.837500 0.297605 0.828333 0.294611 0.800833 0.297006 0.743333 0.316168 0.612500 0.370060 0.506667 0.405988 0.493333 0.403593 0.475833 0.391018 0.455000 0.393413 0.435833 0.390419 0.422500 0.394012 0.409167 0.404192 0.411667 0.441916 0.423333 0.470060 0.450833 0.511976 0.468333 0.523952 0.499167 0.534132 0.537500 0.522156 0.543333 0.516766 0.545000 0.507784 0.534167 0.482635 0.545833 0.473054 0.608333 0.453293 0.827500 0.371257 0.848333 0.359880 0.860833 0.347305 0.864167 0.336527
0 0.363333 0.288024 0.345833 0.301796 0.310000 0.338323 0.303333 0.353892 0.309167 0.367665 0.348333 0.388024 0.353333 0.413174 0.377500 0.408982 0.397500 0.411976 0.412500 0.419760 0.438333 0.444910 0.533333 0.497006 0.556667 0.503593 0.580833 0.500599 0.620000 0.476048 0.622500 0.462275 0.611667 0.449701 0.580000 0.432335 0.560000 0.416168 0.540833 0.406587 0.499167 0.376647 0.488333 0.373054 0.462500 0.356886 0.457500 0.346108 0.465000 0.341317 0.475833 0.326347 0.474167 0.323353 0.435000 0.315569 0.427500 0.308383 0.428333 0.302994 0.423333 0.295210 0.404167 0.283832 0.381667 0.280240
1 0.369167 0.164671 0.331667 0.165868 0.317500 0.174850 0.300833 0.199401 0.293333 0.229940 0.231667 0.880240 0.221667 0.894611 0.167500 0.905389 0.156667 0.932335 0.157500 0.953892 0.167500 0.966467 0.214167 0.970060 0.237500 0.981437 0.357500 0.980838 0.383333 0.971856 0.408333 0.971856 0.428333 0.954491 0.428333 0.922156 0.373333 0.905389 0.362500 0.895808 0.421667 0.283234 0.415000 0.182635 0.400833 0.171257
4 0.590000 0.229940 0.570000 0.233533 0.536667 0.247305 0.475833 0.284431 0.442500 0.310778 0.427500 0.332335 0.426667 0.342515 0.440000 0.358084 0.460000 0.373054 0.468333 0.373054 0.505833 0.356886 0.515000 0.356886 0.520833 0.365868 0.533333 0.372455 0.549167 0.390419 0.577500 0.410180 0.588333 0.423952 0.636667 0.465868 0.655000 0.473653 0.683333 0.462275 0.710000 0.445509 0.732500 0.423952 0.730000 0.411377 0.712500 0.400000 0.694167 0.379042 0.686667 0.374850 0.680833 0.365269 0.653333 0.347904 0.625000 0.323952 0.621667 0.317365 0.610833 0.311976 0.607500 0.304192 0.629167 0.270659 0.628333 0.256886 0.604167 0.233533
0 0.491667 0.410778 0.469167 0.408982 0.458333 0.416168 0.400000 0.491018 0.374167 0.519760 0.365833 0.523952 0.343333 0.518563 0.330833 0.519760 0.326667 0.528144 0.333333 0.535329 0.333333 0.540719 0.307500 0.562275 0.299167 0.575449 0.303333 0.583832 0.320000 0.594012 0.353333 0.604192 0.369167 0.613772 0.394167 0.622156 0.407500 0.616766 0.419167 0.595210 0.430833 0.584431 0.447500 0.579042 0.450833 0.576048 0.450000 0.569461 0.442500 0.563473 0.441667 0.559281 0.449167 0.547904 0.458333 0.543114 0.460833 0.535928 0.466667 0.531138 0.463333 0.523952 0.481667 0.510180 0.478333 0.502395 0.485833 0.497006 0.494167 0.480838 0.503333 0.472455 0.509167 0.455689 0.522500 0.436527 0.520833 0.425748
2 0.645000 0.538323 0.632500 0.538922 0.621667 0.542515 0.606667 0.553293 0.576667 0.594611 0.566667 0.619760 0.536667 0.662874 0.523333 0.668263 0.505000 0.660479 0.485000 0.662874 0.475833 0.668862 0.461667 0.690419 0.463333 0.709581 0.475000 0.717964 0.493333 0.725748 0.572500 0.747305 0.630000 0.756287 0.639167 0.755689 0.656667 0.749701 0.672500 0.731138 0.674167 0.711377 0.669167 0.705988 0.654167 0.698204 0.650833 0.693413 0.651667 0.685629 0.663333 0.664671 0.664167 0.655090 0.685833 0.623353 0.692500 0.607186 0.701667 0.596407 0.705000 0.584431 0.713333 0.574850 0.716667 0.562275 0.714167 0.556287 0.695000 0.548503
3 0.603333 0.224551 0.579167 0.230539 0.573333 0.234731 0.567500 0.247305 0.575833 0.266467 0.586667 0.272455 0.600833 0.275449 0.610000 0.286228 0.594167 0.355090 0.587500 0.364671 0.588333 0.376048 0.579167 0.404192 0.575000 0.435928 0.558333 0.488024 0.557500 0.502395 0.561667 0.514371 0.570000 0.520958 0.617500 0.529940 0.624167 0.529341 0.636667 0.520958 0.651667 0.487425 0.654167 0.445509 0.660833 0.411976 0.670833 0.388024 0.673333 0.352695 0.685000 0.314371 0.700833 0.297006 0.726667 0.294611 0.742500 0.288623 0.749167 0.271257 0.741667 0.259880 0.724167 0.247305 0.695833 0.242515 0.670000 0.232335 0.629167 0.225749
2 0.338333 0.202395 0.325833 0.202395 0.311667 0.207186 0.290000 0.226946 0.285000 0.238922 0.286667 0.246108 0.292500 0.253293 0.310833 0.265868 0.315000 0.273054 0.289167 0.292216 0.234167 0.353892 0.206667 0.389222 0.208333 0.401198 0.231667 0.418563 0.273333 0.435329 0.292500 0.439521 0.306667 0.435928 0.322500 0.423952 0.394167 0.345509 0.410000 0.320958 0.421667 0.315569 0.464167 0.320958 0.483333 0.308383 0.500000 0.284431 0.490833 0.274850 0.435000 0.249701 0.411667 0.234731
4 0.580833 0.312575 0.556667 0.292814 0.538333 0.285030 0.516667 0.284431 0.504167 0.289820 0.470833 0.294012 0.460000 0.298802 0.455833 0.309581 0.460000 0.349701 0.454167 0.357485 0.441667 0.356287 0.424167 0.362275 0.385000 0.364072 0.327500 0.379042 0.204167 0.401198 0.185000 0.409581 0.175833 0.418563 0.180000 0.450898 0.206667 0.500599 0.227500 0.513772 0.271667 0.517365 0.295833 0.510180 0.350000 0.503593 0.413333 0.482635 0.484167 0.469461 0.507500 0.471257 0.527500 0.499401 0.545000 0.508383 0.584167 0.511976 0.630000 0.500599 0.639167 0.489820 0.641667 0.466467 0.631667 0.414371 0.605000 0.351497
1 0.355000 0.515569 0.355000 0.530539 0.359167 0.545509 0.365000 0.551497 0.373333 0.553293 0.382500 0.552096 0.396667 0.541916 0.411667 0.538922 0.431667 0.543114 0.453333 0.541317 0.463333 0.543114 0.511667 0.543713 0.585833 0.549102 0.633333 0.549102 0.676667 0.553892 0.699167 0.551497 0.703333 0.546108 0.704167 0.530539 0.689167 0.524551 0.640000 0.523952 0.520833 0.514970 0.405833 0.509581 0.395000 0.507186 0.390833 0.502994 0.390000 0.495808 0.370833 0.494611 0.365833 0.496407 0.358333 0.504192
2 0.520833 0.483832 0.505000 0.470060 0.475000 0.456287 0.452500 0.453293 0.420833 0.455090 0.380833 0.467665 0.366667 0.483234 0.354167 0.507186 0.341667 0.516168 0.290833 0.524551 0.185833 0.521557 0.145833 0.526347 0.109167 0.535329 0.086667 0.549701 0.076667 0.576048 0.079167 0.607784 0.096667 0.643713 0.119167 0.662874 0.165833 0.667066 0.249167 0.659281 0.283333 0.660479 0.376667 0.649701 0.414167 0.685629 0.429167 0.692216 0.478333 0.694611 0.522500 0.687425 0.543333 0.675449 0.552500 0.661677 0.558333 0.632934 0.558333 0.595210 0.548333 0.565868 0.543333 0.522754
0 0.420000 0.439521 0.420000 0.450898 0.420833 0.453293 0.424167 0.456287 0.433333 0.458084 0.437500 0.458084 0.444167 0.456287 0.451667 0.458084 0.456667 0.462275 0.464167 0.462874 0.469167 0.461078 0.476667 0.453892 0.481667 0.453892 0.484167 0.455090 0.485833 0.454491 0.490833 0.455689 0.495000 0.455090 0.497500 0.456287 0.501667 0.455689 0.504167 0.456886 0.505000 0.456287 0.510833 0.457485 0.520833 0.457485 0.526667 0.458683 0.532500 0.457485 0.535000 0.455689 0.538333 0.449102 0.537500 0.441916 0.531667 0.438922 0.530833 0.439521 0.528333 0.438323 0.527500 0.438922 0.501667 0.434731 0.498333 0.435329 0.495833 0.434132 0.491667 0.434731 0.482500 0.432934 0.481667 0.433533 0.476667 0.431138 0.475833 0.428743 0.470833 0.425748 0.470000 0.423952 0.468333 0.424551 0.466667 0.422754 0.464167 0.422156 0.453333 0.423952 0.440833 0.420359 0.434167 0.420359 0.428333 0.421557 0.426667 0.422754 0.424167 0.430539 0.422500 0.431737 0.422500 0.435928
4 0.315833 0.464072 0.295000 0.473054 0.282500 0.495808 0.300833 0.565269 0.307500 0.608982 0.302500 0.622755 0.295833 0.628144 0.275833 0.658084 0.272500 0.671257 0.277500 0.686826 0.290000 0.704192 0.325833 0.722156 0.348333 0.726946 0.407500 0.724551 0.450000 0.715569 0.471667 0.704192 0.495833 0.682036 0.505000 0.664671 0.505000 0.645509 0.499167 0.627545 0.490000 0.619760 0.461667 0.611377 0.454167 0.604790 0.435000 0.598204 0.430000 0.594012 0.427500 0.576647 0.416667 0.551497 0.408333 0.510180 0.393333 0.476048 0.378333 0.465269 0.360000 0.462275
3 0.822500 0.135329 0.800833 0.129940 0.760000 0.144311 0.758333 0.158683 0.768333 0.183832 0.748333 0.197605 0.672500 0.217964 0.634167 0.233533 0.560833 0.249701 0.445000 0.283234 0.345833 0.324551 0.335833 0.333533 0.335000 0.344910 0.369167 0.390419 0.385833 0.395808 0.403333 0.394611 0.472500 0.377844 0.575000 0.343114 0.675000 0.317365 0.805833 0.275449 0.820833 0.279641 0.841667 0.305988 0.855000 0.314970 0.904167 0.301796 0.911667 0.290419 0.905833 0.265868 0.853333 0.169461
4 0.355000 0.548503 0.350833 0.549102 0.340000 0.560479 0.341667 0.564671 0.347500 0.569461 0.350833 0.573653 0.350833 0.575449 0.343333 0.581437 0.340833 0.585030 0.336667 0.588024 0.337500 0.588623 0.329167 0.595808 0.329167 0.597006 0.315000 0.609581 0.315833 0.610180 0.310833 0.614371 0.309167 0.616766 0.310000 0.617964 0.308333 0.619162 0.308333 0.621557 0.314167 0.625749 0.327500 0.632934 0.334167 0.635329 0.339167 0.634731 0.345000 0.631138 0.360833 0.614970 0.368333 0.608982 0.370000 0.605988 0.374167 0.602994 0.384167 0.591617 0.394167 0.594012 0.399167 0.596407 0.405000 0.596407 0.413333 0.589820 0.415833 0.585030 0.413333 0.577844 0.405000 0.572455 0.405833 0.571856 0.378333 0.556287 0.377500 0.556886 0.363333 0.550299 0.357500 0.549102 0.356667 0.549701
