3 0.315833 0.558683 0.289167 0.583832 0.286667 0.601198 0.298333 0.616168 0.326667 0.626347 0.377500 0.618563 0.410000 0.650898 0.452500 0.685030 0.461667 0.699401 0.473333 0.705988 0.486667 0.722156 0.527500 0.754491 0.590000 0.817365 0.610000 0.829341 0.629167 0.835329 0.644167 0.831737 0.690000 0.807784 0.695000 0.791018 0.685000 0.784431 0.660833 0.755090 0.610000 0.717964 0.535833 0.643114 0.514167 0.629940 0.509167 0.619162 0.496667 0.610778 0.475833 0.587425 0.470833 0.571856 0.485000 0.554491 0.490000 0.537725 0.476667 0.522156 0.460833 0.516168 0.423333 0.514371 0.387500 0.529341 0.357500 0.536527
2 0.329167 0.190419 0.310000 0.220359 0.275000 0.319162 0.275000 0.339521 0.291667 0.356886 0.305833 0.361677 0.325833 0.364072 0.347500 0.363473 0.360000 0.357485 0.375833 0.336527 0.388333 0.328144 0.446667 0.339521 0.457500 0.339521 0.465000 0.343114 0.476667 0.343114 0.487500 0.347305 0.555000 0.355090 0.583333 0.361078 0.612500 0.358683 0.622500 0.348503 0.625833 0.326347 0.635833 0.307186 0.638333 0.285629 0.631667 0.273054 0.588333 0.259880 0.416667 0.229341 0.414167 0.205389 0.400833 0.192814 0.381667 0.186228 0.347500 0.183234
2 0.492500 0.501796 0.474167 0.497605 0.430000 0.507186 0.348333 0.537126 0.289167 0.553892 0.247500 0.573653 0.236667 0.570659 0.218333 0.553892 0.196667 0.550898 0.171667 0.554491 0.139167 0.567066 0.129167 0.587425 0.154167 0.644311 0.202500 0.707186 0.210833 0.723952 0.232500 0.744311 0.250000 0.749701 0.282500 0.746108 0.318333 0.729940 0.327500 0.715569 0.318333 0.679042 0.324167 0.673054 0.359167 0.662874 0.392500 0.646707 0.435000 0.635928 0.503333 0.605988 0.531667 0.597006 0.546667 0.585629 0.547500 0.568263 0.530000 0.551497 0.518333 0.526347
0 0.806667 0.673054 0.801667 0.676048 0.798333 0.676647 0.790000 0.682635 0.786667 0.683832 0.782500 0.688623 0.783333 0.692216 0.785000 0.694611 0.795000 0.700599 0.793333 0.707784 0.798333 0.711976 0.801667 0.712575 0.814167 0.711976 0.820000 0.719760 0.824167 0.722754 0.840000 0.740719 0.844167 0.743114 0.850000 0.743713 0.854167 0.741317 0.856667 0.741317 0.860833 0.738323 0.862500 0.732335 0.855833 0.723353 0.851667 0.720359 0.850833 0.717964 0.847500 0.715569 0.843333 0.709581 0.835833 0.702395 0.835833 0.699401 0.840000 0.693413 0.838333 0.687425 0.829167 0.684431 0.826667 0.682635 0.825833 0.678443 0.818333 0.672455 0.813333 0.671257 0.807500 0.673653
3 0.407500 0.668862 0.375000 0.694611 0.353333 0.724551 0.355833 0.731737 0.380000 0.748503 0.404167 0.750299 0.425000 0.745509 0.432500 0.748503 0.584167 0.886228 0.615833 0.906587 0.625833 0.909581 0.643333 0.906587 0.664167 0.892814 0.670000 0.885030 0.672500 0.872455 0.665833 0.859880 0.638333 0.832934 0.596667 0.799401 0.514167 0.720359 0.490833 0.704790 0.508333 0.671257 0.507500 0.665269 0.488333 0.650299 0.471667 0.652695 0.445000 0.649701
2 0.651667 0.599401 0.636667 0.592216 0.600833 0.591018 0.398333 0.622755 0.341667 0.635329 0.328333 0.631138 0.309167 0.607784 0.290833 0.598204 0.251667 0.598204 0.211667 0.609581 0.188333 0.633533 0.191667 0.683832 0.199167 0.718563 0.221667 0.776048 0.231667 0.788024 0.240833 0.819162 0.258333 0.839521 0.288333 0.850299 0.310833 0.850299 0.364167 0.837725 0.379167 0.823952 0.383333 0.781437 0.395000 0.767665 0.428333 0.767665 0.516667 0.748503 0.536667 0.748503 0.624167 0.726946 0.659167 0.722156 0.685833 0.709581 0.693333 0.696407 0.690000 0.677844 0.679167 0.664671 0.675000 0.632335
0 0.299167 0.534731 0.256667 0.555090 0.246667 0.573054 0.249167 0.599401 0.266667 0.616766 0.259167 0.638922 0.260833 0.647904 0.275833 0.665868 0.295000 0.675449 0.312500 0.678443 0.330000 0.685629 0.342500 0.705988 0.380000 0.799401 0.398333 0.811976 0.415000 0.814970 0.435000 0.811976 0.458333 0.801796 0.467500 0.793413 0.470000 0.785629 0.460833 0.751497 0.434167 0.694012 0.422500 0.656886 0.431667 0.647904 0.445833 0.641916 0.451667 0.634132 0.450833 0.610180 0.423333 0.582635 0.422500 0.568862 0.409167 0.543114 0.391667 0.531737 0.354167 0.528144
3 0.227500 0.302994 0.195833 0.308982 0.160833 0.321557 0.155000 0.331737 0.156667 0.349102 0.286667 0.547904 0.315000 0.602395 0.317500 0.617365 0.300833 0.624551 0.274167 0.644311 0.276667 0.655689 0.293333 0.680239 0.311667 0.682635 0.379167 0.664671 0.468333 0.632335 0.500833 0.614371 0.508333 0.602395 0.494167 0.577246 0.481667 0.569461 0.442500 0.578443 0.423333 0.576048 0.273333 0.337725 0.258333 0.318563 0.239167 0.305389
0 0.475000 0.297605 0.455000 0.324551 0.450000 0.341317 0.455000 0.362874 0.470000 0.375449 0.497500 0.385629 0.530000 0.389222 0.541667 0.416168 0.557500 0.426946 0.576667 0.431138 0.640000 0.418563 0.749167 0.468862 0.790833 0.483832 0.806667 0.484431 0.835833 0.476048 0.852500 0.450299 0.850833 0.429341 0.825833 0.411377 0.821667 0.404192 0.788333 0.386228 0.772500 0.372455 0.754167 0.367665 0.720000 0.348503 0.708333 0.336527 0.700833 0.316766 0.681667 0.301198 0.667500 0.298204 0.633333 0.298802 0.613333 0.280240 0.600000 0.273054 0.558333 0.261677 0.523333 0.264671 0.507500 0.271257
0 0.549167 0.814970 0.550833 0.756886 0.544167 0.742515 0.529167 0.734132 0.484167 0.734132 0.460000 0.716766 0.442500 0.730539 0.425000 0.735329 0.410833 0.735329 0.369167 0.725748 0.361667 0.726946 0.345833 0.723952 0.290000 0.725150 0.254167 0.723353 0.229167 0.728743 0.215833 0.739521 0.205000 0.774850 0.213333 0.785629 0.231667 0.791018 0.267500 0.791617 0.297500 0.796407 0.318333 0.795808 0.371667 0.802395 0.388333 0.801198 0.419167 0.803593 0.430833 0.810180 0.428333 0.816168 0.432500 0.833533 0.437500 0.834132 0.472500 0.824551 0.480833 0.825749 0.497500 0.835928 0.520833 0.836527 0.540000 0.830539
3 0.380000 0.115569 0.373333 0.125150 0.340000 0.142515 0.325833 0.156886 0.329167 0.175449 0.642500 0.391018 0.649167 0.406587 0.626667 0.428144 0.620833 0.442515 0.647500 0.464072 0.662500 0.468862 0.678333 0.466467 0.720000 0.443713 0.795833 0.377844 0.813333 0.357485 0.821667 0.332934 0.789167 0.310180 0.775000 0.310778 0.725833 0.325150 0.706667 0.306587 0.694167 0.302994 0.680000 0.286228 0.654167 0.273653 0.648333 0.259880 0.635833 0.257485 0.618333 0.239521 0.603333 0.238323 0.586667 0.218563 0.544167 0.197006 0.473333 0.141916 0.436667 0.126347
2 0.727500 0.643114 0.708333 0.659880 0.706667 0.678443 0.720833 0.704192 0.723333 0.719162 0.742500 0.758683 0.759167 0.785030 0.757500 0.790419 0.739167 0.804192 0.727500 0.817964 0.727500 0.839521 0.743333 0.865868 0.756667 0.874251 0.776667 0.880838 0.834167 0.880838 0.862500 0.877245 0.899167 0.868263 0.967500 0.839521 0.971667 0.832335 0.969167 0.802994 0.960833 0.786826 0.940833 0.768862 0.928333 0.764671 0.898333 0.762275 0.891667 0.758084 0.863333 0.700599 0.859167 0.685030 0.850833 0.676647 0.842500 0.658084 0.834167 0.650898 0.831667 0.644311 0.816667 0.637126 0.791667 0.634132 0.761667 0.634731
4 0.498333 0.382036 0.485000 0.391617 0.462500 0.412575 0.463333 0.413174 0.452500 0.425748 0.453333 0.426347 0.450000 0.432335 0.450833 0.435928 0.457500 0.440120 0.460833 0.440719 0.470000 0.445509 0.476667 0.444311 0.490000 0.436527 0.495000 0.436527 0.508333 0.444311 0.509167 0.443713 0.516667 0.448503 0.517500 0.447904 0.544167 0.462874 0.547500 0.463473 0.553333 0.467066 0.554167 0.466467 0.560833 0.470659 0.561667 0.470060 0.565000 0.472455 0.573333 0.472455 0.585833 0.462275 0.585000 0.461677 0.593333 0.454491 0.595833 0.450299 0.595000 0.445509 0.583333 0.437725 0.580000 0.437126 0.548333 0.419162 0.547500 0.419760 0.540000 0.414970 0.536667 0.414371 0.532500 0.411377 0.522500 0.407186 0.525833 0.399401 0.530000 0.394012 0.530000 0.388024 0.515000 0.380240 0.507500 0.379641
0 0.617500 0.113772 0.553333 0.134731 0.518333 0.152096 0.507500 0.159880 0.508333 0.177246 0.515833 0.185629 0.541667 0.201796 0.536667 0.208982 0.536667 0.214371 0.544167 0.228144 0.551667 0.230539 0.587500 0.230539 0.596667 0.232934 0.605000 0.244910 0.625833 0.265269 0.679167 0.337126 0.689167 0.346108 0.700833 0.351497 0.710000 0.350898 0.750833 0.337126 0.757500 0.328743 0.757500 0.317964 0.747500 0.301796 0.705833 0.249701 0.688333 0.216766 0.685000 0.201796 0.679167 0.193413 0.680833 0.183832 0.686667 0.176048 0.686667 0.168263 0.659167 0.152695 0.654167 0.144311 0.654167 0.133533 0.644167 0.119760 0.635000 0.114970
0 0.342500 0.175449 0.327500 0.171856 0.318333 0.172455 0.305000 0.177844 0.200000 0.264671 0.185833 0.265868 0.180000 0.263473 0.149167 0.264072 0.140833 0.267665 0.133333 0.277246 0.129167 0.298802 0.123333 0.307784 0.114167 0.313174 0.101667 0.314970 0.085833 0.323353 0.080000 0.333533 0.078333 0.352695 0.104167 0.377246 0.135833 0.396407 0.159167 0.405988 0.184167 0.408383 0.205833 0.401796 0.219167 0.391018 0.223333 0.373653 0.221667 0.364072 0.232500 0.359281 0.245833 0.358084 0.260000 0.346108 0.267500 0.331737 0.266667 0.317365 0.271667 0.306587 0.305000 0.274251 0.355000 0.232335 0.372500 0.213174 0.373333 0.201796 0.369167 0.194012 0.354167 0.181437
3 0.250000 0.543114 0.235000 0.546108 0.220000 0.559281 0.186667 0.613772 0.162500 0.646707 0.153333 0.666467 0.104167 0.743713 0.093333 0.749701 0.070000 0.744910 0.052500 0.744910 0.039167 0.762874 0.041667 0.774252 0.074167 0.792216 0.091667 0.795210 0.155833 0.814371 0.192500 0.817964 0.200000 0.814371 0.209167 0.802395 0.209167 0.789222 0.183333 0.768862 0.194167 0.756886 0.195833 0.748503 0.207500 0.738323 0.210833 0.727545 0.224167 0.718563 0.223333 0.711976 0.235833 0.700000 0.239167 0.689820 0.247500 0.679641 0.253333 0.661078 0.287500 0.615569 0.295833 0.598204 0.295000 0.562275 0.267500 0.547904
1 0.380833 0.257485 0.341667 0.265868 0.331667 0.273653 0.325833 0.292814 0.436667 0.746707 0.400000 0.758084 0.396667 0.769461 0.404167 0.790419 0.419167 0.795210 0.488333 0.793413 0.558333 0.780240 0.580000 0.767665 0.581667 0.755689 0.574167 0.738323 0.525833 0.735329 0.411667 0.274850 0.400000 0.261078
0 0.548333 0.701796 0.529167 0.715569 0.527500 0.726946 0.577500 0.823952 0.577500 0.828144 0.555000 0.841317 0.552500 0.849102 0.556667 0.853892 0.566667 0.856886 0.580000 0.868862 0.581667 0.873653 0.579167 0.885629 0.585000 0.896407 0.595000 0.903593 0.605000 0.903593 0.620000 0.898204 0.659167 0.890419 0.698333 0.879042 0.703333 0.870060 0.702500 0.864072 0.696667 0.855090 0.685833 0.847305 0.679167 0.837725 0.682500 0.824551 0.680000 0.814970 0.668333 0.811377 0.647500 0.811377 0.640833 0.808982 0.632500 0.800599 0.611667 0.756886 0.585000 0.711976 0.575000 0.705988 0.565833 0.705988 0.554167 0.701198
0 0.410833 0.127545 0.393333 0.155090 0.392500 0.165868 0.400000 0.182036 0.415000 0.195808 0.426667 0.200599 0.440000 0.202395 0.448333 0.207186 0.462500 0.230539 0.490000 0.240120 0.515000 0.240120 0.548333 0.234731 0.573333 0.246108 0.630000 0.281437 0.675000 0.305389 0.699167 0.308383 0.714167 0.304192 0.727500 0.294012 0.738333 0.277246 0.739167 0.265269 0.734167 0.258084 0.701667 0.235928 0.638333 0.201198 0.598333 0.174251 0.607500 0.156886 0.606667 0.146707 0.586667 0.127545 0.545000 0.117365 0.535000 0.107186 0.518333 0.097006 0.493333 0.089222 0.475000 0.089820 0.451667 0.099401
0 0.585000 0.451497 0.564167 0.462874 0.547500 0.476048 0.540833 0.488623 0.540833 0.497605 0.548333 0.508383 0.553333 0.512575 0.563333 0.516168 0.583333 0.519760 0.585833 0.525150 0.585000 0.534132 0.595833 0.544910 0.610833 0.552096 0.627500 0.554491 0.638333 0.559880 0.648333 0.570659 0.669167 0.586228 0.700833 0.618563 0.721667 0.634731 0.740833 0.637126 0.762500 0.629341 0.775833 0.617964 0.775833 0.605988 0.756667 0.583234 0.741667 0.571257 0.733333 0.560479 0.720000 0.550299 0.696667 0.525748 0.698333 0.518563 0.705833 0.508383 0.707500 0.494611 0.705000 0.491018 0.695833 0.485030 0.670833 0.477844 0.663333 0.473054 0.660000 0.467066 0.660000 0.458683 0.654167 0.449701 0.641667 0.443114 0.620000 0.439521
3 0.489167 0.244910 0.415833 0.258084 0.405833 0.266467 0.402500 0.279042 0.409167 0.336527 0.429167 0.404790 0.441667 0.486228 0.467500 0.585629 0.466667 0.595808 0.460833 0.600000 0.419167 0.608383 0.401667 0.617365 0.409167 0.654491 0.429167 0.662874 0.456667 0.663473 0.601667 0.649102 0.658333 0.634132 0.666667 0.620359 0.655833 0.589820 0.639167 0.585629 0.599167 0.585629 0.589167 0.573653 0.577500 0.511377 0.565833 0.482036 0.561667 0.426347 0.543333 0.336527 0.510833 0.256287 0.502500 0.248503
3 0.685000 0.319162 0.665833 0.307784 0.652500 0.311377 0.601667 0.313772 0.532500 0.330539 0.392500 0.346108 0.367500 0.354491 0.350833 0.352695 0.330833 0.358084 0.294167 0.360479 0.270000 0.357485 0.254167 0.340719 0.231667 0.326946 0.206667 0.328743 0.188333 0.338323 0.169167 0.362275 0.172500 0.394012 0.167500 0.418563 0.176667 0.442515 0.176667 0.456287 0.199167 0.487425 0.219167 0.496407 0.245833 0.495808 0.272500 0.480838 0.286667 0.442515 0.345833 0.435928 0.402500 0.423952 0.434167 0.423353 0.449167 0.418563 0.507500 0.412575 0.540000 0.404192 0.646667 0.392814 0.675000 0.384431 0.692500 0.373653 0.695833 0.362874
0 0.350833 0.497605 0.326667 0.523952 0.328333 0.535928 0.341667 0.545509 0.374167 0.555090 0.399167 0.567066 0.415833 0.571257 0.460833 0.590419 0.471667 0.591617 0.485000 0.598204 0.497500 0.601198 0.505833 0.610180 0.500833 0.615569 0.496667 0.629940 0.498333 0.632335 0.533333 0.632335 0.542500 0.637126 0.545000 0.643713 0.552500 0.649701 0.570833 0.655090 0.590833 0.654491 0.605833 0.644311 0.635000 0.594611 0.635833 0.578443 0.625833 0.567665 0.588333 0.557485 0.575000 0.535928 0.556667 0.543114 0.536667 0.543713 0.522500 0.540120 0.492500 0.522156 0.395000 0.492216 0.370833 0.490419
