3 0.514167 0.228743 0.495000 0.244311 0.486667 0.268862 0.489167 0.465868 0.484167 0.495210 0.469167 0.522754 0.469167 0.557485 0.423333 0.567066 0.418333 0.575449 0.420000 0.602994 0.425833 0.610180 0.441667 0.615569 0.482500 0.621557 0.522500 0.619162 0.617500 0.625150 0.645833 0.621557 0.670833 0.611976 0.672500 0.575449 0.655000 0.567665 0.615833 0.561677 0.599167 0.549701 0.604167 0.525748 0.605833 0.308383 0.599167 0.251497 0.591667 0.237725 0.576667 0.227545 0.547500 0.225150
2 0.177500 0.136527 0.150000 0.162874 0.148333 0.188024 0.167500 0.211377 0.275000 0.291617 0.274167 0.306587 0.281667 0.315569 0.270833 0.327545 0.272500 0.338323 0.278333 0.349701 0.290833 0.362275 0.307500 0.374251 0.320000 0.379042 0.355833 0.386826 0.430000 0.368263 0.457500 0.352695 0.495000 0.320359 0.510833 0.289820 0.508333 0.264072 0.498333 0.247904 0.482500 0.232335 0.458333 0.219760 0.435833 0.214970 0.382500 0.217365 0.289167 0.149102 0.250833 0.126946 0.227500 0.123952 0.212500 0.125150
0 0.450000 0.471257 0.440000 0.514371 0.445833 0.534731 0.455000 0.544311 0.471667 0.551497 0.505000 0.553892 0.520833 0.550898 0.540833 0.565868 0.560000 0.569461 0.570000 0.568263 0.585000 0.561677 0.609167 0.538922 0.619167 0.536527 0.784167 0.550299 0.817500 0.549701 0.834167 0.541916 0.843333 0.521557 0.845000 0.505389 0.841667 0.498204 0.820833 0.484431 0.802500 0.483234 0.792500 0.479641 0.720000 0.476048 0.635833 0.467665 0.625833 0.458683 0.624167 0.449701 0.605833 0.432934 0.589167 0.428144 0.572500 0.429341 0.548333 0.437725 0.514167 0.434132 0.479167 0.440120 0.462500 0.449701
2 0.343333 0.252695 0.334167 0.260479 0.334167 0.262874 0.328333 0.271856 0.329167 0.277844 0.332500 0.282036 0.343333 0.288623 0.345833 0.288623 0.360000 0.295808 0.360833 0.295210 0.371667 0.300000 0.372500 0.299401 0.384167 0.305389 0.386667 0.305389 0.389167 0.307784 0.389167 0.314970 0.396667 0.321557 0.397500 0.320958 0.402500 0.323952 0.405833 0.323952 0.408333 0.325150 0.416667 0.323952 0.417500 0.324551 0.420833 0.323353 0.431667 0.311976 0.430833 0.311377 0.434167 0.308383 0.442500 0.295808 0.442500 0.294012 0.447500 0.288024 0.450833 0.279042 0.450833 0.276048 0.449167 0.275449 0.450000 0.274850 0.448333 0.272455 0.438333 0.267066 0.437500 0.267665 0.434167 0.265868 0.425833 0.264671 0.421667 0.265868 0.410833 0.271856 0.404167 0.271856 0.395000 0.267665 0.392500 0.268263 0.388333 0.265868 0.387500 0.266467 0.382500 0.264072 0.381667 0.264671 0.375833 0.261078 0.375000 0.261677 0.370833 0.259281 0.368333 0.259281 0.364167 0.256886 0.361667 0.256886 0.351667 0.252096
2 0.287500 0.110180 0.270833 0.114371 0.252500 0.135928 0.245833 0.162874 0.247500 0.177844 0.259167 0.192814 0.311667 0.204790 0.320833 0.222754 0.317500 0.245509 0.310000 0.256287 0.302500 0.314970 0.277500 0.398204 0.275000 0.443114 0.291667 0.457485 0.311667 0.462275 0.429167 0.474850 0.450833 0.464671 0.465833 0.430539 0.465833 0.412575 0.478333 0.385629 0.495000 0.312575 0.497500 0.273653 0.508333 0.243713 0.522500 0.231138 0.567500 0.238323 0.581667 0.229940 0.598333 0.207186 0.599167 0.170060 0.589167 0.160479 0.572500 0.155090 0.513333 0.146108 0.476667 0.146108 0.404167 0.125150
1 0.100833 0.187425 0.056667 0.211976 0.051667 0.218563 0.056667 0.238323 0.185000 0.370659 0.223333 0.400599 0.225833 0.411976 0.509167 0.698204 0.506667 0.707784 0.475000 0.731737 0.490833 0.753892 0.517500 0.762275 0.547500 0.752695 0.664167 0.688024 0.676667 0.673054 0.671667 0.656287 0.641667 0.637725 0.605833 0.644910 0.495000 0.533533 0.464167 0.510778 0.412500 0.446707 0.345000 0.378443 0.317500 0.361677 0.287500 0.321557 0.197500 0.231737 0.120833 0.183832
1 0.764167 0.064072 0.737500 0.059281 0.721667 0.061677 0.690000 0.098204 0.455000 0.569461 0.445000 0.574251 0.400000 0.572455 0.383333 0.594012 0.380833 0.605389 0.402500 0.624551 0.466667 0.647305 0.545000 0.662874 0.570833 0.653892 0.580833 0.638323 0.582500 0.621557 0.553333 0.608383 0.551667 0.595808 0.587500 0.507784 0.730000 0.237725 0.791667 0.107186 0.792500 0.080838
0 0.359167 0.085030 0.322500 0.097605 0.310833 0.104192 0.302500 0.122754 0.305000 0.131737 0.324167 0.155689 0.319167 0.163473 0.317500 0.174251 0.323333 0.185030 0.335833 0.194611 0.368333 0.201796 0.375833 0.205389 0.395000 0.236527 0.405833 0.264072 0.429167 0.306587 0.440833 0.316168 0.461667 0.319162 0.477500 0.314970 0.496667 0.305988 0.505000 0.292814 0.454167 0.183832 0.472500 0.164671 0.478333 0.155090 0.478333 0.147305 0.470833 0.135928 0.444167 0.121557 0.441667 0.114371 0.444167 0.105389 0.439167 0.092814 0.429167 0.082635 0.405000 0.079641
3 0.584167 0.294611 0.560000 0.307784 0.552500 0.317964 0.555000 0.329940 0.570000 0.344910 0.580833 0.346707 0.608333 0.344311 0.618333 0.347904 0.630000 0.370659 0.649167 0.391617 0.659167 0.408383 0.659167 0.414970 0.665833 0.420359 0.680833 0.445509 0.700000 0.469461 0.715000 0.499401 0.736667 0.528742 0.745000 0.535928 0.758333 0.538922 0.804167 0.526946 0.815000 0.512575 0.807500 0.504192 0.797500 0.477246 0.764167 0.443114 0.745000 0.413174 0.741667 0.401198 0.723333 0.383234 0.710833 0.356287 0.699167 0.341916 0.698333 0.321557 0.723333 0.297605 0.719167 0.285629 0.703333 0.277246 0.676667 0.273054 0.644167 0.280838 0.621667 0.282635
0 0.176667 0.274251 0.171667 0.270659 0.162500 0.271856 0.158333 0.274251 0.158333 0.277844 0.155000 0.280838 0.150833 0.280838 0.147500 0.276647 0.138333 0.274850 0.135000 0.278443 0.135000 0.282036 0.130833 0.285030 0.114167 0.286228 0.094167 0.289820 0.084167 0.290419 0.081667 0.291617 0.071667 0.292216 0.067500 0.295210 0.068333 0.307186 0.071667 0.310180 0.090000 0.309581 0.098333 0.307784 0.105000 0.307784 0.111667 0.305988 0.120833 0.305389 0.123333 0.304192 0.135833 0.303593 0.139167 0.306587 0.140000 0.312575 0.142500 0.313174 0.148333 0.308383 0.153333 0.305988 0.154167 0.303593 0.157500 0.301198 0.160833 0.302395 0.162500 0.305389 0.165833 0.307784 0.171667 0.308383 0.180833 0.304790 0.178333 0.282635 0.176667 0.279641
0 0.797500 0.646707 0.781667 0.640120 0.771667 0.632934 0.755000 0.632934 0.705000 0.657485 0.678333 0.667066 0.665000 0.679641 0.629167 0.694012 0.605833 0.685629 0.586667 0.685629 0.577500 0.688623 0.569167 0.696407 0.565000 0.710180 0.532500 0.716168 0.517500 0.725150 0.512500 0.731737 0.510833 0.744311 0.523333 0.765269 0.562500 0.800000 0.587500 0.810180 0.602500 0.808383 0.620000 0.799401 0.627500 0.790419 0.627500 0.783234 0.660833 0.782635 0.673333 0.779042 0.680000 0.773653 0.680000 0.762275 0.675000 0.750898 0.678333 0.742515 0.724167 0.716168 0.785000 0.686826 0.803333 0.674251 0.807500 0.664671
2 0.474167 0.476048 0.425000 0.520359 0.418333 0.533533 0.419167 0.541916 0.436667 0.556886 0.501667 0.593413 0.542500 0.620359 0.577500 0.637126 0.578333 0.644311 0.568333 0.661677 0.572500 0.674251 0.585833 0.685629 0.610833 0.697006 0.634167 0.696407 0.669167 0.675449 0.750833 0.601796 0.761667 0.585629 0.758333 0.568263 0.743333 0.555689 0.714167 0.543713 0.698333 0.544910 0.663333 0.562275 0.655833 0.561677 0.632500 0.546108 0.605000 0.534132 0.580833 0.516766 0.528333 0.492216 0.502500 0.476647 0.485000 0.473653
0 0.752500 0.318563 0.745000 0.318563 0.740000 0.319760 0.736667 0.322156 0.735833 0.326347 0.738333 0.329341 0.738333 0.331138 0.730833 0.336527 0.730833 0.338922 0.733333 0.341916 0.738333 0.343114 0.740833 0.345509 0.735833 0.362275 0.736667 0.362874 0.734167 0.369461 0.735000 0.370060 0.732500 0.376048 0.736667 0.380838 0.738333 0.380240 0.745833 0.382036 0.748333 0.382036 0.753333 0.378443 0.761667 0.349102 0.770833 0.347305 0.775000 0.344311 0.774167 0.341317 0.771667 0.338922 0.771667 0.335329 0.775833 0.332335 0.777500 0.329341 0.777500 0.325749 0.775000 0.322755 0.763333 0.319760 0.755000 0.319760
3 0.489167 0.532335 0.464167 0.565269 0.446667 0.606587 0.445000 0.631138 0.447500 0.637725 0.474167 0.649102 0.490833 0.650299 0.529167 0.631737 0.538333 0.631737 0.684167 0.685629 0.814167 0.728743 0.852500 0.733533 0.867500 0.724551 0.878333 0.708982 0.881667 0.690419 0.879167 0.681437 0.861667 0.667665 0.807500 0.646707 0.747500 0.628743 0.611667 0.577246 0.576667 0.567665 0.570000 0.559880 0.573333 0.529341 0.566667 0.522156 0.553333 0.516168 0.534167 0.511976
0 0.475833 0.243114 0.476667 0.244910 0.475000 0.246707 0.475833 0.247904 0.474167 0.252096 0.475000 0.254491 0.480000 0.257485 0.484167 0.257485 0.493333 0.260479 0.497500 0.260479 0.516667 0.265269 0.518333 0.264671 0.523333 0.266467 0.525000 0.265868 0.536667 0.269461 0.538333 0.268862 0.541667 0.270060 0.545833 0.270060 0.545833 0.271257 0.549167 0.273653 0.550833 0.279042 0.554167 0.281437 0.558333 0.282635 0.563333 0.282635 0.569167 0.280240 0.583333 0.284431 0.592500 0.283832 0.599167 0.273054 0.599167 0.270060 0.604167 0.259880 0.604167 0.251497 0.600833 0.246707 0.587500 0.243713 0.580000 0.244910 0.570833 0.238323 0.562500 0.238323 0.558333 0.240719 0.555000 0.244910 0.550833 0.246707 0.546667 0.246707 0.532500 0.243114 0.525833 0.243114 0.513333 0.240120 0.506667 0.240120 0.501667 0.238323 0.500000 0.238922 0.490000 0.236527 0.482500 0.236527
0 0.475833 0.772455 0.454167 0.802994 0.447500 0.828144 0.449167 0.840719 0.457500 0.853293 0.477500 0.864671 0.531667 0.875449 0.540000 0.884431 0.540833 0.895808 0.550000 0.903593 0.572500 0.909581 0.596667 0.907186 0.616667 0.899401 0.636667 0.897605 0.646667 0.903593 0.707500 0.925150 0.752500 0.946707 0.779167 0.956287 0.810833 0.959880 0.828333 0.952096 0.847500 0.935329 0.852500 0.916168 0.844167 0.902395 0.834167 0.894611 0.802500 0.883832 0.688333 0.831737 0.683333 0.824551 0.685833 0.811377 0.680833 0.792216 0.671667 0.782635 0.650000 0.778443 0.618333 0.784431 0.588333 0.783832 0.580833 0.776647 0.576667 0.765269 0.562500 0.757485 0.560000 0.752695 0.538333 0.746707 0.511667 0.750299 0.487500 0.762275
3 0.657500 0.790419 0.643333 0.794012 0.637500 0.803593 0.639167 0.804790 0.640000 0.816766 0.642500 0.820958 0.644167 0.834731 0.650000 0.852695 0.649167 0.856287 0.654167 0.868862 0.655833 0.884431 0.659167 0.890419 0.658333 0.895210 0.662500 0.902395 0.658333 0.907186 0.650000 0.908982 0.645833 0.912575 0.640833 0.914371 0.639167 0.923353 0.643333 0.929341 0.652500 0.932335 0.660833 0.932335 0.662500 0.933533 0.666667 0.932335 0.672500 0.932934 0.678333 0.931138 0.683333 0.931737 0.697500 0.928743 0.702500 0.929341 0.706667 0.926946 0.714167 0.926347 0.728333 0.917365 0.728333 0.914371 0.725833 0.908982 0.726667 0.907186 0.720000 0.902395 0.704167 0.901796 0.699167 0.898204 0.699167 0.887425 0.693333 0.870659 0.694167 0.866467 0.690000 0.855689 0.690833 0.852695 0.685833 0.837725 0.686667 0.834731 0.683333 0.829940 0.684167 0.823952 0.681667 0.819761 0.682500 0.816766 0.678333 0.807784 0.677500 0.800599 0.669167 0.792216
2 0.361667 0.166467 0.356667 0.165868 0.344167 0.168862 0.335000 0.173054 0.325833 0.174850 0.310833 0.180240 0.307500 0.180240 0.303333 0.182635 0.294167 0.184431 0.285000 0.188623 0.280000 0.189222 0.267500 0.194012 0.260000 0.191018 0.252500 0.183234 0.244167 0.181437 0.231667 0.184431 0.222500 0.189222 0.218333 0.194611 0.218333 0.197006 0.225833 0.210778 0.228333 0.212575 0.234167 0.222754 0.238333 0.226347 0.238333 0.228144 0.245000 0.234132 0.246667 0.238922 0.265000 0.256287 0.265833 0.255689 0.273333 0.258683 0.288333 0.254491 0.299167 0.247904 0.299167 0.243114 0.295000 0.239521 0.294167 0.235329 0.313333 0.226946 0.315833 0.227545 0.320000 0.225150 0.320833 0.225749 0.329167 0.222156 0.339167 0.219760 0.345833 0.216168 0.363333 0.210778 0.370833 0.206587 0.375833 0.205988 0.383333 0.202395 0.385000 0.198204 0.382500 0.196407 0.380000 0.189820 0.370000 0.179042 0.365833 0.170659
4 0.298333 0.344910 0.256667 0.365269 0.244167 0.375449 0.228333 0.398204 0.220833 0.436527 0.238333 0.467665 0.257500 0.480240 0.295000 0.483234 0.337500 0.495210 0.349167 0.516168 0.370833 0.538922 0.404167 0.588623 0.431667 0.616766 0.452500 0.625150 0.480000 0.623952 0.522500 0.612575 0.541667 0.598204 0.545833 0.587425 0.545833 0.569461 0.533333 0.547305 0.492500 0.494012 0.465833 0.448503 0.465000 0.431737 0.470833 0.422156 0.478333 0.389222 0.476667 0.373054 0.469167 0.361078 0.440000 0.338323 0.400000 0.328144 0.365000 0.327545
2 0.728333 0.579042 0.695000 0.585629 0.671667 0.601796 0.625000 0.665868 0.608333 0.707186 0.562500 0.771856 0.544167 0.779042 0.531667 0.776048 0.520000 0.767665 0.482500 0.771856 0.469167 0.782036 0.448333 0.814371 0.451667 0.842515 0.470000 0.855689 0.497500 0.867665 0.620833 0.900599 0.711667 0.914371 0.747500 0.904192 0.774167 0.873653 0.775000 0.844311 0.770000 0.837725 0.744167 0.823952 0.739167 0.813174 0.747500 0.788623 0.759167 0.772455 0.760000 0.758683 0.794167 0.707186 0.803333 0.684431 0.815833 0.670659 0.839167 0.617365 0.835000 0.605988 0.810833 0.596407 0.767500 0.584431
0 0.375833 0.695210 0.369167 0.704790 0.355000 0.716168 0.355000 0.722754 0.360000 0.730539 0.376667 0.741317 0.435000 0.770659 0.472500 0.797605 0.477500 0.804790 0.487500 0.810180 0.490833 0.817964 0.490000 0.826946 0.493333 0.832335 0.503333 0.832335 0.523333 0.837126 0.533333 0.843713 0.537500 0.851497 0.552500 0.859880 0.564167 0.861078 0.576667 0.858084 0.615833 0.825749 0.637500 0.800000 0.641667 0.791018 0.634167 0.779042 0.620833 0.772455 0.594167 0.767665 0.590833 0.755689 0.578333 0.746707 0.569167 0.746707 0.540833 0.756287 0.533333 0.756886 0.520000 0.749102 0.490833 0.737725 0.463333 0.720958 0.450833 0.716766 0.427500 0.701198 0.405000 0.691617 0.386667 0.689820
0 0.135000 0.189820 0.145833 0.198802 0.156667 0.202395 0.173333 0.202395 0.193333 0.197605 0.213333 0.198802 0.230000 0.210180 0.238333 0.210180 0.245833 0.207784 0.255000 0.193413 0.264167 0.186228 0.349167 0.186228 0.360833 0.184431 0.373333 0.184431 0.386667 0.187425 0.400000 0.185030 0.411667 0.186228 0.422500 0.183234 0.428333 0.175449 0.430000 0.148503 0.422500 0.143713 0.397500 0.134731 0.351667 0.134731 0.340833 0.130539 0.329167 0.134731 0.313333 0.131138 0.305000 0.125150 0.265000 0.134731 0.258333 0.129940 0.251667 0.112575 0.241667 0.110778 0.231667 0.112575 0.224167 0.117964 0.214167 0.118563 0.206667 0.122754 0.193333 0.120958 0.184167 0.116766 0.156667 0.114970 0.147500 0.118563 0.145000 0.127545 0.146667 0.143713 0.143333 0.164072 0.146667 0.171257 0.146667 0.180240 0.143333 0.185629
2 0.293333 0.362874 0.290833 0.363473 0.288333 0.365868 0.283333 0.376048 0.284167 0.377246 0.280833 0.384431 0.280833 0.388024 0.279167 0.390419 0.280000 0.391617 0.277500 0.395210 0.275000 0.407186 0.272500 0.408982 0.265833 0.407784 0.260833 0.408383 0.257500 0.411377 0.255000 0.416766 0.255000 0.420359 0.258333 0.424551 0.265833 0.426347 0.266667 0.425748 0.270833 0.427545 0.271667 0.426946 0.285000 0.430539 0.289167 0.430539 0.296667 0.432934 0.298333 0.432335 0.301667 0.433533 0.310833 0.433533 0.315833 0.434731 0.318333 0.433533 0.319167 0.434132 0.322500 0.431138 0.325000 0.424551 0.323333 0.418563 0.319167 0.416766 0.313333 0.416168 0.311667 0.414970 0.312500 0.409581 0.315833 0.403593 0.315000 0.402395 0.320000 0.388024 0.319167 0.386826 0.320833 0.384431 0.320833 0.380838 0.324167 0.373653 0.324167 0.369461 0.320833 0.367066 0.313333 0.365269 0.311667 0.365868 0.304167 0.363473 0.302500 0.364072
