2 0.457500 0.513772 0.434167 0.524551 0.404167 0.543713 0.380833 0.569461 0.373333 0.595210 0.379167 0.616766 0.398333 0.638922 0.415000 0.650898 0.434167 0.658084 0.476667 0.664072 0.489167 0.670060 0.495000 0.688623 0.505833 0.700000 0.525000 0.731138 0.548333 0.758683 0.565000 0.771257 0.585000 0.778443 0.599167 0.779042 0.644167 0.769461 0.660833 0.753293 0.683333 0.720359 0.666667 0.692216 0.645833 0.667665 0.637500 0.650898 0.614167 0.622755 0.614167 0.614970 0.621667 0.609581 0.620833 0.604192 0.627500 0.594611 0.628333 0.582635 0.618333 0.541317 0.597500 0.525150 0.578333 0.516168 0.555000 0.510180 0.506667 0.506587
3 0.650000 0.428144 0.624167 0.423353 0.600000 0.429341 0.575000 0.444311 0.503333 0.511377 0.449167 0.574251 0.374167 0.644910 0.348333 0.677245 0.333333 0.682635 0.291667 0.675449 0.259167 0.704192 0.259167 0.712575 0.269167 0.727545 0.325000 0.770060 0.398333 0.803593 0.435000 0.813772 0.452500 0.813174 0.471667 0.801198 0.490833 0.774252 0.457500 0.746707 0.454167 0.732335 0.507500 0.680838 0.511667 0.671257 0.642500 0.533533 0.689167 0.498802 0.690833 0.487425 0.700833 0.480240 0.697500 0.464072 0.704167 0.456886
0 0.390833 0.204192 0.397500 0.228743 0.399167 0.255689 0.406667 0.273054 0.420000 0.289222 0.434167 0.295210 0.461667 0.295808 0.481667 0.292216 0.493333 0.283832 0.515833 0.288024 0.531667 0.295210 0.550000 0.295210 0.562500 0.290419 0.584167 0.263473 0.597500 0.255689 0.682500 0.248503 0.780833 0.244311 0.800833 0.236527 0.810833 0.227545 0.813333 0.219760 0.808333 0.191018 0.797500 0.180240 0.779167 0.170659 0.721667 0.172455 0.695833 0.176048 0.678333 0.174850 0.661667 0.178443 0.624167 0.177246 0.575833 0.165269 0.540000 0.146707 0.515833 0.153892 0.484167 0.173653 0.463333 0.162874 0.446667 0.159281 0.415833 0.162874 0.399167 0.175449
0 0.265833 0.053293 0.208333 0.069461 0.200833 0.077246 0.199167 0.089820 0.290833 0.245509 0.286667 0.255689 0.263333 0.271856 0.258333 0.288024 0.287500 0.298802 0.293333 0.307784 0.290000 0.322755 0.299167 0.338922 0.315000 0.352695 0.327500 0.355090 0.445833 0.312575 0.460833 0.302994 0.466667 0.290419 0.445833 0.263473 0.447500 0.246707 0.440000 0.237126 0.437500 0.222754 0.425000 0.214371 0.410833 0.214970 0.383333 0.206587 0.385833 0.192814 0.377500 0.183234 0.384167 0.174850 0.369167 0.171856 0.365000 0.159281 0.355000 0.152695 0.355000 0.146707 0.342500 0.128144 0.342500 0.116766 0.331667 0.108982 0.317500 0.077844 0.282500 0.056886
1 0.869167 0.034731 0.811667 0.035329 0.787500 0.047305 0.218333 0.586228 0.135000 0.586826 0.105000 0.611377 0.100833 0.630539 0.130833 0.673653 0.205000 0.722754 0.244167 0.740120 0.275833 0.745509 0.310000 0.743114 0.335833 0.723353 0.350000 0.700599 0.322500 0.662874 0.323333 0.647305 0.460833 0.520359 0.468333 0.502994 0.489167 0.491617 0.490833 0.477246 0.519167 0.462874 0.523333 0.451497 0.593333 0.397006 0.825833 0.174251 0.847500 0.142515 0.892500 0.107784 0.901667 0.068862
0 0.300833 0.607784 0.291667 0.613772 0.288333 0.628743 0.293333 0.646707 0.294167 0.671257 0.298333 0.688024 0.298333 0.711377 0.304167 0.737126 0.296667 0.743713 0.283333 0.744311 0.270000 0.749102 0.274167 0.756886 0.291667 0.770060 0.281667 0.786826 0.282500 0.797605 0.286667 0.805389 0.291667 0.810180 0.301667 0.813174 0.323333 0.813772 0.380000 0.805988 0.395000 0.799401 0.400833 0.793413 0.399167 0.775449 0.393333 0.762874 0.407500 0.748503 0.390833 0.740120 0.379167 0.723952 0.382500 0.699401 0.380000 0.691617 0.380833 0.682036 0.370833 0.649102 0.371667 0.641317 0.360000 0.616766 0.344167 0.608982
0 0.483333 0.768263 0.478333 0.746108 0.466667 0.732934 0.450000 0.726946 0.426667 0.725150 0.399167 0.729341 0.379167 0.711377 0.363333 0.706587 0.345833 0.708383 0.305833 0.730539 0.269167 0.726946 0.204167 0.716168 0.162500 0.713772 0.139167 0.723952 0.132500 0.734132 0.132500 0.753293 0.141667 0.767066 0.167500 0.774850 0.177500 0.780838 0.206667 0.786228 0.224167 0.793413 0.240000 0.792814 0.272500 0.800000 0.285833 0.805988 0.300833 0.819761 0.321667 0.827545 0.335833 0.826347 0.349167 0.820958 0.361667 0.819162 0.383333 0.829341 0.400833 0.832335 0.419167 0.832335 0.442500 0.828144 0.456667 0.820958 0.468333 0.808982
4 0.698333 0.659880 0.675833 0.656886 0.635833 0.658683 0.625833 0.664671 0.610833 0.680838 0.611667 0.688623 0.629167 0.706587 0.630000 0.719162 0.559167 0.802395 0.550000 0.817964 0.554167 0.827545 0.575000 0.842515 0.598333 0.851497 0.617500 0.852096 0.634167 0.842515 0.711667 0.755090 0.760000 0.756287 0.769167 0.750898 0.786667 0.731737 0.787500 0.726347 0.783333 0.714970 0.755833 0.687425 0.723333 0.668263
2 0.100000 0.306587 0.081667 0.343114 0.094167 0.370659 0.114167 0.381437 0.157500 0.390419 0.178333 0.399401 0.290833 0.423353 0.297500 0.428743 0.302500 0.450898 0.311667 0.468263 0.340000 0.484431 0.379167 0.492814 0.405833 0.490419 0.424167 0.484431 0.467500 0.448503 0.488333 0.420359 0.505833 0.380838 0.515000 0.320958 0.505833 0.311976 0.469167 0.294611 0.435833 0.287425 0.402500 0.288623 0.386667 0.294611 0.363333 0.312575 0.351667 0.313772 0.231667 0.282635 0.160000 0.271257 0.135833 0.279042
3 0.615833 0.024551 0.558333 0.047904 0.517500 0.068862 0.499167 0.082036 0.495000 0.091018 0.506667 0.105988 0.516667 0.111377 0.540833 0.102994 0.553333 0.102395 0.683333 0.250299 0.699167 0.264671 0.719167 0.271856 0.739167 0.265868 0.762500 0.254491 0.762500 0.240719 0.649167 0.113174 0.620833 0.075449 0.619167 0.068862 0.645000 0.047904 0.629167 0.026946 0.622500 0.023952
0 0.662500 0.115569 0.627500 0.124551 0.622500 0.128144 0.619167 0.135928 0.625833 0.160479 0.660833 0.247305 0.659167 0.256886 0.634167 0.270060 0.630833 0.277844 0.640000 0.290419 0.660000 0.295808 0.654167 0.323353 0.656667 0.332934 0.664167 0.343114 0.670833 0.347305 0.681667 0.349102 0.703333 0.348503 0.714167 0.344311 0.729167 0.344910 0.779167 0.331737 0.791667 0.324551 0.797500 0.318563 0.800000 0.310778 0.791667 0.292814 0.784167 0.287425 0.775833 0.285629 0.770833 0.280838 0.773333 0.268862 0.785000 0.256886 0.780833 0.243713 0.772500 0.240719 0.741667 0.239521 0.737500 0.237126 0.688333 0.120958 0.678333 0.116168
3 0.270000 0.416766 0.270833 0.432934 0.305833 0.451497 0.325000 0.448503 0.340833 0.434132 0.360000 0.426946 0.380000 0.430539 0.470833 0.476048 0.493333 0.483832 0.560833 0.523952 0.595833 0.538922 0.653333 0.571257 0.715000 0.597605 0.750000 0.601198 0.792500 0.575449 0.793333 0.555689 0.782500 0.542515 0.763333 0.529940 0.497500 0.391018 0.445833 0.350299 0.445833 0.340719 0.461667 0.323952 0.460833 0.314970 0.430833 0.298802 0.411667 0.296407 0.389167 0.304790 0.319167 0.361677 0.285000 0.395210
0 0.200000 0.643114 0.171667 0.651497 0.166667 0.655689 0.165000 0.662275 0.174167 0.692814 0.181667 0.702395 0.193333 0.725150 0.203333 0.736527 0.207500 0.746707 0.214167 0.754491 0.210833 0.761078 0.196667 0.771856 0.196667 0.781437 0.201667 0.786228 0.212500 0.788623 0.220000 0.792814 0.220833 0.800000 0.215833 0.805988 0.220833 0.814371 0.220833 0.819162 0.225833 0.825150 0.233333 0.829940 0.246667 0.831138 0.286667 0.820359 0.325000 0.805988 0.336667 0.798802 0.337500 0.790419 0.330000 0.776048 0.314167 0.763473 0.315000 0.758084 0.321667 0.750898 0.320833 0.744311 0.311667 0.737126 0.283333 0.736527 0.273333 0.732934 0.273333 0.726946 0.265833 0.718563 0.228333 0.655090 0.222500 0.648503 0.213333 0.643114
2 0.360000 0.686228 0.350000 0.688024 0.337500 0.695210 0.331667 0.704790 0.326667 0.707186 0.296667 0.755689 0.295000 0.767665 0.285833 0.780240 0.285000 0.788024 0.270833 0.804192 0.269167 0.812575 0.261667 0.817365 0.260000 0.823952 0.247500 0.828743 0.213333 0.823353 0.195833 0.826946 0.175000 0.850898 0.170000 0.859880 0.170000 0.872455 0.177500 0.883234 0.192500 0.891018 0.278333 0.917964 0.373333 0.940719 0.387500 0.938323 0.392500 0.934731 0.413333 0.906587 0.415833 0.886826 0.408333 0.879641 0.388333 0.868862 0.385000 0.861677 0.390000 0.855090 0.388333 0.847305 0.411667 0.808982 0.415000 0.789820 0.448333 0.731138 0.451667 0.716766 0.441667 0.705988 0.431667 0.701198 0.386667 0.688623
1 0.329167 0.103593 0.237500 0.155689 0.225000 0.170659 0.253333 0.198204 0.290833 0.187425 0.308333 0.194012 0.475833 0.355090 0.498333 0.385030 0.700833 0.584431 0.731667 0.602994 0.749167 0.602994 0.771667 0.594611 0.793333 0.575449 0.780833 0.548503 0.383333 0.155090 0.380000 0.141317 0.395833 0.114371 0.388333 0.095210 0.378333 0.090419 0.360000 0.091617
0 0.215000 0.183832 0.191667 0.208383 0.210833 0.234731 0.229167 0.245509 0.252500 0.253892 0.260000 0.259281 0.260833 0.264072 0.270833 0.262874 0.285000 0.274850 0.290000 0.284431 0.304167 0.285030 0.325833 0.289820 0.338333 0.295210 0.329167 0.317365 0.338333 0.328743 0.351667 0.329341 0.360833 0.326946 0.372500 0.331138 0.385000 0.331138 0.398333 0.348503 0.420000 0.359880 0.432500 0.360479 0.445000 0.350299 0.454167 0.336527 0.469167 0.325749 0.479167 0.307186 0.497500 0.294611 0.500000 0.287425 0.497500 0.279042 0.488333 0.273054 0.454167 0.266467 0.446667 0.259281 0.440833 0.258084 0.435833 0.254491 0.433333 0.241916 0.427500 0.234731 0.411667 0.234132 0.391667 0.244910 0.380833 0.246108 0.359167 0.234731 0.331667 0.224551 0.300833 0.207784 0.278333 0.200599 0.260833 0.187425 0.230833 0.177844
