1 0.119167 0.522156 0.085000 0.550299 0.085000 0.562275 0.100000 0.576048 0.110833 0.579641 0.132500 0.570659 0.143333 0.573653 0.213333 0.623952 0.504167 0.864072 0.526667 0.873054 0.550000 0.867665 0.570000 0.849102 0.561667 0.832335 0.204167 0.538922 0.203333 0.531737 0.220833 0.511377 0.206667 0.495210 0.199167 0.491018 0.172500 0.494012
3 0.340000 0.398204 0.338333 0.453892 0.350000 0.525150 0.360000 0.546707 0.373333 0.556886 0.433333 0.553293 0.440833 0.544910 0.440833 0.516168 0.450000 0.502395 0.519167 0.504790 0.700833 0.498802 0.854167 0.498802 0.902500 0.495210 0.930833 0.482036 0.935833 0.470659 0.937500 0.417964 0.932500 0.411377 0.901667 0.401198 0.505833 0.407186 0.444167 0.413174 0.436667 0.407784 0.429167 0.378443 0.416667 0.368263 0.407500 0.367665 0.360000 0.368263 0.347500 0.378443
0 0.504167 0.164072 0.495833 0.171257 0.491667 0.182036 0.500833 0.215569 0.509167 0.225150 0.501667 0.235928 0.480833 0.251497 0.480000 0.260479 0.489167 0.267066 0.527500 0.274850 0.529167 0.349102 0.522500 0.361078 0.526667 0.382036 0.521667 0.421557 0.529167 0.438922 0.542500 0.448503 0.577500 0.455090 0.600000 0.453892 0.615833 0.443114 0.618333 0.432934 0.618333 0.388024 0.623333 0.369461 0.620833 0.356287 0.625833 0.346108 0.618333 0.334132 0.622500 0.322156 0.620833 0.283234 0.636667 0.274850 0.655833 0.273054 0.672500 0.263473 0.668333 0.255090 0.655000 0.243713 0.653333 0.234132 0.645000 0.222754 0.656667 0.201198 0.656667 0.174251 0.643333 0.165868 0.559167 0.167665 0.524167 0.163473
3 0.547500 0.050898 0.512500 0.055689 0.427500 0.076048 0.401667 0.086228 0.393333 0.094611 0.400000 0.113174 0.408333 0.120958 0.435000 0.117365 0.451667 0.119760 0.527500 0.304790 0.537500 0.321557 0.555833 0.333533 0.580000 0.331138 0.607500 0.324551 0.614167 0.309581 0.547500 0.151497 0.533333 0.105988 0.533333 0.098802 0.538333 0.095210 0.546667 0.094012 0.570000 0.081437 0.560833 0.053892
3 0.866667 0.725150 0.835000 0.709581 0.810000 0.700599 0.782500 0.695808 0.765833 0.700599 0.753333 0.714970 0.755833 0.729940 0.765833 0.743713 0.765000 0.749102 0.684167 0.818563 0.610000 0.889820 0.600833 0.907784 0.603333 0.913772 0.615000 0.923353 0.638333 0.931737 0.655833 0.931138 0.670833 0.924551 0.807500 0.803593 0.829167 0.779042 0.850833 0.781437 0.870833 0.787425 0.888333 0.779641 0.897500 0.766467 0.890000 0.756886 0.890000 0.746108 0.885000 0.737725
4 0.205833 0.397605 0.189167 0.404192 0.163333 0.423353 0.152500 0.436527 0.150833 0.450299 0.169167 0.472455 0.220833 0.511377 0.235833 0.528144 0.276667 0.555090 0.254167 0.586228 0.255000 0.595210 0.267500 0.607784 0.292500 0.622755 0.309167 0.623353 0.334167 0.617964 0.356667 0.608982 0.390833 0.589222 0.425833 0.563473 0.447500 0.539521 0.456667 0.519162 0.455833 0.514970 0.434167 0.498802 0.419167 0.491617 0.384167 0.492814 0.365833 0.498204 0.359167 0.497605 0.334167 0.477246 0.319167 0.468862 0.313333 0.460479 0.279167 0.431737 0.265833 0.424551 0.239167 0.403593 0.224167 0.396407
0 0.536667 0.286826 0.491667 0.302994 0.449167 0.323952 0.428333 0.341916 0.425833 0.357485 0.443333 0.374850 0.465833 0.379641 0.475000 0.385629 0.477500 0.401796 0.470833 0.419760 0.487500 0.429341 0.531667 0.421557 0.535000 0.428743 0.644167 0.546707 0.653333 0.549102 0.665833 0.547305 0.708333 0.528144 0.714167 0.519162 0.712500 0.510180 0.624167 0.410778 0.610833 0.390419 0.610833 0.382036 0.632500 0.362874 0.633333 0.355689 0.620833 0.343713 0.592500 0.341916 0.586667 0.320958 0.587500 0.311377 0.570833 0.291617 0.562500 0.286228
2 0.799167 0.485629 0.767500 0.465269 0.747500 0.462275 0.715000 0.464671 0.685000 0.471257 0.671667 0.483234 0.661667 0.516168 0.650000 0.530539 0.520833 0.535329 0.501667 0.532335 0.407500 0.540719 0.372500 0.540120 0.328333 0.550299 0.317500 0.571257 0.325000 0.600599 0.321667 0.631138 0.334167 0.664671 0.349167 0.675449 0.410833 0.680838 0.662500 0.674251 0.680833 0.706587 0.705000 0.720359 0.756667 0.723353 0.785000 0.717365 0.805000 0.702994 0.815000 0.656287 0.813333 0.557485 0.808333 0.510180
2 0.483333 0.228743 0.475833 0.230539 0.472500 0.233533 0.470000 0.234132 0.458333 0.243114 0.454167 0.244910 0.450000 0.248503 0.449167 0.247904 0.447500 0.249701 0.445000 0.250299 0.436667 0.256886 0.432500 0.258683 0.430000 0.261677 0.416667 0.270060 0.411667 0.268263 0.410833 0.268862 0.402500 0.264072 0.397500 0.263473 0.390833 0.265269 0.380000 0.274251 0.378333 0.279641 0.385000 0.286826 0.419167 0.310180 0.439167 0.319760 0.445000 0.320958 0.447500 0.320359 0.457500 0.314371 0.462500 0.309581 0.464167 0.305988 0.462500 0.302994 0.457500 0.300599 0.455000 0.297006 0.467500 0.286826 0.470000 0.286826 0.472500 0.283832 0.473333 0.284431 0.481667 0.277844 0.485000 0.276647 0.487500 0.273653 0.501667 0.264072 0.505833 0.259281 0.507500 0.259281 0.514167 0.253293 0.514167 0.249701 0.509167 0.246707 0.506667 0.243713 0.495833 0.237725
0 0.275833 0.450898 0.263333 0.502395 0.263333 0.525150 0.267500 0.540719 0.285833 0.553892 0.305000 0.556886 0.329167 0.555090 0.352500 0.540120 0.389167 0.571257 0.410000 0.575449 0.420833 0.571257 0.442500 0.549701 0.458333 0.546707 0.522500 0.549102 0.581667 0.558084 0.649167 0.562275 0.688333 0.549102 0.692500 0.543114 0.689167 0.513174 0.695000 0.497006 0.684167 0.483832 0.657500 0.483234 0.635833 0.477246 0.618333 0.479042 0.592500 0.473054 0.574167 0.474850 0.545000 0.462874 0.530000 0.462874 0.500000 0.453293 0.470000 0.452096 0.437500 0.434132 0.419167 0.429940 0.403333 0.431138 0.372500 0.422754 0.300000 0.423353 0.286667 0.431737
1 0.880833 0.345509 0.841667 0.306587 0.826667 0.299401 0.808333 0.303593 0.781667 0.319162 0.795000 0.349701 0.787500 0.358683 0.121667 0.625749 0.095000 0.647904 0.103333 0.671856 0.134167 0.695210 0.192500 0.685030 0.315000 0.629940 0.444167 0.583832 0.832500 0.422156 0.850833 0.423952 0.890000 0.444910 0.925000 0.438323 0.930000 0.420359
0 0.793333 0.336527 0.780000 0.337126 0.770833 0.341317 0.758333 0.356287 0.709167 0.448503 0.691667 0.473653 0.681667 0.477844 0.650000 0.476048 0.637500 0.481437 0.633333 0.498204 0.646667 0.514371 0.617500 0.532335 0.605833 0.547305 0.603333 0.565269 0.613333 0.575449 0.633333 0.585629 0.650000 0.588024 0.662500 0.595808 0.700833 0.606587 0.738333 0.610180 0.759167 0.603593 0.772500 0.583234 0.771667 0.570659 0.765000 0.564072 0.765000 0.558084 0.783333 0.546707 0.804167 0.541916 0.812500 0.527545 0.800000 0.514970 0.780833 0.504192 0.778333 0.498802 0.817500 0.421557 0.835000 0.395808 0.849167 0.362275 0.836667 0.349102
0 0.290833 0.299401 0.271667 0.297006 0.156667 0.297605 0.135833 0.303593 0.123333 0.327545 0.109167 0.340719 0.108333 0.350299 0.115833 0.358683 0.115833 0.367665 0.122500 0.381437 0.144167 0.404192 0.134167 0.539521 0.145833 0.558084 0.157500 0.567665 0.176667 0.570659 0.219167 0.570060 0.230833 0.565269 0.245833 0.550898 0.255000 0.405389 0.257500 0.401796 0.272500 0.397006 0.290000 0.394611 0.298333 0.385629 0.298333 0.374850 0.285833 0.356886 0.274167 0.349102 0.295000 0.341916 0.304167 0.331138 0.304167 0.310180 0.299167 0.302994
2 0.345000 0.407784 0.335000 0.407186 0.320000 0.414970 0.285000 0.440120 0.273333 0.452096 0.255000 0.464072 0.215000 0.496407 0.205833 0.497006 0.186667 0.491617 0.173333 0.492814 0.156667 0.501796 0.148333 0.508982 0.143333 0.517365 0.142500 0.526946 0.164167 0.549701 0.226667 0.592216 0.256667 0.608982 0.270000 0.612575 0.279167 0.613174 0.288333 0.610778 0.308333 0.597605 0.317500 0.585030 0.316667 0.577246 0.312500 0.568862 0.301667 0.559880 0.300833 0.549701 0.332500 0.526946 0.344167 0.514970 0.358333 0.505988 0.405000 0.464072 0.412500 0.451497 0.407500 0.441916 0.367500 0.416168
0 0.712500 0.640120 0.701667 0.628144 0.685000 0.623353 0.664167 0.622156 0.654167 0.624551 0.645833 0.630539 0.633333 0.631737 0.622500 0.628144 0.605000 0.613772 0.591667 0.611377 0.578333 0.612575 0.564167 0.622755 0.553333 0.638323 0.541667 0.642515 0.527500 0.640120 0.503333 0.640719 0.468333 0.635928 0.439167 0.636527 0.423333 0.632934 0.411667 0.635329 0.401667 0.632335 0.368333 0.634731 0.365000 0.637126 0.359167 0.656886 0.360833 0.673054 0.367500 0.689222 0.379167 0.698802 0.415000 0.699401 0.460833 0.704790 0.474167 0.708982 0.499167 0.707186 0.512500 0.711377 0.535833 0.711976 0.547500 0.719162 0.560000 0.737126 0.585000 0.744910 0.609167 0.743713 0.630833 0.739521 0.675000 0.743713 0.690000 0.740719 0.705833 0.717365 0.712500 0.678443
4 0.700833 0.307186 0.681667 0.339521 0.669167 0.384431 0.672500 0.405389 0.675833 0.411377 0.685000 0.418563 0.705000 0.424551 0.730000 0.427545 0.741667 0.422156 0.753333 0.404192 0.761667 0.399401 0.768333 0.399401 0.790000 0.405988 0.900000 0.427545 0.921667 0.427545 0.934167 0.423952 0.955833 0.402994 0.961667 0.384431 0.960833 0.377246 0.954167 0.367665 0.927500 0.355090 0.862500 0.344910 0.835000 0.337126 0.800000 0.331138 0.793333 0.325749 0.794167 0.314970 0.790833 0.307784 0.775000 0.292814 0.755000 0.286826 0.730000 0.283832 0.712500 0.295808
3 0.222500 0.211377 0.205833 0.217964 0.167500 0.226347 0.146667 0.235329 0.135833 0.235928 0.110833 0.247305 0.094167 0.263473 0.094167 0.272455 0.101667 0.288024 0.113333 0.297006 0.158333 0.294012 0.169167 0.300599 0.174167 0.314970 0.208333 0.364072 0.227500 0.413174 0.285833 0.510778 0.304167 0.523952 0.333333 0.524551 0.355833 0.519162 0.375833 0.507186 0.380000 0.493413 0.377500 0.478443 0.344167 0.415569 0.326667 0.397006 0.325833 0.389820 0.316667 0.380240 0.299167 0.338323 0.279167 0.303593 0.278333 0.295210 0.261667 0.274251 0.262500 0.264072 0.285833 0.252096 0.290000 0.232934 0.280833 0.217964 0.265833 0.210180
4 0.832500 0.264072 0.797500 0.272455 0.778333 0.280838 0.769167 0.294012 0.768333 0.302994 0.770000 0.308383 0.775833 0.314970 0.776667 0.318563 0.780833 0.321557 0.785000 0.322755 0.790000 0.321557 0.799167 0.322755 0.806667 0.322156 0.811667 0.323952 0.819167 0.340719 0.822500 0.343114 0.825000 0.349701 0.828333 0.352695 0.831667 0.361677 0.835000 0.363473 0.835000 0.365868 0.842500 0.375449 0.843333 0.379641 0.849167 0.384431 0.854167 0.386826 0.867500 0.388623 0.880000 0.386826 0.886667 0.383832 0.895833 0.382036 0.904167 0.375449 0.901667 0.364072 0.891667 0.349701 0.884167 0.332934 0.878333 0.326347 0.873333 0.314371 0.866667 0.308383 0.870833 0.304790 0.873333 0.304790 0.880000 0.300599 0.883333 0.294012 0.880833 0.278443 0.879167 0.277844 0.875000 0.268862 0.869167 0.264671 0.858333 0.263473 0.852500 0.264671 0.851667 0.263473
3 0.352500 0.670659 0.320833 0.674251 0.311667 0.693413 0.314167 0.704790 0.341667 0.711976 0.352500 0.719760 0.328333 0.782036 0.282500 0.926946 0.285000 0.941916 0.290000 0.947305 0.312500 0.954491 0.340000 0.958683 0.354167 0.952695 0.364167 0.939521 0.414167 0.783234 0.435000 0.736527 0.443333 0.730539 0.455833 0.732335 0.485000 0.729940 0.490833 0.722156 0.496667 0.702395 0.488333 0.694611 0.461667 0.687425
1 0.181667 0.335329 0.157500 0.359880 0.169167 0.389222 0.650833 0.825150 0.659167 0.842515 0.636667 0.871856 0.647500 0.895808 0.663333 0.904192 0.720833 0.884431 0.827500 0.817365 0.833333 0.804790 0.824167 0.792216 0.800833 0.776647 0.760000 0.788623 0.740833 0.783832 0.615000 0.672455 0.501667 0.559281 0.250000 0.335928 0.227500 0.324551 0.205833 0.325749
