3 0.454167 0.151497 0.405000 0.178443 0.367500 0.205389 0.350000 0.229341 0.356667 0.237725 0.374167 0.250299 0.385000 0.249102 0.405833 0.238922 0.417500 0.237126 0.589167 0.388623 0.611667 0.403593 0.626667 0.407186 0.650833 0.397605 0.671667 0.384431 0.674167 0.379641 0.666667 0.361677 0.575000 0.277246 0.485833 0.201198 0.484167 0.192814 0.493333 0.188024 0.505833 0.173653 0.506667 0.167066 0.495000 0.154491 0.482500 0.146707 0.475000 0.145509
4 0.104167 0.191617 0.071667 0.261078 0.069167 0.283832 0.075833 0.293413 0.102500 0.303593 0.158333 0.312575 0.185833 0.326347 0.222500 0.334132 0.240000 0.341916 0.344167 0.365269 0.354167 0.371856 0.345833 0.404790 0.347500 0.414970 0.357500 0.428144 0.410833 0.442515 0.425833 0.442515 0.438333 0.437126 0.457500 0.415569 0.495833 0.341317 0.509167 0.303593 0.516667 0.258683 0.506667 0.228743 0.490833 0.219162 0.433333 0.208383 0.405833 0.243114 0.394167 0.248503 0.368333 0.238922 0.348333 0.243713 0.321667 0.231737 0.265833 0.225150 0.219167 0.209581 0.132500 0.191018
3 0.595833 0.261677 0.583333 0.256287 0.557500 0.265269 0.555000 0.280240 0.540000 0.292814 0.530833 0.292814 0.516667 0.298204 0.498333 0.301198 0.492500 0.305988 0.481667 0.305988 0.461667 0.310778 0.425833 0.322755 0.345833 0.343713 0.323333 0.355689 0.307500 0.369461 0.321667 0.402395 0.333333 0.405988 0.360833 0.402395 0.403333 0.389222 0.470833 0.373054 0.478333 0.369461 0.586667 0.341916 0.591667 0.344311 0.605833 0.361078 0.612500 0.364072 0.624167 0.363473 0.638333 0.358683 0.644167 0.353293 0.640000 0.330539 0.613333 0.282635
3 0.441667 0.556287 0.429167 0.556886 0.420000 0.560479 0.401667 0.578443 0.400000 0.592216 0.417500 0.610180 0.413333 0.621557 0.395833 0.632335 0.386667 0.641317 0.380833 0.653293 0.354167 0.676048 0.345000 0.689820 0.313333 0.713174 0.295833 0.732934 0.278333 0.744311 0.272500 0.755090 0.242500 0.779042 0.224167 0.802395 0.225833 0.815569 0.244167 0.834132 0.255833 0.840120 0.272500 0.841916 0.284167 0.840120 0.305000 0.827545 0.390833 0.741317 0.425000 0.717964 0.445833 0.697605 0.460833 0.690419 0.483333 0.685629 0.508333 0.668263 0.524167 0.672455 0.535833 0.670060 0.558333 0.652695 0.560000 0.639521 0.536667 0.613174 0.504167 0.589820 0.495833 0.578443 0.488333 0.577844 0.480000 0.571856
0 0.540833 0.213174 0.461667 0.254491 0.450833 0.264072 0.449167 0.274251 0.467500 0.289820 0.470833 0.296407 0.470000 0.303593 0.478333 0.310778 0.482500 0.321557 0.491667 0.325749 0.505000 0.324551 0.525000 0.328144 0.525833 0.338922 0.533333 0.344311 0.530000 0.352096 0.540833 0.352096 0.546667 0.361677 0.555000 0.365868 0.570000 0.383832 0.570833 0.391018 0.580000 0.395808 0.594167 0.416168 0.601667 0.421557 0.627500 0.431138 0.641667 0.431138 0.679167 0.414371 0.682500 0.409581 0.682500 0.400599 0.586667 0.291018 0.589167 0.282036 0.603333 0.268862 0.605000 0.258084 0.581667 0.252096 0.575000 0.246707 0.574167 0.233533 0.556667 0.216168
4 0.347500 0.552096 0.303333 0.564671 0.202500 0.608982 0.155000 0.637725 0.125000 0.671856 0.125000 0.682036 0.157500 0.722754 0.170833 0.728144 0.225000 0.714970 0.239167 0.716168 0.245000 0.728144 0.265000 0.741916 0.274167 0.761078 0.308333 0.789222 0.380000 0.877844 0.400000 0.891617 0.413333 0.892216 0.473333 0.871856 0.520000 0.844311 0.528333 0.836527 0.525833 0.813772 0.505000 0.795808 0.468333 0.746108 0.437500 0.722754 0.425000 0.702994 0.404167 0.682635 0.400833 0.671257 0.387500 0.662874 0.386667 0.652096 0.394167 0.638922 0.426667 0.606587 0.426667 0.586826 0.393333 0.549701
3 0.390833 0.319162 0.385833 0.324551 0.364167 0.335329 0.351667 0.346108 0.354167 0.363473 0.372500 0.386228 0.446667 0.448503 0.488333 0.489820 0.515000 0.510778 0.518333 0.515569 0.507500 0.531138 0.507500 0.538323 0.525000 0.553892 0.538333 0.555689 0.560000 0.551497 0.599167 0.535928 0.637500 0.511976 0.645833 0.501796 0.647500 0.489222 0.636667 0.475449 0.622500 0.467665 0.593333 0.476647 0.580833 0.475449 0.558333 0.456287 0.555833 0.450299 0.484167 0.393413 0.444167 0.356287 0.425000 0.332335 0.415833 0.329940 0.410833 0.325150 0.399167 0.323353
3 0.670833 0.356886 0.662500 0.332934 0.636667 0.290419 0.608333 0.265269 0.585000 0.261677 0.549167 0.271856 0.535000 0.289820 0.527500 0.307784 0.514167 0.314970 0.355833 0.337725 0.169167 0.370060 0.135833 0.383832 0.129167 0.392216 0.130000 0.408982 0.137500 0.421557 0.167500 0.444311 0.185833 0.447305 0.245000 0.441916 0.325000 0.426347 0.442500 0.412575 0.555833 0.394012 0.579167 0.410180 0.595000 0.427545 0.628333 0.428144 0.651667 0.419760 0.655833 0.408383 0.664167 0.401796 0.673333 0.383832
0 0.781667 0.453892 0.777500 0.449102 0.774167 0.447904 0.769167 0.447904 0.717500 0.454491 0.717500 0.455689 0.702500 0.456886 0.692500 0.449701 0.685000 0.449102 0.678333 0.451497 0.675000 0.455689 0.665833 0.455689 0.664167 0.456886 0.653333 0.458683 0.650833 0.464671 0.654167 0.476647 0.655833 0.477844 0.656667 0.483832 0.658333 0.485030 0.659167 0.490419 0.660833 0.491617 0.661667 0.495210 0.665833 0.496407 0.671667 0.496407 0.684167 0.494611 0.688333 0.492814 0.704167 0.494012 0.707500 0.492814 0.711667 0.489222 0.711667 0.483234 0.715000 0.479641 0.730833 0.477844 0.735833 0.476048 0.744167 0.475449 0.745000 0.474252 0.757500 0.473054 0.762500 0.471257 0.779167 0.468862 0.782500 0.466467 0.781667 0.464072 0.783333 0.460479
3 0.633333 0.340719 0.590000 0.331138 0.571667 0.333533 0.552500 0.341916 0.476667 0.400599 0.438333 0.436527 0.254167 0.573653 0.213333 0.556287 0.192500 0.555090 0.165000 0.574850 0.159167 0.583832 0.161667 0.594611 0.180833 0.614371 0.285833 0.681437 0.311667 0.702395 0.340833 0.712575 0.359167 0.710778 0.375000 0.700599 0.387500 0.683234 0.373333 0.655689 0.359167 0.646707 0.362500 0.637126 0.383333 0.619162 0.407500 0.607784 0.450000 0.570060 0.476667 0.552695 0.492500 0.533533 0.543333 0.502994 0.555833 0.488623 0.594167 0.458084 0.610000 0.450898 0.648333 0.416168 0.671667 0.377246 0.659167 0.359880
3 0.640833 0.350299 0.570000 0.365269 0.562500 0.374251 0.561667 0.384431 0.569167 0.410180 0.691667 0.656886 0.692500 0.667665 0.687500 0.672455 0.651667 0.686826 0.643333 0.697006 0.657500 0.725748 0.680833 0.731737 0.719167 0.726347 0.824167 0.697605 0.868333 0.679042 0.880833 0.664671 0.860833 0.635329 0.830000 0.632335 0.804167 0.617365 0.785000 0.567665 0.775000 0.559880 0.776667 0.549701 0.752500 0.507784 0.750000 0.495210 0.740000 0.484431 0.700000 0.398204 0.670000 0.367066
3 0.157500 0.354491 0.151667 0.379641 0.156667 0.388623 0.164167 0.394012 0.230000 0.417365 0.239167 0.423353 0.256667 0.429341 0.282500 0.434132 0.289167 0.438922 0.313333 0.447904 0.331667 0.451497 0.348333 0.460479 0.356667 0.462275 0.362500 0.468263 0.375000 0.466467 0.392500 0.471856 0.406667 0.481437 0.403333 0.502395 0.408333 0.510180 0.430833 0.519162 0.439167 0.519162 0.455000 0.514970 0.475000 0.499401 0.489167 0.478443 0.490833 0.464671 0.500833 0.444311 0.500833 0.428743 0.495833 0.419760 0.488333 0.414371 0.470000 0.409581 0.463333 0.410180 0.440833 0.422156 0.427500 0.425748 0.382500 0.407186 0.310000 0.388024 0.283333 0.378443 0.268333 0.369461 0.247500 0.364671 0.224167 0.354491 0.210833 0.352096 0.186667 0.343114 0.167500 0.344910
