3 0.831667 0.502395 0.817500 0.491617 0.790833 0.492814 0.782500 0.500000 0.782500 0.514371 0.778333 0.525748 0.750833 0.523952 0.735833 0.526946 0.636667 0.529341 0.615833 0.532335 0.537500 0.535329 0.505833 0.539521 0.492500 0.545509 0.488333 0.552096 0.486667 0.564671 0.490833 0.582635 0.501667 0.591018 0.525000 0.594611 0.543333 0.592814 0.610000 0.594012 0.650833 0.589820 0.745833 0.586826 0.770000 0.583234 0.787500 0.586826 0.800000 0.608982 0.835833 0.608383 0.844167 0.593413 0.844167 0.567665
0 0.659167 0.389820 0.614167 0.390419 0.560833 0.404192 0.534167 0.407784 0.514167 0.417365 0.506667 0.428743 0.509167 0.450898 0.520833 0.469461 0.508333 0.488024 0.509167 0.493413 0.535000 0.512575 0.550833 0.514371 0.556667 0.525150 0.552500 0.538323 0.559167 0.550299 0.550833 0.568862 0.552500 0.586826 0.577500 0.672455 0.595000 0.691018 0.628333 0.700599 0.680833 0.697605 0.695833 0.688623 0.700000 0.667665 0.688333 0.636527 0.686667 0.609581 0.678333 0.590419 0.662500 0.502994 0.668333 0.493413 0.687500 0.491018 0.706667 0.482635 0.675000 0.450299 0.689167 0.426946 0.686667 0.411976 0.676667 0.398204
1 0.461667 0.179641 0.430833 0.192216 0.428333 0.232335 0.613333 0.752695 0.607500 0.765868 0.570000 0.782635 0.566667 0.794012 0.574167 0.810778 0.590000 0.822755 0.625833 0.826946 0.748333 0.807784 0.766667 0.801796 0.786667 0.783832 0.780833 0.756287 0.767500 0.746707 0.730833 0.747305 0.717500 0.736527 0.685000 0.659880 0.529167 0.207186 0.520000 0.191617 0.502500 0.179641
1 0.720000 0.119760 0.690000 0.112575 0.668333 0.117365 0.622500 0.161078 0.271667 0.689222 0.257500 0.699401 0.205000 0.695808 0.183333 0.716168 0.176667 0.746707 0.214167 0.761078 0.229167 0.776647 0.329167 0.804790 0.356667 0.803593 0.377500 0.809581 0.402500 0.799401 0.417500 0.772455 0.377500 0.743713 0.375000 0.731737 0.710000 0.231737 0.750000 0.148503 0.744167 0.133533
2 0.655000 0.479042 0.634167 0.476647 0.606667 0.483234 0.560833 0.486228 0.525000 0.496407 0.513333 0.505988 0.510833 0.529341 0.530833 0.610180 0.538333 0.661677 0.547500 0.679042 0.550833 0.699401 0.510833 0.716766 0.500833 0.729940 0.500000 0.750299 0.514167 0.779042 0.534167 0.789820 0.594167 0.791018 0.760833 0.770659 0.791667 0.761677 0.808333 0.743114 0.809167 0.721557 0.795000 0.691617 0.778333 0.682635 0.725833 0.678443 0.717500 0.672455 0.714167 0.643114 0.707500 0.635928 0.708333 0.626946 0.701667 0.613772 0.699167 0.582036 0.677500 0.523952 0.675833 0.506587 0.670833 0.494012
4 0.452500 0.253293 0.407500 0.261078 0.395833 0.269461 0.385000 0.286228 0.381667 0.309581 0.394167 0.322755 0.415833 0.333533 0.426667 0.335928 0.430000 0.341317 0.422500 0.357485 0.419167 0.380240 0.395833 0.458683 0.396667 0.477246 0.408333 0.493413 0.437500 0.506587 0.476667 0.510180 0.495833 0.504790 0.506667 0.492216 0.508333 0.484431 0.519167 0.476647 0.525833 0.467066 0.534167 0.419162 0.545833 0.395210 0.552500 0.369461 0.562500 0.360479 0.579167 0.359281 0.604167 0.347904 0.617500 0.336527 0.627500 0.305988 0.623333 0.297006 0.590833 0.277844 0.543333 0.263473 0.508333 0.257485
3 0.650000 0.268862 0.588333 0.292814 0.511667 0.333533 0.482500 0.361677 0.510833 0.394611 0.525833 0.394012 0.561667 0.382036 0.580000 0.388623 0.602500 0.419162 0.762500 0.596407 0.797500 0.623952 0.814167 0.628144 0.826667 0.625749 0.880000 0.603593 0.885000 0.593413 0.878333 0.571856 0.729167 0.410778 0.670000 0.340719 0.670833 0.330539 0.683333 0.324551 0.703333 0.299401 0.680833 0.271856 0.671667 0.267066
1 0.342500 0.105988 0.281667 0.131737 0.244167 0.155689 0.226667 0.177246 0.235000 0.192216 0.255833 0.203593 0.274167 0.198204 0.292500 0.203593 0.319167 0.238323 0.405833 0.320359 0.436667 0.365269 0.451667 0.374850 0.510833 0.450299 0.567500 0.504192 0.602500 0.564671 0.626667 0.584431 0.649167 0.590419 0.665833 0.587425 0.700833 0.568862 0.705000 0.556886 0.698333 0.542515 0.604167 0.429341 0.590833 0.420958 0.567500 0.383234 0.526667 0.353892 0.531667 0.343114 0.484167 0.304192 0.482500 0.292216 0.364167 0.159281 0.365833 0.150898 0.384167 0.134132 0.380833 0.116168 0.360833 0.103593
0 0.421667 0.519162 0.410000 0.517365 0.401667 0.519162 0.380000 0.529341 0.367500 0.540120 0.355000 0.540120 0.338333 0.534731 0.326667 0.536527 0.322500 0.539521 0.326667 0.562275 0.325000 0.565269 0.296667 0.573054 0.259167 0.586826 0.244167 0.587425 0.228333 0.595210 0.189167 0.605389 0.175000 0.614371 0.170833 0.622755 0.174167 0.638922 0.182500 0.651497 0.197500 0.656287 0.205833 0.655090 0.258333 0.638323 0.268333 0.637725 0.281667 0.632335 0.290833 0.631737 0.299167 0.625150 0.330000 0.617964 0.346667 0.610778 0.359167 0.615569 0.368333 0.625150 0.380000 0.629940 0.387500 0.624551 0.393333 0.615569 0.404167 0.610180 0.409167 0.604790 0.435000 0.602994 0.458333 0.595210 0.461667 0.585629 0.450000 0.565269 0.435833 0.547305
4 0.671667 0.122156 0.645000 0.123353 0.627500 0.137725 0.599167 0.180240 0.575833 0.195210 0.490833 0.298204 0.482500 0.301796 0.430833 0.288623 0.407500 0.292216 0.387500 0.309581 0.372500 0.336527 0.378333 0.349102 0.398333 0.363473 0.495000 0.407186 0.549167 0.425748 0.602500 0.438323 0.645833 0.437126 0.661667 0.428144 0.687500 0.391617 0.685000 0.386826 0.656667 0.371856 0.641667 0.355090 0.658333 0.340120 0.655833 0.326946 0.661667 0.317964 0.680000 0.305988 0.699167 0.268862 0.730833 0.238323 0.770833 0.184431 0.776667 0.165269 0.750000 0.150299
3 0.577500 0.265269 0.563333 0.265269 0.550000 0.268862 0.538333 0.281437 0.538333 0.297605 0.560000 0.312575 0.562500 0.319162 0.546667 0.339521 0.540833 0.354491 0.525833 0.376647 0.516667 0.384431 0.512500 0.396407 0.495000 0.419162 0.485833 0.438323 0.447500 0.494611 0.445833 0.510180 0.453333 0.517365 0.494167 0.531737 0.511667 0.526946 0.531667 0.499401 0.539167 0.476048 0.560000 0.447904 0.565000 0.435928 0.579167 0.420359 0.591667 0.400599 0.595833 0.386826 0.605833 0.375449 0.607500 0.367665 0.614167 0.359281 0.635833 0.347305 0.671667 0.346108 0.685000 0.332934 0.683333 0.319162 0.672500 0.304790 0.653333 0.297006 0.636667 0.285629 0.600833 0.270060
1 0.946667 0.600000 0.938333 0.556287 0.925833 0.529341 0.904167 0.507186 0.886667 0.507186 0.861667 0.516766 0.861667 0.529940 0.847500 0.538922 0.799167 0.541916 0.665833 0.565269 0.597500 0.567665 0.584167 0.573054 0.463333 0.582036 0.428333 0.589820 0.420000 0.587425 0.400000 0.594611 0.294167 0.595808 0.264167 0.602994 0.248333 0.615569 0.246667 0.629940 0.260000 0.658084 0.295000 0.662874 0.456667 0.647305 0.475000 0.641916 0.533333 0.641317 0.579167 0.627545 0.591667 0.634731 0.655000 0.619760 0.675000 0.622755 0.851667 0.605389 0.874167 0.600000 0.885000 0.604790 0.899167 0.622755 0.920833 0.626347 0.944167 0.617964
