0 0.450000 0.253293 0.445000 0.247305 0.435833 0.244910 0.417500 0.248503 0.405000 0.253892 0.400000 0.252695 0.389167 0.253892 0.379167 0.248503 0.370833 0.246707 0.363333 0.249701 0.354167 0.267066 0.347500 0.270659 0.336667 0.270659 0.311667 0.275449 0.283333 0.277844 0.266667 0.282036 0.250833 0.280838 0.240833 0.283832 0.231667 0.284431 0.223333 0.288623 0.220833 0.293413 0.225000 0.316766 0.229167 0.319162 0.253333 0.324551 0.288333 0.319760 0.302500 0.322156 0.307500 0.317365 0.317500 0.319760 0.322500 0.319162 0.332500 0.322755 0.337500 0.319162 0.361667 0.311377 0.365833 0.313174 0.369167 0.320958 0.376667 0.328144 0.387500 0.328743 0.400000 0.320359 0.405000 0.319760 0.415000 0.314371 0.432500 0.317365 0.453333 0.316168 0.460000 0.312575 0.460000 0.301198 0.455833 0.292216 0.456667 0.278443 0.450000 0.267665
1 0.371667 0.555689 0.368333 0.564671 0.374167 0.568862 0.381667 0.570659 0.390833 0.563473 0.393333 0.563473 0.436667 0.580240 0.440833 0.583234 0.475000 0.594611 0.486667 0.600599 0.508333 0.607784 0.578333 0.635928 0.587500 0.635928 0.595833 0.626946 0.594167 0.620958 0.590833 0.617964 0.450000 0.563473 0.436667 0.556886 0.410833 0.548503 0.406667 0.544910 0.409167 0.535329 0.404167 0.531138 0.396667 0.529940 0.388333 0.535329
2 0.593333 0.256287 0.507500 0.271856 0.438333 0.296407 0.401667 0.304790 0.374167 0.316766 0.367500 0.331737 0.373333 0.352695 0.394167 0.376048 0.408333 0.380240 0.449167 0.376048 0.462500 0.377844 0.476667 0.405988 0.485833 0.413772 0.485000 0.420359 0.503333 0.444311 0.511667 0.465868 0.520833 0.474252 0.524167 0.485030 0.550833 0.525150 0.568333 0.541317 0.587500 0.540719 0.607500 0.528742 0.656667 0.519162 0.675833 0.510180 0.685000 0.501198 0.683333 0.480838 0.665000 0.452695 0.625833 0.370659 0.598333 0.338323 0.602500 0.329940 0.627500 0.317964 0.636667 0.304790 0.623333 0.270060 0.614167 0.262874
3 0.514167 0.300599 0.440000 0.309581 0.426667 0.319162 0.422500 0.330539 0.423333 0.389222 0.438333 0.468862 0.441667 0.543114 0.458333 0.652096 0.450000 0.661078 0.406667 0.667665 0.389167 0.674251 0.391667 0.712575 0.411667 0.723353 0.439167 0.725748 0.588333 0.718563 0.643333 0.707784 0.657500 0.694012 0.651667 0.661677 0.633333 0.655090 0.595000 0.654491 0.583333 0.639521 0.578333 0.577246 0.569167 0.546707 0.570000 0.485629 0.560000 0.395808 0.535000 0.313174 0.527500 0.304790
2 0.615000 0.435928 0.570833 0.444311 0.511667 0.464671 0.498333 0.474850 0.493333 0.482036 0.490000 0.500000 0.493333 0.516168 0.505833 0.532934 0.516667 0.541317 0.535000 0.549102 0.548333 0.552096 0.553333 0.556287 0.558333 0.577844 0.572500 0.611976 0.579167 0.640120 0.586667 0.655090 0.605833 0.663473 0.633333 0.665269 0.663333 0.659281 0.677500 0.653892 0.687500 0.644910 0.692500 0.636527 0.689167 0.605988 0.670833 0.552695 0.665000 0.526946 0.668333 0.522156 0.687500 0.510180 0.695000 0.500599 0.696667 0.479641 0.685833 0.457485 0.660833 0.443713 0.635000 0.435928
0 0.355833 0.316766 0.319167 0.331138 0.313333 0.345509 0.319167 0.359880 0.377500 0.446108 0.390000 0.471257 0.388333 0.479042 0.365833 0.493413 0.361667 0.499401 0.362500 0.504790 0.375000 0.517365 0.400000 0.520958 0.399167 0.550299 0.406667 0.565269 0.418333 0.575449 0.425000 0.578443 0.438333 0.579042 0.462500 0.575449 0.475000 0.568862 0.491667 0.567665 0.544167 0.546707 0.560833 0.531138 0.560833 0.515569 0.547500 0.500000 0.521667 0.489820 0.521667 0.476647 0.531667 0.461677 0.524167 0.446707 0.516667 0.444311 0.478333 0.446707 0.470000 0.441916 0.387500 0.318563 0.377500 0.314970
3 0.308333 0.536527 0.274167 0.549701 0.235833 0.570060 0.216667 0.591018 0.213333 0.602395 0.225000 0.619162 0.235000 0.625749 0.283333 0.630539 0.317500 0.670060 0.374167 0.750898 0.428333 0.816168 0.451667 0.827545 0.466667 0.826347 0.492500 0.814970 0.497500 0.806587 0.497500 0.786826 0.475000 0.746707 0.363333 0.593413 0.387500 0.569461 0.389167 0.559880 0.378333 0.541317 0.368333 0.535928 0.328333 0.532335
0 0.434167 0.534731 0.419167 0.534731 0.404167 0.541317 0.392500 0.553293 0.385000 0.565868 0.375000 0.576048 0.372500 0.582635 0.338333 0.625150 0.325833 0.628743 0.315833 0.626946 0.295000 0.631138 0.284167 0.641317 0.284167 0.659880 0.272500 0.672455 0.266667 0.687425 0.266667 0.695210 0.270833 0.705988 0.284167 0.716168 0.325000 0.734731 0.349167 0.737725 0.365833 0.732934 0.376667 0.722754 0.384167 0.705389 0.405000 0.699401 0.412500 0.691018 0.411667 0.677245 0.404167 0.665868 0.396667 0.659281 0.397500 0.653892 0.453333 0.582036 0.465833 0.561078 0.462500 0.549102
4 0.662500 0.354491 0.605000 0.362275 0.501667 0.393413 0.453333 0.413772 0.420833 0.438922 0.416667 0.446108 0.430000 0.477844 0.444167 0.492216 0.523333 0.492216 0.530000 0.494611 0.578333 0.578443 0.589167 0.588024 0.590000 0.597605 0.599167 0.604790 0.615000 0.639521 0.640833 0.670659 0.653333 0.675449 0.681667 0.673054 0.727500 0.662275 0.761667 0.649102 0.775000 0.636527 0.774167 0.620958 0.753333 0.573653 0.670833 0.441317 0.700833 0.420958 0.719167 0.413772 0.716667 0.394611 0.695000 0.360479
4 0.355000 0.453293 0.322500 0.468862 0.275833 0.513174 0.245833 0.550898 0.220833 0.597605 0.219167 0.622755 0.226667 0.633533 0.272500 0.655689 0.286667 0.656886 0.331667 0.620958 0.342500 0.616766 0.351667 0.630539 0.388333 0.650299 0.430000 0.663473 0.534167 0.711377 0.555000 0.715569 0.568333 0.713174 0.575000 0.702395 0.600833 0.681437 0.616667 0.657485 0.623333 0.638323 0.618333 0.625749 0.608333 0.616168 0.578333 0.608383 0.526667 0.581437 0.506667 0.576647 0.422500 0.541916 0.412500 0.533533 0.412500 0.519760 0.419167 0.509581 0.419167 0.484431 0.401667 0.470060 0.380000 0.459281
