3 0.510000 0.231737 0.474167 0.255090 0.451667 0.273653 0.430000 0.297605 0.421667 0.314970 0.428333 0.325749 0.450000 0.337126 0.477500 0.335928 0.490833 0.328743 0.501667 0.331138 0.698333 0.458084 0.733333 0.474252 0.746667 0.471856 0.766667 0.456287 0.780000 0.438922 0.778333 0.428144 0.769167 0.416766 0.559167 0.276647 0.556667 0.270659 0.570000 0.250898 0.565833 0.240719 0.547500 0.228743 0.532500 0.225749
3 0.545833 0.235928 0.474167 0.187425 0.403333 0.167066 0.376667 0.170060 0.350000 0.190419 0.355000 0.211377 0.347500 0.231737 0.360833 0.247305 0.355833 0.256287 0.295833 0.293413 0.230000 0.344311 0.205000 0.358084 0.153333 0.401796 0.108333 0.423952 0.079167 0.447305 0.060000 0.479042 0.064167 0.494611 0.082500 0.510180 0.105000 0.520958 0.132500 0.523353 0.155833 0.517365 0.217500 0.479641 0.279167 0.427545 0.300833 0.413772 0.320000 0.408982 0.331667 0.395808 0.393333 0.354491 0.447500 0.310778 0.467500 0.307186 0.504167 0.318563 0.525000 0.319162 0.558333 0.303593 0.566667 0.294611 0.566667 0.273653 0.556667 0.247305
0 0.689167 0.246707 0.650000 0.234132 0.627500 0.229341 0.610000 0.231138 0.598333 0.238922 0.594167 0.252695 0.600000 0.264671 0.588333 0.266467 0.571667 0.273054 0.564167 0.283234 0.567500 0.289222 0.580000 0.300000 0.582500 0.304192 0.581667 0.308383 0.570833 0.325749 0.570833 0.329341 0.547500 0.359880 0.528333 0.391018 0.527500 0.401796 0.540833 0.411976 0.554167 0.416766 0.561667 0.416168 0.572500 0.418563 0.584167 0.413772 0.592500 0.405988 0.592500 0.402994 0.614167 0.374850 0.627500 0.361078 0.627500 0.352695 0.633333 0.347904 0.641667 0.335329 0.651667 0.329341 0.674167 0.326946 0.687500 0.319760 0.690000 0.312575 0.684167 0.300000 0.690833 0.293413 0.703333 0.287425 0.713333 0.273653 0.712500 0.264671 0.709167 0.259281
3 0.128333 0.560479 0.132500 0.577246 0.146667 0.592814 0.180000 0.596407 0.191667 0.589820 0.199167 0.570060 0.211667 0.566467 0.265833 0.572455 0.322500 0.574251 0.458333 0.584431 0.478333 0.583234 0.490833 0.580240 0.503333 0.572455 0.510833 0.551497 0.508333 0.538922 0.504167 0.534731 0.480833 0.526946 0.435000 0.522754 0.310000 0.518563 0.296667 0.515569 0.258333 0.514970 0.226667 0.510778 0.218333 0.504192 0.218333 0.496407 0.213333 0.490419 0.200833 0.487425 0.190000 0.479641 0.176667 0.477246 0.161667 0.481437 0.142500 0.506587 0.134167 0.526946
4 0.288333 0.312575 0.260833 0.334132 0.240833 0.362275 0.221667 0.400000 0.205833 0.447305 0.206667 0.468862 0.215000 0.485629 0.233333 0.494611 0.277500 0.504790 0.300000 0.482635 0.310000 0.466467 0.318333 0.461677 0.334167 0.474252 0.406667 0.491018 0.467500 0.509581 0.517500 0.520958 0.535833 0.521557 0.543333 0.518563 0.570000 0.473653 0.575833 0.450898 0.571667 0.437126 0.557500 0.426347 0.545000 0.421557 0.531667 0.422156 0.505833 0.416766 0.473333 0.405389 0.434167 0.400599 0.407500 0.391018 0.362500 0.380838 0.357500 0.373054 0.362500 0.355090 0.355000 0.333533 0.316667 0.316168
3 0.445833 0.461677 0.402500 0.504790 0.365000 0.556886 0.351667 0.583832 0.357500 0.602395 0.378333 0.611377 0.399167 0.613772 0.429167 0.599401 0.442500 0.588024 0.794167 0.732335 0.831667 0.738922 0.850833 0.731138 0.867500 0.716766 0.877500 0.689222 0.868333 0.668263 0.831667 0.638922 0.727500 0.591018 0.685000 0.577246 0.665000 0.561677 0.531667 0.496407 0.524167 0.495808 0.525833 0.477246 0.521667 0.466467 0.495833 0.451497 0.474167 0.449102
2 0.561667 0.491018 0.490000 0.486826 0.450833 0.490419 0.433333 0.497006 0.420833 0.510778 0.410833 0.540120 0.412500 0.599401 0.404167 0.629341 0.410000 0.668263 0.398333 0.744910 0.388333 0.761078 0.378333 0.765868 0.319167 0.771856 0.305833 0.788024 0.298333 0.812575 0.309167 0.847904 0.330833 0.866467 0.422500 0.881437 0.493333 0.880838 0.583333 0.873653 0.633333 0.864671 0.675000 0.835329 0.684167 0.801796 0.671667 0.770659 0.661667 0.760479 0.620000 0.749701 0.605833 0.741317 0.599167 0.710778 0.603333 0.650299 0.595833 0.633533 0.600000 0.604790 0.594167 0.592814 0.602500 0.568263 0.595000 0.543114 0.600000 0.520359 0.593333 0.506587
3 0.563333 0.269461 0.555833 0.256886 0.540000 0.251497 0.510833 0.253892 0.505833 0.256886 0.500833 0.282036 0.492500 0.288623 0.481667 0.290419 0.227500 0.290419 0.145000 0.297605 0.126667 0.304790 0.122500 0.310180 0.126667 0.349102 0.130833 0.355689 0.142500 0.360479 0.173333 0.364671 0.294167 0.361677 0.385000 0.363473 0.490000 0.359880 0.500000 0.364072 0.505000 0.390419 0.512500 0.398802 0.552500 0.398802 0.563333 0.390419 0.570000 0.362275 0.566667 0.341317 0.569167 0.293413
0 0.545833 0.444910 0.530000 0.447904 0.513333 0.454491 0.497500 0.456287 0.476667 0.465868 0.455833 0.467665 0.446667 0.473653 0.444167 0.479641 0.446667 0.486826 0.467500 0.505988 0.466667 0.511377 0.470833 0.519162 0.464167 0.527545 0.463333 0.535928 0.472500 0.541916 0.496667 0.541916 0.504167 0.544910 0.525000 0.580240 0.533333 0.600599 0.545000 0.614371 0.545833 0.626347 0.562500 0.647305 0.577500 0.648503 0.612500 0.638922 0.615833 0.611976 0.607500 0.594012 0.599167 0.584431 0.601667 0.575449 0.592500 0.570659 0.591667 0.559880 0.595000 0.550299 0.585833 0.544910 0.568333 0.527545 0.570833 0.522754 0.580833 0.519162 0.591667 0.511377 0.591667 0.501198 0.585000 0.497006 0.575833 0.495210 0.570833 0.488623 0.560000 0.482635 0.564167 0.467066 0.555833 0.450299
4 0.815000 0.267066 0.806667 0.250898 0.793333 0.241916 0.738333 0.234132 0.720833 0.237725 0.700000 0.273653 0.691667 0.279042 0.678333 0.274251 0.649167 0.275449 0.623333 0.267665 0.575000 0.267066 0.445833 0.247305 0.419167 0.248503 0.407500 0.258683 0.392500 0.297006 0.390833 0.346108 0.415833 0.360479 0.445833 0.361078 0.517500 0.374850 0.558333 0.373653 0.590833 0.380838 0.617500 0.382036 0.632500 0.388024 0.646667 0.386228 0.664167 0.398802 0.680000 0.443114 0.699167 0.454491 0.755000 0.461078 0.782500 0.434731 0.805833 0.379641 0.820833 0.306587
0 0.210000 0.392814 0.174167 0.394012 0.168333 0.395808 0.162500 0.402395 0.162500 0.423353 0.170000 0.482635 0.169167 0.502395 0.164167 0.507784 0.142500 0.514371 0.139167 0.520359 0.140833 0.528144 0.157500 0.536527 0.152500 0.549701 0.146667 0.556287 0.145833 0.565269 0.150833 0.578443 0.164167 0.583832 0.207500 0.584431 0.237500 0.582036 0.257500 0.576647 0.267500 0.567066 0.266667 0.554491 0.253333 0.543114 0.250833 0.537126 0.256667 0.527545 0.264167 0.522754 0.268333 0.516766 0.263333 0.508383 0.244167 0.505389 0.231667 0.501198 0.233333 0.495210 0.223333 0.427545 0.223333 0.408982 0.220000 0.397006
4 0.206667 0.264072 0.200000 0.304192 0.210833 0.370659 0.223333 0.395210 0.247500 0.407186 0.285000 0.406587 0.295000 0.403593 0.315833 0.371856 0.333333 0.362275 0.443333 0.352695 0.459167 0.355090 0.484167 0.351497 0.507500 0.352096 0.535000 0.346707 0.543333 0.336527 0.546667 0.298802 0.542500 0.283234 0.531667 0.271856 0.520000 0.268263 0.460833 0.268263 0.315833 0.277246 0.305000 0.271257 0.285000 0.240120 0.268333 0.236527 0.229167 0.239521
0 0.652500 0.526347 0.647500 0.525748 0.642500 0.528144 0.640000 0.531138 0.635833 0.532934 0.612500 0.549701 0.609167 0.548503 0.608333 0.549102 0.605000 0.547305 0.600000 0.547904 0.597500 0.554491 0.585000 0.562275 0.585000 0.564671 0.598333 0.573054 0.599167 0.574850 0.607500 0.580240 0.614167 0.577246 0.619167 0.572455 0.626667 0.571257 0.629167 0.569461 0.628333 0.562874 0.625833 0.560479 0.658333 0.537126 0.657500 0.536527 0.660000 0.534731 0.660000 0.532934
3 0.811667 0.179042 0.783333 0.162275 0.758333 0.156886 0.739167 0.158683 0.705833 0.168263 0.625833 0.208383 0.415833 0.300599 0.401667 0.301796 0.379167 0.291617 0.340833 0.282635 0.312500 0.289222 0.286667 0.307186 0.280000 0.320958 0.279167 0.368862 0.285833 0.379042 0.328333 0.420958 0.369167 0.441317 0.418333 0.452695 0.438333 0.447904 0.462500 0.429940 0.482500 0.385030 0.495000 0.371257 0.787500 0.235928 0.812500 0.214371 0.818333 0.202395
0 0.815000 0.228743 0.809167 0.202395 0.800000 0.176048 0.795000 0.166467 0.785833 0.161078 0.760833 0.164072 0.745000 0.160479 0.735833 0.162275 0.725000 0.161078 0.717500 0.165868 0.711667 0.180240 0.697500 0.185629 0.663333 0.184431 0.655000 0.187425 0.642500 0.186826 0.619167 0.190419 0.582500 0.188024 0.560833 0.198802 0.555833 0.205988 0.560000 0.234132 0.572500 0.239521 0.720000 0.227545 0.727500 0.232335 0.739167 0.246108 0.746667 0.249102 0.752500 0.246707 0.760000 0.238922 0.770000 0.238323 0.781667 0.241317 0.803333 0.239521 0.810833 0.236527
1 0.720000 0.132335 0.702500 0.132335 0.680833 0.143114 0.650000 0.173054 0.220000 0.710778 0.207500 0.714371 0.151667 0.705389 0.125000 0.729341 0.119167 0.742515 0.141667 0.770060 0.262500 0.826946 0.310833 0.837725 0.337500 0.831138 0.352500 0.814371 0.360000 0.793413 0.329167 0.773054 0.329167 0.761677 0.364167 0.708383 0.771667 0.199401 0.778333 0.163473 0.755000 0.144311
3 0.445833 0.147904 0.419167 0.145509 0.400833 0.152695 0.382500 0.167665 0.202500 0.438922 0.192500 0.443114 0.151667 0.438323 0.137500 0.441916 0.115833 0.470659 0.117500 0.488623 0.134167 0.504790 0.181667 0.526946 0.245000 0.547305 0.301667 0.558683 0.338333 0.559281 0.356667 0.547904 0.369167 0.521557 0.365000 0.508383 0.354167 0.494012 0.335000 0.483234 0.335000 0.471257 0.495000 0.219760 0.510833 0.179042 0.510000 0.171257 0.502500 0.165269
0 0.462500 0.123952 0.444167 0.128743 0.370833 0.161078 0.340833 0.177844 0.330833 0.189222 0.333333 0.204790 0.325833 0.225150 0.341667 0.242515 0.354167 0.246707 0.366667 0.256287 0.390000 0.266467 0.413333 0.268862 0.419167 0.272455 0.425000 0.286826 0.437500 0.299401 0.476667 0.362874 0.499167 0.390419 0.514167 0.401198 0.539167 0.407186 0.593333 0.385629 0.602500 0.376647 0.605833 0.362275 0.584167 0.327545 0.508333 0.232934 0.508333 0.225150 0.528333 0.211377 0.535833 0.199401 0.522500 0.183832 0.513333 0.182635 0.495833 0.174251 0.494167 0.166467 0.500000 0.158683 0.500000 0.149701 0.488333 0.132335 0.478333 0.125749
0 0.738333 0.498204 0.709167 0.485629 0.700000 0.485030 0.680000 0.493413 0.650833 0.514970 0.641667 0.518563 0.621667 0.518563 0.611667 0.522156 0.603333 0.531737 0.602500 0.541916 0.606667 0.555689 0.598333 0.565269 0.570000 0.585030 0.518333 0.614970 0.505000 0.626946 0.501667 0.635928 0.503333 0.641317 0.510000 0.650299 0.525000 0.662275 0.542500 0.667665 0.550833 0.665269 0.577500 0.652096 0.628333 0.619760 0.657500 0.607186 0.668333 0.605988 0.688333 0.611377 0.700000 0.611976 0.714167 0.605389 0.716667 0.593413 0.722500 0.583832 0.730000 0.579641 0.740833 0.577246 0.752500 0.567665 0.768333 0.561078 0.775833 0.553293 0.775000 0.543114 0.763333 0.522156
4 0.903333 0.712575 0.882500 0.703593 0.834167 0.706587 0.726667 0.730539 0.687500 0.733533 0.660833 0.744311 0.634167 0.747305 0.620000 0.753892 0.607500 0.745509 0.584167 0.718563 0.571667 0.711377 0.555833 0.709581 0.534167 0.712575 0.491667 0.724551 0.480000 0.737126 0.473333 0.756886 0.475000 0.797605 0.498333 0.861078 0.517500 0.894611 0.539167 0.917964 0.573333 0.941317 0.620833 0.932335 0.649167 0.916766 0.664167 0.886826 0.665000 0.868263 0.671667 0.863473 0.731667 0.852096 0.744167 0.846108 0.758333 0.846707 0.837500 0.831737 0.931667 0.804192 0.940833 0.785629 0.939167 0.767066 0.920833 0.731737
