1 0.279167 0.073653 0.119167 0.126946 0.096667 0.143114 0.097500 0.162874 0.124167 0.189222 0.168333 0.187425 0.261667 0.344311 0.285833 0.371257 0.321667 0.454491 0.375833 0.547904 0.401667 0.571856 0.422500 0.625749 0.493333 0.744910 0.537500 0.795210 0.565000 0.814970 0.585833 0.815569 0.645833 0.797006 0.658333 0.786228 0.660000 0.765269 0.558333 0.585629 0.525833 0.545509 0.526667 0.530539 0.301667 0.144910 0.310000 0.132934 0.353333 0.111976 0.342500 0.082635 0.315833 0.068862
3 0.147500 0.155090 0.133333 0.214970 0.139167 0.235928 0.155833 0.247305 0.201667 0.253293 0.234167 0.219162 0.246667 0.213174 0.330000 0.233533 0.345833 0.232934 0.590833 0.283234 0.622500 0.297006 0.638333 0.292216 0.652500 0.295210 0.670000 0.288623 0.680833 0.292216 0.685000 0.289820 0.683333 0.281437 0.700000 0.247305 0.700000 0.229341 0.683333 0.213772 0.626667 0.195808 0.582500 0.189222 0.539167 0.177246 0.450833 0.164072 0.358333 0.143114 0.343333 0.136527 0.319167 0.135928 0.282500 0.128144 0.270833 0.117964 0.268333 0.089820 0.253333 0.083234 0.220000 0.076647 0.200833 0.081437 0.175833 0.108383
3 0.319167 0.317964 0.300833 0.335329 0.297500 0.344910 0.299167 0.354491 0.308333 0.370060 0.323333 0.382036 0.364167 0.429341 0.382500 0.445509 0.413333 0.484431 0.440833 0.512575 0.441667 0.517964 0.431667 0.529341 0.425000 0.546707 0.430000 0.561078 0.443333 0.571856 0.460000 0.577246 0.505833 0.577246 0.516667 0.573653 0.557500 0.550898 0.573333 0.532934 0.584167 0.508383 0.580000 0.497605 0.562500 0.486228 0.535833 0.479042 0.519167 0.477246 0.506667 0.471856 0.374167 0.331138 0.348333 0.316766 0.334167 0.314970
3 0.705000 0.101796 0.667500 0.117365 0.659167 0.123952 0.657500 0.130539 0.661667 0.143114 0.685000 0.177844 0.730000 0.225749 0.820833 0.332934 0.821667 0.343114 0.794167 0.364671 0.803333 0.382635 0.811667 0.390419 0.821667 0.394611 0.850000 0.394012 0.865000 0.391018 0.900000 0.379042 0.937500 0.360479 0.966667 0.338323 0.969167 0.322156 0.952500 0.303593 0.940833 0.301198 0.915833 0.304790 0.899167 0.297605 0.879167 0.279641 0.872500 0.267665 0.858333 0.256287 0.831667 0.223353 0.807500 0.202395 0.770833 0.153892 0.735000 0.115569 0.718333 0.102994
2 0.540833 0.209581 0.499167 0.208383 0.450833 0.220958 0.442500 0.228743 0.442500 0.266467 0.433333 0.277246 0.350833 0.288024 0.316667 0.296407 0.278333 0.299401 0.262500 0.304790 0.248333 0.304192 0.236667 0.308982 0.171667 0.315569 0.156667 0.323353 0.143333 0.325150 0.138333 0.330539 0.137500 0.350299 0.145000 0.384431 0.157500 0.417365 0.173333 0.439521 0.181667 0.443713 0.201667 0.440719 0.261667 0.446707 0.335833 0.436527 0.363333 0.428743 0.383333 0.428743 0.460000 0.417365 0.476667 0.419162 0.489167 0.439521 0.510000 0.447305 0.540833 0.445509 0.581667 0.432335 0.590833 0.423952 0.591667 0.395210 0.583333 0.370060 0.581667 0.340719 0.563333 0.296407 0.555000 0.259880 0.553333 0.222754
3 0.618333 0.160479 0.605000 0.147305 0.586667 0.137725 0.551667 0.145509 0.536667 0.155689 0.545833 0.180240 0.542500 0.197006 0.423333 0.225749 0.168333 0.295808 0.144167 0.315569 0.150000 0.340120 0.165000 0.367066 0.187500 0.372455 0.210833 0.370060 0.488333 0.294611 0.582500 0.275449 0.596667 0.280838 0.600000 0.289820 0.625000 0.310180 0.641667 0.309581 0.677500 0.299401 0.682500 0.287425 0.675000 0.263473
1 0.330000 0.090419 0.248333 0.138323 0.249167 0.157485 0.275000 0.179042 0.320000 0.169461 0.339167 0.175449 0.743333 0.662874 0.769167 0.687425 0.795833 0.701198 0.840000 0.692216 0.868333 0.672455 0.856667 0.635329 0.431667 0.132335 0.460833 0.088024 0.450833 0.067066 0.434167 0.059880 0.413333 0.061677
0 0.284167 0.341317 0.286667 0.370659 0.300000 0.397006 0.315000 0.407784 0.349167 0.414371 0.402500 0.409581 0.427500 0.422156 0.444167 0.425150 0.458333 0.425150 0.484167 0.418563 0.501667 0.408982 0.527500 0.385629 0.671667 0.383832 0.701667 0.377844 0.720833 0.364072 0.724167 0.344910 0.712500 0.321557 0.690000 0.312575 0.664167 0.310180 0.601667 0.312575 0.526667 0.310778 0.514167 0.305389 0.504167 0.291018 0.493333 0.283234 0.465000 0.275449 0.443333 0.276647 0.407500 0.290419 0.386667 0.286228 0.364167 0.288623 0.349167 0.284431 0.317500 0.291018 0.303333 0.299401 0.288333 0.323952
0 0.609167 0.413174 0.598333 0.413174 0.586667 0.420359 0.583333 0.435928 0.584167 0.448503 0.575833 0.459281 0.555000 0.470060 0.554167 0.478443 0.562500 0.486826 0.576667 0.495210 0.577500 0.501198 0.565833 0.533533 0.554167 0.556886 0.551667 0.570659 0.541667 0.582036 0.536667 0.599401 0.536667 0.607186 0.543333 0.614371 0.580833 0.623952 0.588333 0.621557 0.609167 0.604790 0.615000 0.597006 0.625000 0.570659 0.636667 0.564671 0.630000 0.558084 0.640833 0.547305 0.650000 0.542515 0.646667 0.534132 0.650000 0.518563 0.654167 0.514371 0.681667 0.511976 0.688333 0.503593 0.681667 0.486228 0.681667 0.473653 0.698333 0.461677 0.705833 0.442515 0.700000 0.434731 0.651667 0.421557 0.629167 0.419162
3 0.641667 0.649102 0.627500 0.649701 0.600833 0.664072 0.602500 0.676647 0.615000 0.694012 0.603333 0.705988 0.549167 0.729940 0.522500 0.746108 0.470000 0.765868 0.387500 0.804192 0.320000 0.846108 0.315000 0.852695 0.315833 0.861078 0.351667 0.893413 0.360833 0.895808 0.376667 0.894012 0.428333 0.873054 0.495833 0.837725 0.567500 0.807186 0.662500 0.759880 0.672500 0.760479 0.707500 0.785030 0.716667 0.783234 0.744167 0.768862 0.745833 0.758683 0.737500 0.742515 0.710000 0.714970 0.677500 0.674251
3 0.491667 0.680838 0.460000 0.710180 0.457500 0.726946 0.471667 0.744311 0.500833 0.754491 0.521667 0.751497 0.538333 0.744311 0.553333 0.746108 0.580000 0.773054 0.602500 0.787425 0.631667 0.813772 0.639167 0.826347 0.655000 0.835329 0.789167 0.954491 0.817500 0.966467 0.835833 0.963473 0.884167 0.935329 0.888333 0.923952 0.885833 0.916766 0.850000 0.882036 0.814167 0.861677 0.774167 0.823353 0.759167 0.813772 0.739167 0.790419 0.691667 0.756287 0.655833 0.723952 0.646667 0.697605 0.665833 0.667665 0.665833 0.660479 0.654167 0.644910 0.625833 0.636527 0.595000 0.637126 0.565000 0.652096 0.536667 0.659281
2 0.615000 0.500000 0.595833 0.487425 0.567500 0.483832 0.538333 0.490419 0.533333 0.494611 0.529167 0.508982 0.522500 0.514371 0.512500 0.516168 0.477500 0.516766 0.468333 0.519162 0.370833 0.516766 0.360000 0.518563 0.335833 0.517365 0.320833 0.519760 0.313333 0.523952 0.310833 0.537126 0.311667 0.560479 0.316667 0.579641 0.330833 0.592814 0.350833 0.599401 0.406667 0.601796 0.418333 0.604192 0.461667 0.601198 0.528333 0.605389 0.539167 0.612575 0.535833 0.626347 0.548333 0.641916 0.559167 0.645509 0.595000 0.646707 0.619167 0.637725 0.629167 0.609581 0.626667 0.547305
0 0.120833 0.431737 0.123333 0.434132 0.117500 0.440719 0.116667 0.449701 0.123333 0.458683 0.136667 0.467066 0.143333 0.480838 0.138333 0.492216 0.144167 0.500000 0.171667 0.498802 0.178333 0.501796 0.185000 0.513174 0.192500 0.519760 0.210000 0.544910 0.221667 0.555090 0.225000 0.567066 0.241667 0.582635 0.258333 0.583234 0.283333 0.573653 0.285000 0.571856 0.284167 0.549701 0.263333 0.522754 0.265000 0.518563 0.258333 0.517365 0.255000 0.513772 0.253333 0.503593 0.256667 0.496407 0.248333 0.494611 0.245000 0.489820 0.231667 0.480240 0.231667 0.476048 0.242500 0.470060 0.248333 0.464671 0.248333 0.461677 0.244167 0.456287 0.231667 0.450898 0.227500 0.446108 0.215833 0.440120 0.215833 0.427545 0.206667 0.414371 0.200833 0.411377 0.189167 0.413174 0.177500 0.419162 0.156667 0.423952 0.145000 0.431138 0.135000 0.434731 0.127500 0.435329
3 0.457500 0.567066 0.449167 0.574251 0.449167 0.578443 0.455000 0.580838 0.460833 0.580240 0.465833 0.582036 0.465000 0.586826 0.466667 0.592216 0.465833 0.595808 0.467500 0.613772 0.470000 0.624551 0.469167 0.627545 0.470833 0.634731 0.470833 0.649701 0.473333 0.653892 0.475833 0.655689 0.493333 0.655090 0.495833 0.653293 0.495000 0.652695 0.497500 0.649701 0.497500 0.635928 0.495833 0.628144 0.496667 0.622755 0.495000 0.620359 0.495000 0.614970 0.493333 0.611976 0.494167 0.604790 0.492500 0.602395 0.493333 0.591617 0.491667 0.583234 0.494167 0.580838 0.498333 0.580838 0.505000 0.579042 0.505833 0.572455 0.505000 0.570659 0.495000 0.567665 0.487500 0.568263 0.478333 0.567066
3 0.121667 0.531138 0.075000 0.547305 0.062500 0.560479 0.058333 0.574251 0.064167 0.606587 0.105833 0.700000 0.155000 0.842515 0.171667 0.868263 0.120000 0.902395 0.118333 0.916766 0.122500 0.933533 0.133333 0.944311 0.185833 0.960479 0.208333 0.958683 0.280000 0.943114 0.336667 0.922156 0.367500 0.902994 0.375833 0.885629 0.365833 0.862874 0.355833 0.853892 0.320000 0.840719 0.294167 0.840120 0.284167 0.831138 0.226667 0.671856 0.179167 0.559880 0.153333 0.533533
3 0.820000 0.543713 0.801667 0.530539 0.773333 0.518563 0.761667 0.517365 0.740833 0.526946 0.717500 0.543713 0.722500 0.568862 0.735000 0.584431 0.716667 0.601198 0.688333 0.608982 0.621667 0.650898 0.465000 0.724551 0.364167 0.780240 0.340833 0.803593 0.350000 0.831737 0.364167 0.846108 0.390000 0.859880 0.420833 0.865868 0.468333 0.854491 0.751667 0.710778 0.803333 0.679042 0.825833 0.679641 0.857500 0.703593 0.873333 0.705988 0.914167 0.686228 0.921667 0.676048 0.920000 0.656287 0.888333 0.614970
3 0.482500 0.303593 0.439167 0.323952 0.394167 0.350299 0.380833 0.362874 0.379167 0.370060 0.390833 0.383832 0.398333 0.388024 0.412500 0.385629 0.424167 0.380240 0.437500 0.383234 0.529167 0.462874 0.603333 0.537725 0.620000 0.549102 0.631667 0.549701 0.653333 0.541317 0.671667 0.529940 0.673333 0.520359 0.669167 0.511976 0.502500 0.344910 0.505833 0.337126 0.528333 0.324551 0.525833 0.315569 0.507500 0.299401
3 0.244167 0.823952 0.241667 0.832335 0.247500 0.837725 0.277500 0.847904 0.280000 0.847904 0.293333 0.852695 0.294167 0.853892 0.297500 0.853892 0.303333 0.856287 0.305833 0.856287 0.315000 0.860479 0.318333 0.860479 0.320833 0.862275 0.321667 0.861677 0.330000 0.865269 0.333333 0.865269 0.338333 0.867066 0.338333 0.880240 0.344167 0.884431 0.351667 0.885030 0.359167 0.881437 0.365833 0.874251 0.372500 0.862275 0.375000 0.861078 0.374167 0.858683 0.376667 0.855689 0.375833 0.844910 0.366667 0.841317 0.360000 0.842515 0.352500 0.849102 0.349167 0.849701 0.339167 0.844910 0.325000 0.841317 0.310000 0.835329 0.307500 0.835329 0.296667 0.831138 0.294167 0.831138 0.291667 0.829341 0.286667 0.828743 0.284167 0.826946 0.270833 0.822755 0.265833 0.822156 0.263333 0.820359 0.254167 0.819162 0.251667 0.820359 0.250833 0.819761 0.247500 0.820958
0 0.674167 0.579641 0.650000 0.591018 0.639167 0.600599 0.648333 0.628743 0.659167 0.640719 0.669167 0.645509 0.673333 0.652096 0.709167 0.679641 0.710000 0.682635 0.702500 0.690419 0.716667 0.697006 0.728333 0.697605 0.729167 0.700599 0.723333 0.708982 0.712500 0.717964 0.710000 0.723952 0.711667 0.729341 0.715000 0.732335 0.724167 0.734132 0.730833 0.741916 0.740833 0.741317 0.747500 0.743713 0.752500 0.759281 0.771667 0.777844 0.785000 0.777844 0.805000 0.766467 0.828333 0.757485 0.847500 0.744910 0.861667 0.740719 0.871667 0.724551 0.827500 0.695210 0.834167 0.680838 0.833333 0.671856 0.825000 0.668263 0.815000 0.668263 0.801667 0.672455 0.788333 0.673653 0.730833 0.616766 0.720000 0.611976 0.716667 0.604790 0.697500 0.585030 0.680833 0.578443
3 0.107500 0.355689 0.095000 0.366467 0.086667 0.382036 0.088333 0.394611 0.095000 0.404790 0.151667 0.438922 0.194167 0.459281 0.329167 0.534132 0.330833 0.538323 0.321667 0.570060 0.334167 0.581437 0.350000 0.588024 0.375833 0.587425 0.401667 0.579042 0.430833 0.553293 0.451667 0.524551 0.461667 0.497006 0.460000 0.483234 0.437500 0.470060 0.424167 0.467665 0.396667 0.470659 0.380833 0.478443 0.370833 0.477246 0.359167 0.468263 0.252500 0.408383 0.156667 0.359281 0.127500 0.350299 0.118333 0.350898
0 0.725833 0.647904 0.690833 0.663473 0.674167 0.674251 0.666667 0.681437 0.665000 0.686826 0.666667 0.694611 0.681667 0.707186 0.701667 0.709581 0.698333 0.717365 0.699167 0.726347 0.696667 0.732934 0.700833 0.741317 0.709167 0.744311 0.731667 0.742515 0.739167 0.746108 0.766667 0.770659 0.787500 0.796407 0.807500 0.815569 0.831667 0.823353 0.837500 0.822755 0.854167 0.810180 0.868333 0.804790 0.872500 0.795808 0.861667 0.786228 0.857500 0.777844 0.849167 0.772455 0.842500 0.761677 0.832500 0.754491 0.829167 0.741317 0.822500 0.735329 0.816667 0.722156 0.805000 0.711377 0.802500 0.692216 0.798333 0.685629 0.791667 0.681437 0.784167 0.667665 0.772500 0.659880 0.764167 0.650299 0.754167 0.644311 0.743333 0.643713
