3 0.399167 0.291018 0.393333 0.297605 0.385833 0.302994 0.386667 0.303593 0.375000 0.314970 0.375000 0.317365 0.370000 0.322755 0.370833 0.325150 0.368333 0.329341 0.367500 0.335928 0.375000 0.341916 0.385000 0.344311 0.400833 0.334132 0.404167 0.333533 0.430833 0.345509 0.431667 0.344910 0.447500 0.352096 0.451667 0.352695 0.457500 0.356287 0.470833 0.361078 0.476667 0.364671 0.480833 0.365269 0.513333 0.380240 0.516667 0.380240 0.523333 0.383234 0.530833 0.382635 0.535833 0.380838 0.540833 0.376647 0.545000 0.369461 0.544167 0.363473 0.538333 0.357485 0.537500 0.358084 0.523333 0.350299 0.520833 0.350299 0.487500 0.336527 0.481667 0.332934 0.465000 0.327545 0.456667 0.322755 0.455833 0.323353 0.450000 0.319760 0.429167 0.311377 0.422500 0.307186 0.422500 0.304192 0.425000 0.301198 0.424167 0.299401 0.427500 0.293413 0.420000 0.288623 0.414167 0.286228 0.408333 0.285629
0 0.630000 0.479042 0.624167 0.483234 0.620833 0.488623 0.621667 0.491018 0.644167 0.506587 0.645833 0.506587 0.655833 0.513772 0.657500 0.513772 0.668333 0.521557 0.665833 0.530539 0.667500 0.533533 0.666667 0.534132 0.670833 0.535928 0.672500 0.535329 0.680000 0.537126 0.695833 0.547305 0.700833 0.546108 0.705833 0.542515 0.707500 0.542515 0.726667 0.526347 0.725833 0.525748 0.727500 0.524551 0.727500 0.522754 0.715833 0.513772 0.715000 0.514371 0.711667 0.512575 0.710833 0.513174 0.707500 0.510778 0.707500 0.506587 0.705833 0.503593 0.701667 0.501198 0.699167 0.501198 0.696667 0.502395 0.692500 0.502395 0.689167 0.504192 0.685833 0.504192 0.676667 0.497605 0.675000 0.497605 0.664167 0.489820 0.662500 0.489820 0.645000 0.478443 0.636667 0.476647
3 0.491667 0.333533 0.487500 0.338922 0.467500 0.349102 0.455833 0.359880 0.457500 0.371257 0.517500 0.417365 0.656667 0.514371 0.661667 0.523353 0.645833 0.538922 0.642500 0.549102 0.660000 0.562874 0.668333 0.565868 0.677500 0.564671 0.704167 0.551497 0.756667 0.508383 0.775000 0.483832 0.774167 0.478443 0.754167 0.464072 0.745833 0.464072 0.712500 0.473054 0.700833 0.461677 0.692500 0.458683 0.684167 0.447904 0.667500 0.439521 0.664167 0.430539 0.655000 0.428144 0.644167 0.416168 0.634167 0.414970 0.624167 0.402395 0.601667 0.391018 0.550000 0.350299 0.530000 0.341317
0 0.410000 0.594012 0.400000 0.617964 0.398333 0.633533 0.387500 0.653293 0.387500 0.660479 0.390833 0.664072 0.419167 0.670060 0.426667 0.670060 0.432500 0.667665 0.456667 0.672455 0.466667 0.680239 0.477500 0.676647 0.490833 0.666467 0.498333 0.665269 0.526667 0.670659 0.557500 0.673653 0.595000 0.682036 0.613333 0.683832 0.630000 0.688623 0.641667 0.689820 0.649167 0.688024 0.653333 0.683832 0.661667 0.667665 0.664167 0.649102 0.655833 0.645509 0.590000 0.632934 0.511667 0.620958 0.508333 0.616766 0.508333 0.601198 0.505833 0.597605 0.497500 0.593413 0.481667 0.598802 0.470000 0.598802 0.435833 0.590419 0.420833 0.588623 0.415000 0.589222
2 0.380000 0.132934 0.365000 0.137725 0.352500 0.147904 0.340833 0.182635 0.348333 0.197605 0.386667 0.213174 0.394167 0.223952 0.375000 0.255689 0.356667 0.299401 0.324167 0.394012 0.334167 0.409581 0.368333 0.420958 0.423333 0.429940 0.455833 0.431138 0.465833 0.426347 0.481667 0.405389 0.488333 0.380838 0.524167 0.301796 0.534167 0.259281 0.540833 0.247305 0.550833 0.244311 0.585000 0.247305 0.603333 0.244910 0.625000 0.223952 0.632500 0.188024 0.622500 0.180240 0.557500 0.168862 0.497500 0.152096 0.408333 0.134132
3 0.105833 0.543114 0.074167 0.584431 0.083333 0.600000 0.114167 0.614371 0.403333 0.716168 0.413333 0.722156 0.415000 0.728144 0.404167 0.753892 0.409167 0.765269 0.438333 0.775449 0.451667 0.774252 0.461667 0.768862 0.481667 0.748503 0.524167 0.682635 0.535833 0.651497 0.531667 0.637126 0.492500 0.626946 0.470833 0.639521 0.442500 0.641317 0.430833 0.634132 0.411667 0.629341 0.386667 0.617964 0.375000 0.617964 0.365000 0.610180 0.287500 0.585629 0.185000 0.547904 0.134167 0.540719
3 0.646667 0.087425 0.599167 0.082635 0.573333 0.086228 0.554167 0.097605 0.523333 0.137725 0.488333 0.199401 0.383333 0.346108 0.368333 0.374850 0.336667 0.378443 0.299167 0.376647 0.274167 0.399401 0.270000 0.419162 0.298333 0.456287 0.309167 0.463473 0.363333 0.483832 0.443333 0.498204 0.490833 0.498204 0.511667 0.489222 0.527500 0.455689 0.496667 0.414970 0.496667 0.401796 0.582500 0.275449 0.664167 0.141916 0.670833 0.105389 0.665000 0.097006
2 0.640000 0.449102 0.578333 0.461677 0.484167 0.503593 0.457500 0.520958 0.445000 0.549701 0.454167 0.571257 0.476667 0.588024 0.485833 0.591617 0.527500 0.589222 0.540000 0.598802 0.572500 0.646108 0.586667 0.656886 0.595833 0.674251 0.605833 0.681437 0.611667 0.699401 0.629167 0.713772 0.634167 0.726347 0.644167 0.733533 0.661667 0.736527 0.677500 0.735329 0.718333 0.721557 0.740000 0.710778 0.748333 0.701796 0.749167 0.688024 0.741667 0.668862 0.729167 0.656287 0.701667 0.606587 0.685000 0.590419 0.658333 0.543713 0.656667 0.526347 0.660000 0.522754 0.695000 0.504790 0.695833 0.491617 0.690000 0.476048 0.668333 0.456287 0.658333 0.451497
3 0.314167 0.357485 0.271667 0.369461 0.210000 0.394611 0.191667 0.405988 0.188333 0.414371 0.206667 0.438922 0.220000 0.438922 0.241667 0.432335 0.255000 0.434132 0.284167 0.487425 0.322500 0.542515 0.361667 0.608982 0.380833 0.631737 0.397500 0.639521 0.408333 0.638323 0.454167 0.624551 0.457500 0.619760 0.457500 0.604790 0.353333 0.438323 0.328333 0.407186 0.332500 0.401796 0.354167 0.391617 0.360000 0.383234 0.345000 0.358683 0.334167 0.355689
3 0.849167 0.487425 0.835000 0.464072 0.823333 0.456287 0.792500 0.456287 0.768333 0.462874 0.765833 0.493413 0.757500 0.502994 0.706667 0.507784 0.592500 0.524551 0.581667 0.528742 0.475833 0.541916 0.423333 0.541916 0.411667 0.548503 0.400000 0.547904 0.388333 0.559281 0.379167 0.559880 0.387500 0.601198 0.399167 0.614371 0.417500 0.620958 0.456667 0.623353 0.543333 0.613772 0.665833 0.594611 0.730833 0.589222 0.774167 0.580838 0.787500 0.585629 0.795000 0.598802 0.805000 0.606587 0.848333 0.603593 0.861667 0.585030 0.863333 0.535928
1 0.920000 0.298802 0.900833 0.286826 0.867500 0.290419 0.832500 0.305988 0.220000 0.662874 0.169167 0.639521 0.133333 0.655689 0.123333 0.669461 0.134167 0.692216 0.181667 0.741916 0.248333 0.789820 0.272500 0.791617 0.310000 0.767665 0.301667 0.737126 0.915000 0.371856 0.931667 0.356287 0.939167 0.335329
3 0.282500 0.123952 0.242500 0.137725 0.231667 0.144910 0.223333 0.159281 0.234167 0.227545 0.265833 0.328144 0.288333 0.423353 0.302500 0.456287 0.298333 0.467066 0.253333 0.488623 0.249167 0.510180 0.260833 0.532934 0.292500 0.535928 0.315000 0.546707 0.373333 0.541317 0.443333 0.523952 0.494167 0.499401 0.501667 0.486826 0.495833 0.463473 0.486667 0.453892 0.428333 0.438323 0.420000 0.432335 0.379167 0.276647 0.338333 0.151497 0.321667 0.129940 0.305833 0.123952
2 0.833333 0.210180 0.815000 0.205988 0.762500 0.214970 0.728333 0.229341 0.628333 0.258683 0.575833 0.279042 0.561667 0.276647 0.555000 0.267665 0.535833 0.255689 0.514167 0.252096 0.475833 0.258683 0.446667 0.276048 0.438333 0.290419 0.451667 0.335928 0.495000 0.408383 0.506667 0.419760 0.523333 0.448503 0.540833 0.462874 0.573333 0.470659 0.592500 0.468263 0.624167 0.456886 0.637500 0.449102 0.646667 0.435329 0.640833 0.397006 0.646667 0.385629 0.674167 0.382036 0.743333 0.356287 0.757500 0.355689 0.867500 0.316766 0.886667 0.304192 0.891667 0.292814 0.888333 0.280240 0.874167 0.265269 0.873333 0.256886 0.857500 0.231138
1 0.135000 0.170659 0.113333 0.189820 0.128333 0.220359 0.520000 0.532934 0.585000 0.579042 0.586667 0.589820 0.566667 0.618563 0.574167 0.631138 0.589167 0.639521 0.603333 0.640120 0.643333 0.624551 0.726667 0.563473 0.735000 0.550898 0.726667 0.537725 0.705000 0.524551 0.666667 0.538323 0.653333 0.535928 0.459167 0.384431 0.435833 0.360479 0.217500 0.185030 0.190000 0.167665 0.164167 0.159880
