1 0.881667 0.402994 0.868333 0.391018 0.847500 0.384431 0.825000 0.389820 0.818333 0.395808 0.819167 0.416168 0.808333 0.423952 0.720000 0.444910 0.251667 0.538323 0.235000 0.543713 0.222500 0.553892 0.225000 0.579042 0.237500 0.592216 0.260000 0.595210 0.828333 0.480240 0.840833 0.482635 0.859167 0.502994 0.870833 0.505389 0.885833 0.501796 0.901667 0.492814 0.905833 0.471856
0 0.345833 0.292814 0.303333 0.300599 0.287500 0.314371 0.280000 0.335329 0.287500 0.352695 0.270833 0.371856 0.270833 0.377246 0.277500 0.395210 0.288333 0.405988 0.297500 0.409581 0.311667 0.420359 0.313333 0.443713 0.307500 0.490419 0.307500 0.522156 0.313333 0.533533 0.327500 0.541317 0.353333 0.543114 0.377500 0.536527 0.385833 0.528144 0.390833 0.501796 0.392500 0.446707 0.397500 0.414371 0.410000 0.410180 0.420000 0.409581 0.430000 0.403593 0.438333 0.381437 0.427500 0.359880 0.433333 0.331138 0.430833 0.319162 0.417500 0.305988 0.396667 0.299401
3 0.398333 0.594611 0.387500 0.616168 0.385833 0.628743 0.393333 0.637126 0.425833 0.646707 0.488333 0.654491 0.511667 0.659880 0.683333 0.683234 0.693333 0.690419 0.694167 0.716766 0.701667 0.719760 0.726667 0.722754 0.733333 0.720958 0.744167 0.710180 0.753333 0.691617 0.753333 0.679042 0.764167 0.634132 0.761667 0.608982 0.755833 0.602395 0.736667 0.598802 0.723333 0.600000 0.716667 0.603593 0.705833 0.618563 0.695000 0.623353 0.680833 0.619162 0.668333 0.619760 0.655833 0.614371 0.635833 0.613772 0.624167 0.607186 0.614167 0.608982 0.595833 0.602994 0.585833 0.603593 0.568333 0.599401 0.539167 0.599401 0.472500 0.586228 0.437500 0.585030
4 0.590000 0.556287 0.579167 0.552096 0.555833 0.554491 0.507500 0.569461 0.482500 0.569461 0.355000 0.600000 0.345000 0.599401 0.327500 0.574850 0.303333 0.563473 0.279167 0.567665 0.250833 0.577844 0.245833 0.586228 0.245833 0.602395 0.273333 0.668862 0.294167 0.703593 0.314167 0.727545 0.343333 0.745509 0.360000 0.746108 0.403333 0.734132 0.405833 0.729940 0.399167 0.707186 0.403333 0.692814 0.418333 0.692814 0.427500 0.689222 0.432500 0.681437 0.441667 0.678443 0.463333 0.677844 0.503333 0.662275 0.516667 0.662275 0.611667 0.637725 0.625833 0.630539 0.629167 0.626347 0.620000 0.602994 0.601667 0.569461
3 0.621667 0.302395 0.607500 0.312575 0.608333 0.313174 0.605833 0.316168 0.608333 0.319162 0.608333 0.321557 0.623333 0.330539 0.623333 0.331737 0.627500 0.333533 0.632500 0.337126 0.631667 0.337725 0.652500 0.351497 0.651667 0.352096 0.666667 0.362275 0.668333 0.365269 0.692500 0.382635 0.695833 0.387425 0.687500 0.395808 0.687500 0.399401 0.697500 0.405389 0.704167 0.405988 0.715000 0.398204 0.725833 0.392814 0.729167 0.389222 0.730833 0.389222 0.733333 0.386228 0.741667 0.380838 0.749167 0.372455 0.749167 0.367665 0.745833 0.364072 0.736667 0.359880 0.724167 0.365269 0.716667 0.363473 0.693333 0.346108 0.683333 0.340120 0.668333 0.328144 0.664167 0.326347 0.665000 0.325749 0.644167 0.310778 0.630000 0.302395
0 0.207500 0.452695 0.165000 0.476647 0.165833 0.494012 0.296667 0.617964 0.297500 0.625150 0.280000 0.649701 0.278333 0.659281 0.287500 0.663473 0.307500 0.665269 0.316667 0.674251 0.322500 0.691018 0.338333 0.704790 0.350833 0.710180 0.365833 0.708982 0.410000 0.682635 0.462500 0.644311 0.465833 0.628144 0.440000 0.606587 0.436667 0.590419 0.425833 0.583832 0.419167 0.573054 0.405000 0.570060 0.375000 0.576048 0.353333 0.565269 0.350833 0.556287 0.331667 0.534731 0.318333 0.527545 0.313333 0.518563 0.285833 0.495808 0.264167 0.462874 0.226667 0.450299
3 0.280833 0.374850 0.282500 0.391018 0.288333 0.397605 0.306667 0.405389 0.383333 0.419760 0.396667 0.419162 0.557500 0.440719 0.582500 0.449102 0.602500 0.450299 0.612500 0.456886 0.616667 0.476048 0.634167 0.483832 0.650833 0.486228 0.665833 0.482635 0.685833 0.461677 0.696667 0.440120 0.707500 0.400000 0.706667 0.373054 0.700000 0.359880 0.692500 0.352695 0.664167 0.346108 0.649167 0.350898 0.632500 0.375449 0.622500 0.381437 0.605000 0.376048 0.554167 0.371856 0.528333 0.366467 0.343333 0.343114 0.315833 0.345509 0.298333 0.352096 0.290833 0.357485
0 0.548333 0.629341 0.550000 0.641916 0.558333 0.650299 0.570833 0.655090 0.586667 0.656287 0.672500 0.676048 0.676667 0.679042 0.679167 0.689222 0.687500 0.701796 0.695000 0.705389 0.709167 0.705988 0.728333 0.698204 0.747500 0.695210 0.760000 0.705988 0.770000 0.708982 0.773333 0.711976 0.790000 0.712575 0.805000 0.706587 0.816667 0.697006 0.827500 0.675449 0.826667 0.650299 0.816667 0.637126 0.800833 0.631138 0.762500 0.630539 0.755833 0.626347 0.752500 0.618563 0.745833 0.614970 0.728333 0.613772 0.720833 0.615569 0.704167 0.624551 0.690833 0.628743 0.680833 0.625749 0.636667 0.619162 0.610833 0.611976 0.589167 0.608383 0.571667 0.608383 0.565833 0.609581 0.555833 0.616766
2 0.452500 0.320958 0.437500 0.323353 0.426667 0.330539 0.415000 0.350299 0.417500 0.362275 0.440000 0.376048 0.443333 0.384431 0.423333 0.404790 0.395833 0.444910 0.385833 0.455090 0.362500 0.492814 0.365000 0.503593 0.381667 0.513772 0.406667 0.523353 0.442500 0.531737 0.450833 0.530539 0.466667 0.517964 0.476667 0.501198 0.518333 0.447904 0.536667 0.416766 0.547500 0.413772 0.573333 0.420359 0.583333 0.419162 0.600833 0.407186 0.612500 0.385629 0.606667 0.377246 0.565833 0.363473 0.495833 0.333533 0.462500 0.322156
2 0.647500 0.459281 0.633333 0.456287 0.618333 0.458683 0.590000 0.474850 0.585000 0.486228 0.597500 0.508982 0.591667 0.518563 0.564167 0.528144 0.523333 0.547904 0.440833 0.592814 0.436667 0.605389 0.446667 0.620958 0.465000 0.639521 0.493333 0.659281 0.502500 0.659880 0.524167 0.653892 0.544167 0.641916 0.617500 0.607784 0.665000 0.580240 0.673333 0.582635 0.694167 0.598204 0.705833 0.600599 0.731667 0.594611 0.757500 0.577246 0.755833 0.568263 0.725833 0.540120 0.702500 0.510180 0.660833 0.468263
3 0.465000 0.256886 0.445000 0.255689 0.417500 0.271257 0.420000 0.283832 0.433333 0.302994 0.420000 0.314970 0.365000 0.339521 0.338333 0.356287 0.280833 0.378443 0.199167 0.417365 0.130000 0.461677 0.125000 0.468263 0.126667 0.478443 0.163333 0.510180 0.175833 0.512575 0.190000 0.510180 0.245000 0.487425 0.311667 0.451497 0.385833 0.419162 0.483333 0.369461 0.494167 0.370060 0.530833 0.395210 0.568333 0.377844 0.570000 0.367665 0.560000 0.350299 0.499167 0.282635
2 0.384167 0.616766 0.367500 0.635928 0.360000 0.661677 0.360000 0.683234 0.369167 0.692814 0.393333 0.698802 0.405833 0.698802 0.473333 0.710778 0.507500 0.720958 0.554167 0.728743 0.559167 0.735329 0.563333 0.756886 0.570000 0.764072 0.586667 0.774252 0.623333 0.779641 0.644167 0.776048 0.655833 0.767665 0.677500 0.735329 0.685833 0.711377 0.690000 0.682036 0.687500 0.644311 0.681667 0.635329 0.669167 0.627545 0.634167 0.619760 0.622500 0.620958 0.607500 0.625749 0.585000 0.643713 0.579167 0.644910 0.518333 0.635928 0.508333 0.632335 0.488333 0.631737 0.465833 0.625749 0.447500 0.624551 0.419167 0.615569 0.391667 0.613772
3 0.140833 0.499401 0.125000 0.537725 0.126667 0.547904 0.140000 0.558084 0.208333 0.578443 0.339167 0.608982 0.354167 0.615569 0.465833 0.640719 0.475833 0.647904 0.468333 0.671257 0.469167 0.682635 0.481667 0.689222 0.510833 0.694611 0.530833 0.683234 0.576667 0.598802 0.583333 0.562874 0.575000 0.551497 0.544167 0.545509 0.534167 0.546707 0.514167 0.570659 0.507500 0.573653 0.496667 0.573054 0.455000 0.560479 0.393333 0.547904 0.345833 0.532335 0.320833 0.528144 0.251667 0.508383 0.170833 0.494611
3 0.477500 0.164072 0.466667 0.165269 0.455833 0.171257 0.450000 0.189222 0.418333 0.261078 0.405000 0.309581 0.380000 0.367066 0.375833 0.390419 0.368333 0.396407 0.342500 0.392814 0.328333 0.394611 0.315833 0.415569 0.315000 0.423353 0.327500 0.433533 0.362500 0.446108 0.480833 0.467066 0.492500 0.465269 0.502500 0.436527 0.498333 0.432335 0.463333 0.418563 0.458333 0.411377 0.473333 0.382036 0.510833 0.277246 0.527500 0.242515 0.541667 0.195808 0.538333 0.182036 0.530000 0.176647 0.510833 0.169461
0 0.532500 0.420359 0.520833 0.429940 0.510000 0.445509 0.495000 0.456886 0.485000 0.476048 0.466667 0.488623 0.463333 0.500599 0.467500 0.506587 0.479167 0.512575 0.513333 0.519162 0.519167 0.525748 0.531667 0.531138 0.533333 0.541916 0.540000 0.550898 0.555000 0.552096 0.576667 0.540719 0.587500 0.538323 0.608333 0.549102 0.636667 0.559281 0.672500 0.577844 0.695833 0.585030 0.716667 0.599401 0.741667 0.607784 0.756667 0.605389 0.780000 0.584431 0.785833 0.576048 0.779167 0.563473 0.763333 0.547305 0.743333 0.536527 0.720833 0.528742 0.714167 0.523952 0.713333 0.518563 0.700833 0.519162 0.687500 0.507784 0.681667 0.498204 0.667500 0.497605 0.636667 0.491018 0.631667 0.484431 0.637500 0.476048 0.640833 0.462275 0.630833 0.452695 0.617500 0.451497 0.608333 0.454491 0.597500 0.450299 0.582500 0.450299 0.568333 0.432335 0.546667 0.420958
3 0.156667 0.437725 0.150833 0.469461 0.150833 0.518563 0.156667 0.536527 0.165000 0.545509 0.174167 0.548503 0.203333 0.547904 0.215833 0.520359 0.226667 0.514970 0.297500 0.518563 0.345833 0.517964 0.412500 0.522754 0.445833 0.520958 0.491667 0.524551 0.531667 0.523952 0.550000 0.518563 0.568333 0.503593 0.568333 0.488024 0.559167 0.471257 0.545833 0.464671 0.525833 0.460479 0.460000 0.455090 0.301667 0.452096 0.251667 0.446108 0.225833 0.447904 0.215833 0.434731 0.215000 0.422754 0.206667 0.416766 0.176667 0.415569 0.166667 0.419162
