3 0.694167 0.878443 0.689167 0.867665 0.680833 0.861078 0.642500 0.862275 0.637500 0.867665 0.635833 0.886826 0.632500 0.891617 0.623333 0.895210 0.551667 0.891018 0.337500 0.890419 0.316667 0.901198 0.311667 0.938323 0.316667 0.944910 0.341667 0.952096 0.581667 0.955090 0.630000 0.952096 0.635000 0.956287 0.638333 0.975449 0.645833 0.982036 0.682500 0.983234 0.690000 0.977844 0.696667 0.964072 0.699167 0.910778
3 0.471667 0.305389 0.457500 0.322156 0.453333 0.344910 0.457500 0.357485 0.475833 0.373653 0.618333 0.443713 0.670833 0.464072 0.736667 0.497006 0.780833 0.513174 0.787500 0.526946 0.770833 0.552096 0.774167 0.561677 0.809167 0.579042 0.817500 0.580240 0.840833 0.573653 0.925000 0.494012 0.943333 0.465868 0.947500 0.447904 0.944167 0.438922 0.900833 0.422754 0.873333 0.434731 0.861667 0.445509 0.841667 0.441317 0.821667 0.426347 0.755833 0.402395 0.617500 0.332934 0.535833 0.298204 0.500000 0.291018
1 0.514167 0.502994 0.498333 0.505389 0.495000 0.507784 0.495833 0.520958 0.511667 0.523952 0.514167 0.526347 0.500833 0.732335 0.509167 0.739521 0.526667 0.740120 0.535833 0.734731 0.538333 0.730539 0.546667 0.592814 0.551667 0.555689 0.550000 0.532335 0.555833 0.526347 0.570833 0.524551 0.574167 0.522156 0.573333 0.510180 0.561667 0.505988 0.520833 0.504790
2 0.893333 0.273653 0.887500 0.273653 0.882500 0.274850 0.880000 0.274251 0.868333 0.276048 0.867500 0.275449 0.864167 0.276647 0.856667 0.277246 0.841667 0.280838 0.833333 0.286826 0.834167 0.287425 0.832500 0.291617 0.835833 0.298802 0.841667 0.301796 0.849167 0.301796 0.853333 0.304790 0.853333 0.307186 0.859167 0.320958 0.858333 0.323353 0.862500 0.332335 0.861667 0.332934 0.863333 0.337725 0.867500 0.344910 0.878333 0.345509 0.892500 0.342515 0.897500 0.340719 0.900833 0.337126 0.900000 0.328743 0.896667 0.318563 0.897500 0.317964 0.895833 0.315569 0.890833 0.298204 0.892500 0.295808 0.900833 0.292216 0.903333 0.287425 0.900000 0.278443
1 0.710833 0.152695 0.654167 0.130539 0.627500 0.129940 0.616667 0.138323 0.608333 0.150898 0.635833 0.172455 0.635000 0.178443 0.314167 0.528144 0.309167 0.543114 0.316667 0.553293 0.350833 0.565868 0.365000 0.565269 0.385000 0.555689 0.705833 0.207784 0.739167 0.216168 0.752500 0.210180 0.765833 0.192814 0.757500 0.180240
0 0.755833 0.715569 0.705833 0.713772 0.692500 0.716168 0.652500 0.731737 0.635000 0.731138 0.625000 0.741317 0.600833 0.742515 0.588333 0.738323 0.548333 0.765868 0.537500 0.764072 0.528333 0.752695 0.513333 0.743114 0.499167 0.744910 0.485000 0.755689 0.481667 0.762275 0.471667 0.765868 0.462500 0.775449 0.455833 0.777246 0.430833 0.775449 0.399167 0.785629 0.390000 0.794012 0.393333 0.802994 0.408333 0.822755 0.415833 0.843713 0.433333 0.861078 0.437500 0.882036 0.449167 0.890419 0.467500 0.892814 0.490000 0.884431 0.509167 0.870659 0.531667 0.864671 0.542500 0.864671 0.562500 0.871856 0.570000 0.870659 0.580833 0.861677 0.580833 0.837725 0.585000 0.829940 0.693333 0.794012 0.710833 0.784431 0.734167 0.782036 0.765833 0.770060 0.775000 0.762874 0.777500 0.750299
3 0.135833 0.443114 0.117500 0.471856 0.118333 0.486826 0.135833 0.502994 0.150833 0.508982 0.169167 0.509581 0.196667 0.497006 0.219167 0.493413 0.318333 0.549102 0.331667 0.561078 0.345833 0.565868 0.388333 0.593413 0.416667 0.605389 0.499167 0.658084 0.530000 0.669461 0.552500 0.670060 0.580833 0.653293 0.604167 0.632335 0.599167 0.614371 0.556667 0.584431 0.490000 0.555090 0.413333 0.504790 0.364167 0.483234 0.345833 0.468263 0.315000 0.452695 0.298333 0.429341 0.312500 0.395210 0.307500 0.385629 0.290833 0.374251 0.257500 0.371856 0.230000 0.378443 0.203333 0.399401 0.175833 0.410778
4 0.243333 0.488024 0.229167 0.487425 0.215833 0.493413 0.192500 0.512575 0.190833 0.515569 0.195000 0.523353 0.210000 0.539521 0.206667 0.544311 0.208333 0.551497 0.116667 0.629341 0.108333 0.641317 0.108333 0.647904 0.118333 0.653892 0.130833 0.665868 0.152500 0.677844 0.169167 0.683832 0.179167 0.684431 0.190833 0.682036 0.204167 0.673653 0.210000 0.665269 0.223333 0.654491 0.230833 0.651497 0.273333 0.605988 0.286667 0.595808 0.296667 0.592814 0.327500 0.600599 0.339167 0.598802 0.368333 0.582036 0.375833 0.573653 0.375833 0.568862 0.360833 0.549701 0.326667 0.524551 0.275000 0.497006
4 0.515000 0.576647 0.506667 0.614970 0.506667 0.655090 0.511667 0.683832 0.520833 0.705389 0.536667 0.726347 0.552500 0.734132 0.570000 0.737126 0.621667 0.735329 0.640000 0.719760 0.651667 0.691018 0.661667 0.686826 0.685000 0.689820 0.722500 0.686228 0.783333 0.686826 0.849167 0.684431 0.879167 0.679042 0.902500 0.665269 0.915000 0.637725 0.911667 0.608982 0.903333 0.595210 0.894167 0.590419 0.860833 0.586228 0.830833 0.577246 0.754167 0.582635 0.670833 0.581437 0.650833 0.573653 0.645833 0.561078 0.622500 0.545509 0.600833 0.537725 0.550000 0.537725 0.539167 0.541916
3 0.515000 0.573054 0.496667 0.566467 0.469167 0.571257 0.423333 0.599401 0.275833 0.725150 0.226667 0.757485 0.216667 0.772455 0.190000 0.793413 0.174167 0.796407 0.135000 0.785629 0.098333 0.813174 0.098333 0.827545 0.119167 0.852096 0.167500 0.892216 0.205833 0.913174 0.255000 0.931737 0.285833 0.925749 0.312500 0.898802 0.285000 0.865269 0.283333 0.851497 0.343333 0.807186 0.348333 0.797605 0.495000 0.676647 0.547500 0.645509 0.548333 0.632934 0.558333 0.625749 0.557500 0.611976 0.567500 0.605389
3 0.591667 0.525748 0.585000 0.525748 0.579167 0.530539 0.572500 0.547904 0.573333 0.549701 0.569167 0.556886 0.569167 0.561078 0.566667 0.563473 0.559167 0.582036 0.552500 0.592814 0.553333 0.594611 0.550000 0.599401 0.541667 0.620958 0.541667 0.624551 0.538333 0.626946 0.523333 0.626347 0.519167 0.627545 0.514167 0.637725 0.515000 0.641317 0.527500 0.646108 0.533333 0.646108 0.536667 0.647904 0.564167 0.652695 0.566667 0.652096 0.576667 0.654491 0.591667 0.652695 0.595833 0.644910 0.595000 0.643114 0.596667 0.640719 0.591667 0.637725 0.581667 0.635329 0.580000 0.631737 0.600000 0.579042 0.598333 0.577246 0.613333 0.537126 0.611667 0.531737 0.609167 0.529940
1 0.290833 0.271257 0.267500 0.286228 0.265000 0.304192 0.406667 0.614371 0.521667 0.840120 0.519167 0.858683 0.483333 0.884431 0.486667 0.911377 0.498333 0.917365 0.527500 0.918563 0.616667 0.901796 0.670833 0.883832 0.700833 0.867665 0.695000 0.841317 0.681667 0.828144 0.630833 0.829940 0.615833 0.811377 0.367500 0.287425 0.340000 0.265868
3 0.300000 0.438323 0.285833 0.468862 0.283333 0.496407 0.295833 0.510180 0.317500 0.520958 0.700833 0.610778 0.710833 0.620359 0.709167 0.647305 0.715000 0.656287 0.755000 0.667665 0.780833 0.664671 0.799167 0.652096 0.810833 0.637725 0.843333 0.569461 0.851667 0.528742 0.846667 0.501198 0.830000 0.491617 0.790833 0.486826 0.760833 0.498802 0.746667 0.514970 0.730000 0.516168 0.688333 0.504192 0.372500 0.436527 0.315000 0.430539
0 0.675833 0.282036 0.649167 0.305988 0.630000 0.329341 0.623333 0.344910 0.627500 0.358084 0.644167 0.366467 0.667500 0.365269 0.675000 0.367066 0.684167 0.377844 0.685000 0.385629 0.690000 0.392814 0.704167 0.394611 0.732500 0.379042 0.736667 0.383234 0.826667 0.421557 0.850833 0.434132 0.866667 0.440120 0.874167 0.439521 0.881667 0.435928 0.903333 0.410778 0.902500 0.402994 0.898333 0.398802 0.805833 0.356886 0.772500 0.338922 0.769167 0.335329 0.769167 0.330539 0.775000 0.314371 0.773333 0.309581 0.759167 0.303593 0.738333 0.308982 0.725833 0.297605 0.720833 0.289222 0.700000 0.279042 0.689167 0.277844
0 0.550000 0.300000 0.527500 0.308982 0.482500 0.338323 0.470000 0.355090 0.480000 0.370659 0.498333 0.380838 0.499167 0.393413 0.505833 0.401198 0.523333 0.407186 0.538333 0.405389 0.546667 0.407186 0.562500 0.419760 0.590000 0.462874 0.616667 0.491617 0.630000 0.501796 0.646667 0.510180 0.669167 0.513174 0.681667 0.510180 0.690000 0.504790 0.710000 0.498204 0.716667 0.485629 0.706667 0.470060 0.691667 0.458084 0.612500 0.374251 0.613333 0.364671 0.625833 0.356886 0.631667 0.344311 0.610000 0.335928 0.590000 0.334731 0.588333 0.327545 0.590833 0.314371 0.580000 0.301796 0.565833 0.297006
3 0.207500 0.459880 0.184167 0.481437 0.175000 0.497605 0.175000 0.510180 0.195833 0.531138 0.213333 0.533533 0.256667 0.519162 0.266667 0.520359 0.280833 0.537126 0.320833 0.566467 0.384167 0.623353 0.483333 0.703593 0.507500 0.714371 0.530000 0.717365 0.545833 0.715569 0.573333 0.703593 0.585000 0.685629 0.576667 0.664671 0.523333 0.612575 0.411667 0.523353 0.380833 0.494611 0.372500 0.480240 0.355000 0.467665 0.353333 0.456886 0.369167 0.437725 0.360833 0.421557 0.346667 0.409581 0.330000 0.406587 0.290833 0.414970 0.260833 0.428144
