0 0.363333 0.161677 0.339167 0.159281 0.328333 0.162874 0.308333 0.182635 0.270000 0.243114 0.259167 0.247904 0.237500 0.248503 0.230000 0.250898 0.214167 0.262874 0.210833 0.271856 0.210000 0.294012 0.190833 0.315569 0.185833 0.335928 0.191667 0.346108 0.207500 0.358084 0.234167 0.370060 0.260000 0.375449 0.278333 0.375449 0.288333 0.373054 0.300000 0.364671 0.310000 0.352096 0.316667 0.332934 0.339167 0.323353 0.350000 0.311976 0.352500 0.301198 0.350833 0.289222 0.340833 0.277246 0.335833 0.266467 0.379167 0.201796 0.385000 0.185629 0.384167 0.176048 0.380833 0.170659
3 0.162500 0.205389 0.154167 0.236527 0.144167 0.253293 0.130833 0.325150 0.132500 0.346108 0.144167 0.359880 0.199167 0.366467 0.209167 0.359281 0.218333 0.332934 0.234167 0.321557 0.343333 0.343713 0.468333 0.360479 0.610000 0.386228 0.659167 0.390419 0.688333 0.382635 0.695833 0.373054 0.714167 0.324551 0.712500 0.318563 0.685000 0.302395 0.324167 0.243114 0.255000 0.237126 0.250000 0.231138 0.252500 0.201198 0.245833 0.191617 0.190833 0.180838 0.175833 0.188623
3 0.927500 0.698802 0.884167 0.690419 0.873333 0.692814 0.865000 0.698204 0.827500 0.758683 0.760000 0.885030 0.750000 0.891617 0.714167 0.888623 0.701667 0.899401 0.696667 0.915569 0.699167 0.923952 0.706667 0.928743 0.745000 0.944311 0.773333 0.951497 0.821667 0.956886 0.840000 0.956287 0.848333 0.953892 0.855833 0.947305 0.860000 0.928144 0.855000 0.911377 0.860000 0.891617 0.876667 0.856886 0.880000 0.842515 0.886667 0.834132 0.888333 0.820958 0.899167 0.807186 0.913333 0.771856 0.932500 0.741317 0.935833 0.708982 0.932500 0.701796
3 0.352500 0.265868 0.317500 0.279042 0.270833 0.304790 0.233333 0.332335 0.228333 0.341916 0.230833 0.355090 0.250833 0.375449 0.289167 0.393413 0.317500 0.419760 0.358333 0.474252 0.378333 0.492216 0.382500 0.504192 0.404167 0.522754 0.413333 0.543713 0.453333 0.591018 0.486667 0.645509 0.530833 0.679641 0.557500 0.685629 0.620000 0.657485 0.630000 0.637126 0.620833 0.614371 0.596667 0.583234 0.571667 0.537725 0.435833 0.339521 0.435833 0.326946 0.480833 0.298802 0.475833 0.276048 0.447500 0.250898 0.435000 0.247904
2 0.532500 0.405389 0.449167 0.421557 0.408333 0.434132 0.381667 0.462874 0.381667 0.483832 0.397500 0.511976 0.407500 0.540120 0.406667 0.555689 0.439167 0.633533 0.451667 0.697006 0.436667 0.711377 0.390000 0.720359 0.376667 0.733533 0.375000 0.749102 0.388333 0.786826 0.415833 0.808383 0.430833 0.811976 0.480833 0.808982 0.534167 0.800000 0.660000 0.768263 0.720000 0.746707 0.746667 0.714371 0.741667 0.679641 0.725833 0.658084 0.700000 0.646108 0.665000 0.648503 0.651667 0.641317 0.630000 0.595808 0.615000 0.580838 0.595000 0.512575 0.580000 0.494012 0.578333 0.477246 0.563333 0.449701 0.561667 0.431138 0.545000 0.410778
0 0.801667 0.567665 0.777500 0.561078 0.765833 0.561078 0.755000 0.564072 0.733333 0.581437 0.732500 0.587425 0.726667 0.592814 0.705000 0.595808 0.692500 0.604790 0.690000 0.621557 0.696667 0.636527 0.702500 0.642515 0.700000 0.648503 0.618333 0.722156 0.599167 0.743713 0.599167 0.755689 0.613333 0.768263 0.629167 0.777246 0.645833 0.779042 0.660833 0.775449 0.681667 0.760479 0.689167 0.750898 0.706667 0.737126 0.708333 0.732934 0.759167 0.688623 0.771667 0.686228 0.783333 0.689222 0.808333 0.687425 0.821667 0.679641 0.825833 0.673653 0.828333 0.656287 0.841667 0.646707 0.854167 0.629940 0.856667 0.619760 0.855000 0.607784 0.842500 0.594012
2 0.330000 0.586826 0.287500 0.627545 0.262500 0.666467 0.247500 0.702994 0.236667 0.765269 0.240000 0.776048 0.259167 0.793413 0.305833 0.810180 0.324167 0.810180 0.352500 0.804192 0.385833 0.784431 0.395833 0.783832 0.584167 0.840120 0.619167 0.857485 0.660000 0.867066 0.672500 0.864072 0.705000 0.838323 0.725000 0.804192 0.734167 0.767665 0.724167 0.753892 0.694167 0.741317 0.672500 0.737725 0.579167 0.707186 0.531667 0.685030 0.464167 0.664671 0.460000 0.652096 0.462500 0.620958 0.452500 0.605988 0.434167 0.591018 0.383333 0.576048 0.352500 0.576048
1 0.455833 0.567665 0.445833 0.570659 0.446667 0.579042 0.456667 0.580838 0.459167 0.583234 0.459167 0.714970 0.460833 0.719162 0.464167 0.721557 0.476667 0.722156 0.483333 0.717365 0.484167 0.708982 0.484167 0.597605 0.482500 0.585629 0.486667 0.581437 0.495833 0.579641 0.498333 0.577246 0.496667 0.570659 0.489167 0.568263
3 0.698333 0.235928 0.685000 0.242515 0.692500 0.271257 0.702500 0.274251 0.740833 0.276048 0.748333 0.280838 0.765000 0.368263 0.800000 0.500599 0.811667 0.513174 0.821667 0.515569 0.850000 0.516168 0.875000 0.511976 0.886667 0.506587 0.893333 0.494012 0.885833 0.471257 0.873333 0.402994 0.855833 0.352096 0.844167 0.292216 0.835833 0.276048 0.839167 0.266467 0.865833 0.262275 0.875833 0.256886 0.872500 0.228144 0.867500 0.223353 0.855833 0.220958 0.820000 0.219760 0.782500 0.222754 0.765833 0.227545
4 0.421667 0.667066 0.385000 0.690419 0.365833 0.708383 0.360000 0.720958 0.362500 0.729341 0.370833 0.738922 0.380833 0.742515 0.410000 0.761078 0.416667 0.770659 0.449167 0.788623 0.475833 0.808982 0.485833 0.811976 0.489167 0.824551 0.477500 0.841317 0.476667 0.865269 0.480000 0.870659 0.505000 0.888623 0.519167 0.886826 0.545000 0.878443 0.568333 0.866467 0.624167 0.825749 0.645833 0.802994 0.654167 0.786826 0.653333 0.774850 0.630833 0.753892 0.614167 0.747904 0.570833 0.768263 0.562500 0.767665 0.540000 0.740120 0.508333 0.722156 0.503333 0.715569 0.460833 0.685629 0.455833 0.679641 0.430000 0.666467
0 0.453333 0.208982 0.425833 0.211976 0.381667 0.220359 0.371667 0.223353 0.364167 0.228743 0.365833 0.238323 0.370000 0.244910 0.370000 0.250299 0.366667 0.256287 0.369167 0.262874 0.368333 0.271856 0.373333 0.276647 0.384167 0.279042 0.394167 0.285030 0.390833 0.291617 0.394167 0.297605 0.389167 0.302395 0.395833 0.304790 0.395833 0.312575 0.400833 0.317365 0.400000 0.322755 0.403333 0.331737 0.401667 0.338922 0.405833 0.344311 0.407500 0.361078 0.411667 0.367066 0.421667 0.375449 0.432500 0.380240 0.465833 0.376647 0.471667 0.373054 0.474167 0.367665 0.465000 0.322156 0.460000 0.311377 0.460000 0.299401 0.455000 0.286826 0.452500 0.270060 0.460000 0.264671 0.472500 0.259880 0.477500 0.251497 0.463333 0.243114 0.461667 0.238323 0.466667 0.229940 0.465833 0.223353 0.460833 0.213174
1 0.301667 0.323952 0.200833 0.325150 0.190833 0.329341 0.188333 0.337725 0.190833 0.354491 0.220000 0.361677 0.226667 0.370659 0.223333 0.475449 0.213333 0.571856 0.208333 0.756886 0.215000 0.770659 0.239167 0.777844 0.265833 0.776048 0.278333 0.765269 0.282500 0.755090 0.297500 0.376647 0.305000 0.364671 0.337500 0.353293 0.342500 0.341317 0.336667 0.330539
3 0.704167 0.080240 0.668333 0.061677 0.657500 0.063473 0.640000 0.072455 0.637500 0.083832 0.644167 0.100599 0.638333 0.108982 0.609167 0.120359 0.420833 0.208383 0.410000 0.224551 0.410833 0.230539 0.418333 0.235928 0.424167 0.246108 0.437500 0.254491 0.460000 0.253293 0.474167 0.249701 0.561667 0.211377 0.621667 0.180838 0.673333 0.160479 0.684167 0.152695 0.690833 0.154491 0.711667 0.168263 0.720833 0.170060 0.744167 0.159880 0.748333 0.155689 0.745000 0.132934 0.729167 0.107784
0 0.359167 0.446108 0.273333 0.447904 0.237500 0.458683 0.229167 0.485030 0.236667 0.504192 0.220833 0.520359 0.220000 0.531737 0.230833 0.548503 0.249167 0.556287 0.256667 0.564671 0.254167 0.577844 0.257500 0.586826 0.234167 0.647904 0.228333 0.680239 0.227500 0.717365 0.234167 0.735329 0.252500 0.753293 0.261667 0.757485 0.320833 0.765868 0.340833 0.757485 0.349167 0.737725 0.348333 0.713174 0.357500 0.663473 0.360000 0.619760 0.365000 0.605988 0.365833 0.573653 0.380833 0.560479 0.401667 0.560479 0.425000 0.550898 0.412500 0.526946 0.392500 0.514970 0.395833 0.507784 0.420000 0.489820 0.423333 0.473054 0.419167 0.463473 0.409167 0.454491
3 0.785000 0.270659 0.745000 0.266467 0.703333 0.269461 0.692500 0.275449 0.686667 0.295210 0.691667 0.302395 0.712500 0.316168 0.717500 0.324551 0.697500 0.367066 0.649167 0.502395 0.650000 0.516168 0.656667 0.523353 0.679167 0.529341 0.700833 0.528144 0.718333 0.520359 0.740000 0.478443 0.762500 0.414970 0.788333 0.356287 0.793333 0.334132 0.801667 0.328743 0.830833 0.327545 0.845000 0.316766 0.848333 0.299401 0.837500 0.295210 0.823333 0.280240
0 0.434167 0.237126 0.416667 0.231138 0.405000 0.232934 0.376667 0.248503 0.340000 0.276647 0.295000 0.300599 0.285833 0.301796 0.260000 0.296407 0.249167 0.298204 0.237500 0.304790 0.235833 0.317964 0.230833 0.328144 0.214167 0.334731 0.198333 0.347904 0.181667 0.356886 0.177500 0.362874 0.178333 0.371257 0.187500 0.382036 0.190000 0.390419 0.222500 0.418563 0.244167 0.427545 0.264167 0.430539 0.283333 0.421557 0.297500 0.407784 0.319167 0.393413 0.325833 0.391617 0.339167 0.392216 0.353333 0.387425 0.360833 0.377246 0.361667 0.366467 0.355833 0.350898 0.363333 0.340719 0.392500 0.317964 0.445000 0.283234 0.456667 0.269461 0.458333 0.261677 0.455000 0.255090
3 0.098333 0.517964 0.082500 0.546108 0.084167 0.555689 0.095000 0.565868 0.120833 0.574850 0.135833 0.574850 0.167500 0.557485 0.183333 0.558683 0.210833 0.575449 0.234167 0.586228 0.248333 0.588623 0.340000 0.637126 0.378333 0.651497 0.452500 0.692216 0.484167 0.702395 0.502500 0.700000 0.540833 0.666467 0.542500 0.656886 0.536667 0.644910 0.490000 0.616766 0.453333 0.607784 0.381667 0.573653 0.362500 0.558683 0.330000 0.547904 0.285833 0.523353 0.264167 0.514970 0.241667 0.492216 0.251667 0.471856 0.252500 0.459281 0.230000 0.444311 0.213333 0.442515 0.184167 0.450898 0.156667 0.473054 0.139167 0.482036
3 0.180833 0.531138 0.145833 0.574251 0.123333 0.615569 0.121667 0.653293 0.131667 0.669461 0.162500 0.683234 0.180833 0.685629 0.247500 0.665269 0.333333 0.697006 0.484167 0.765269 0.634167 0.822156 0.664167 0.823353 0.685833 0.813772 0.707500 0.779641 0.685000 0.746707 0.613333 0.707186 0.310000 0.574251 0.315000 0.537725 0.310833 0.519760 0.273333 0.500000 0.257500 0.498204 0.221667 0.506587
4 0.635833 0.070060 0.583333 0.070659 0.532500 0.079641 0.518333 0.089222 0.515833 0.108982 0.520000 0.116766 0.520833 0.165868 0.534167 0.201796 0.538333 0.248503 0.536667 0.254491 0.523333 0.264072 0.495833 0.270060 0.480833 0.281437 0.473333 0.298204 0.475833 0.321557 0.483333 0.332335 0.523333 0.341317 0.614167 0.338922 0.701667 0.325749 0.726667 0.314970 0.740000 0.304790 0.744167 0.294012 0.740000 0.262275 0.735833 0.256287 0.715833 0.251497 0.685000 0.251497 0.675000 0.247305 0.676667 0.237725 0.670000 0.228144 0.670833 0.204790 0.663333 0.182036 0.653333 0.092814 0.645000 0.075449
2 0.795000 0.685629 0.777500 0.667066 0.763333 0.659281 0.740833 0.653892 0.720833 0.653892 0.687500 0.659880 0.532500 0.701198 0.510833 0.694012 0.494167 0.695210 0.480833 0.681437 0.461667 0.677245 0.430833 0.678443 0.396667 0.687425 0.370000 0.702994 0.355833 0.717964 0.351667 0.734132 0.348333 0.785629 0.377500 0.841916 0.410833 0.871257 0.425000 0.879641 0.451667 0.888024 0.492500 0.889820 0.533333 0.881437 0.551667 0.872455 0.570000 0.856886 0.591667 0.816168 0.761667 0.768862 0.784167 0.758084 0.799167 0.741317 0.804167 0.726946 0.803333 0.700000
3 0.511667 0.682036 0.497500 0.705389 0.488333 0.735329 0.488333 0.762275 0.495000 0.771257 0.513333 0.776647 0.526667 0.777246 0.547500 0.770060 0.560000 0.760479 0.567500 0.759880 0.779167 0.823353 0.810000 0.828743 0.822500 0.828144 0.835833 0.819162 0.843333 0.803593 0.843333 0.792814 0.838333 0.783832 0.829167 0.777246 0.802500 0.767066 0.732500 0.749102 0.610833 0.710180 0.588333 0.706587 0.581667 0.689222 0.580833 0.674850 0.576667 0.669461 0.551667 0.663473 0.540000 0.670659 0.517500 0.676048
0 0.100000 0.343114 0.058333 0.369461 0.041667 0.383832 0.037500 0.390419 0.039167 0.397006 0.051667 0.407784 0.071667 0.415569 0.070833 0.428144 0.074167 0.432335 0.085833 0.435928 0.107500 0.430539 0.115833 0.430539 0.121667 0.437126 0.155833 0.459880 0.188333 0.485629 0.205833 0.492216 0.217500 0.489222 0.237500 0.476048 0.239167 0.466467 0.216667 0.441916 0.206667 0.435928 0.187500 0.419760 0.157500 0.400000 0.157500 0.393413 0.164167 0.383832 0.162500 0.376048 0.156667 0.371856 0.137500 0.370060 0.132500 0.364671 0.133333 0.357485 0.116667 0.343713 0.110000 0.341916
